Number of Rows
--------------
1996
 
Hidden States
-------------
[14  9 14 ...  7  7  7]
 
Record of data hidden state
**********************************
No.     mean of X  -  mean of Y      #Number
-----------------------------------
mean of X
-----------------------------------
-6.84664653114
-6.84664653114
-6.84664653114
-6.84664653114
-6.84664653114
-6.84664653114
-6.84664653114
-6.84664653114
-6.84664653114
-6.84664653114
-6.84664653114
-6.84664653114
-6.84664653114
-6.84664653114
-6.84664653114
-6.84664653114
-6.55193900094
-6.55193900094
-6.55193900094
-6.55193900094
-6.55193900094
-6.55193900094
-6.55193900094
-6.55193900094
-6.55193900094
-6.55193900094
-6.55193900094
-6.55193900094
-6.55193900094
-6.55193900094
-6.55193900094
-6.55193900094
-6.07238365535
-6.07238365535
-6.07238365535
-6.07238365535
-6.07238365535
-6.07238365535
-6.07238365535
-6.07238365535
-6.07238365535
-6.07238365535
-6.07238365535
-6.07238365535
-6.07238365535
-6.07238365535
-6.07238365535
-6.07238365535
-6.69656035201
-6.69656035201
-6.69656035201
-6.69656035201
-6.69656035201
-6.69656035201
-6.69656035201
-6.69656035201
-6.69656035201
-6.69656035201
-6.69656035201
-6.69656035201
-6.69656035201
-6.69656035201
-6.69656035201
-6.69656035201
-6.54361609546
-6.54361609546
-6.54361609546
-6.54361609546
-6.54361609546
-6.54361609546
-6.54361609546
-6.54361609546
-6.54361609546
-6.54361609546
-6.54361609546
-6.54361609546
-6.54361609546
-6.54361609546
-6.54361609546
-6.54361609546
-6.69604563817
-6.69604563817
-6.69604563817
-6.69604563817
-6.69604563817
-6.69604563817
-6.69604563817
-6.69604563817
-6.69604563817
-6.69604563817
-6.69604563817
-6.69604563817
-6.69604563817
-6.69604563817
-6.69604563817
-6.69604563817
-6.75867191418
-6.75867191418
-6.75867191418
-6.75867191418
-6.75867191418
-6.75867191418
-6.75867191418
-6.75867191418
-6.75867191418
-6.75867191418
-6.75867191418
-6.75867191418
-6.75867191418
-6.75867191418
-6.75867191418
-6.75867191418
-6.61692516379
-6.61692516379
-6.61692516379
-6.61692516379
-6.61692516379
-6.61692516379
-6.61692516379
-6.61692516379
-6.61692516379
-6.61692516379
-6.61692516379
-6.61692516379
-6.61692516379
-6.61692516379
-6.61692516379
-6.61692516379
-6.45383811706
-6.45383811706
-6.45383811706
-6.45383811706
-6.45383811706
-6.45383811706
-6.45383811706
-6.45383811706
-6.45383811706
-6.45383811706
-6.45383811706
-6.45383811706
-6.45383811706
-6.45383811706
-6.45383811706
-6.45383811706
-6.66993249816
-6.66993249816
-6.66993249816
-6.66993249816
-6.66993249816
-6.66993249816
-6.66993249816
-6.66993249816
-6.66993249816
-6.66993249816
-6.66993249816
-6.66993249816
-6.66993249816
-6.66993249816
-6.66993249816
-6.66993249816
-6.59400855655
-6.59400855655
-6.59400855655
-6.59400855655
-6.59400855655
-6.59400855655
-6.59400855655
-6.59400855655
-6.59400855655
-6.59400855655
-6.59400855655
-6.59400855655
-6.59400855655
-6.59400855655
-6.59400855655
-6.59400855655
-6.70871364909
-6.70871364909
-6.70871364909
-6.70871364909
-6.70871364909
-6.70871364909
-6.70871364909
-6.70871364909
-6.70871364909
-6.70871364909
-6.70871364909
-6.70871364909
-6.70871364909
-6.70871364909
-6.70871364909
-6.70871364909
-6.15141865686
-6.15141865686
-6.15141865686
-6.15141865686
-6.15141865686
-6.15141865686
-6.15141865686
-6.15141865686
-6.15141865686
-6.15141865686
-6.15141865686
-6.15141865686
-6.15141865686
-6.15141865686
-6.15141865686
-6.15141865686
-6.86580287056
-6.86580287056
-6.86580287056
-6.86580287056
-6.86580287056
-6.86580287056
-6.86580287056
-6.86580287056
-6.86580287056
-6.86580287056
-6.86580287056
-6.86580287056
-6.86580287056
-6.86580287056
-6.86580287056
-6.86580287056
-6.5135653094
-6.5135653094
-6.5135653094
-6.5135653094
-6.5135653094
-6.5135653094
-6.5135653094
-6.5135653094
-6.5135653094
-6.5135653094
-6.5135653094
-6.5135653094
-6.5135653094
-6.5135653094
-6.5135653094
-6.5135653094
-6.34698469224
-6.34698469224
-6.34698469224
-6.34698469224
-6.34698469224
-6.34698469224
-6.34698469224
-6.34698469224
-6.34698469224
-6.34698469224
-6.34698469224
-6.34698469224
-6.34698469224
-6.34698469224
-6.34698469224
-6.34698469224
-----------------------------------
mean of Y
-6.84664653114
-6.55193900094
-6.07238365535
-6.69656035201
-6.54361609546
-6.69604563817
-6.75867191418
-6.61692516379
-6.45383811706
-6.66993249816
-6.59400855655
-6.70871364909
-6.15141865686
-6.86580287056
-6.5135653094
-6.34698469224
-6.84664653114
-6.55193900094
-6.07238365535
-6.69656035201
-6.54361609546
-6.69604563817
-6.75867191418
-6.61692516379
-6.45383811706
-6.66993249816
-6.59400855655
-6.70871364909
-6.15141865686
-6.86580287056
-6.5135653094
-6.34698469224
-6.84664653114
-6.55193900094
-6.07238365535
-6.69656035201
-6.54361609546
-6.69604563817
-6.75867191418
-6.61692516379
-6.45383811706
-6.66993249816
-6.59400855655
-6.70871364909
-6.15141865686
-6.86580287056
-6.5135653094
-6.34698469224
-6.84664653114
-6.55193900094
-6.07238365535
-6.69656035201
-6.54361609546
-6.69604563817
-6.75867191418
-6.61692516379
-6.45383811706
-6.66993249816
-6.59400855655
-6.70871364909
-6.15141865686
-6.86580287056
-6.5135653094
-6.34698469224
-6.84664653114
-6.55193900094
-6.07238365535
-6.69656035201
-6.54361609546
-6.69604563817
-6.75867191418
-6.61692516379
-6.45383811706
-6.66993249816
-6.59400855655
-6.70871364909
-6.15141865686
-6.86580287056
-6.5135653094
-6.34698469224
-6.84664653114
-6.55193900094
-6.07238365535
-6.69656035201
-6.54361609546
-6.69604563817
-6.75867191418
-6.61692516379
-6.45383811706
-6.66993249816
-6.59400855655
-6.70871364909
-6.15141865686
-6.86580287056
-6.5135653094
-6.34698469224
-6.84664653114
-6.55193900094
-6.07238365535
-6.69656035201
-6.54361609546
-6.69604563817
-6.75867191418
-6.61692516379
-6.45383811706
-6.66993249816
-6.59400855655
-6.70871364909
-6.15141865686
-6.86580287056
-6.5135653094
-6.34698469224
-6.84664653114
-6.55193900094
-6.07238365535
-6.69656035201
-6.54361609546
-6.69604563817
-6.75867191418
-6.61692516379
-6.45383811706
-6.66993249816
-6.59400855655
-6.70871364909
-6.15141865686
-6.86580287056
-6.5135653094
-6.34698469224
-6.84664653114
-6.55193900094
-6.07238365535
-6.69656035201
-6.54361609546
-6.69604563817
-6.75867191418
-6.61692516379
-6.45383811706
-6.66993249816
-6.59400855655
-6.70871364909
-6.15141865686
-6.86580287056
-6.5135653094
-6.34698469224
-6.84664653114
-6.55193900094
-6.07238365535
-6.69656035201
-6.54361609546
-6.69604563817
-6.75867191418
-6.61692516379
-6.45383811706
-6.66993249816
-6.59400855655
-6.70871364909
-6.15141865686
-6.86580287056
-6.5135653094
-6.34698469224
-6.84664653114
-6.55193900094
-6.07238365535
-6.69656035201
-6.54361609546
-6.69604563817
-6.75867191418
-6.61692516379
-6.45383811706
-6.66993249816
-6.59400855655
-6.70871364909
-6.15141865686
-6.86580287056
-6.5135653094
-6.34698469224
-6.84664653114
-6.55193900094
-6.07238365535
-6.69656035201
-6.54361609546
-6.69604563817
-6.75867191418
-6.61692516379
-6.45383811706
-6.66993249816
-6.59400855655
-6.70871364909
-6.15141865686
-6.86580287056
-6.5135653094
-6.34698469224
-6.84664653114
-6.55193900094
-6.07238365535
-6.69656035201
-6.54361609546
-6.69604563817
-6.75867191418
-6.61692516379
-6.45383811706
-6.66993249816
-6.59400855655
-6.70871364909
-6.15141865686
-6.86580287056
-6.5135653094
-6.34698469224
-6.84664653114
-6.55193900094
-6.07238365535
-6.69656035201
-6.54361609546
-6.69604563817
-6.75867191418
-6.61692516379
-6.45383811706
-6.66993249816
-6.59400855655
-6.70871364909
-6.15141865686
-6.86580287056
-6.5135653094
-6.34698469224
-6.84664653114
-6.55193900094
-6.07238365535
-6.69656035201
-6.54361609546
-6.69604563817
-6.75867191418
-6.61692516379
-6.45383811706
-6.66993249816
-6.59400855655
-6.70871364909
-6.15141865686
-6.86580287056
-6.5135653094
-6.34698469224
-6.84664653114
-6.55193900094
-6.07238365535
-6.69656035201
-6.54361609546
-6.69604563817
-6.75867191418
-6.61692516379
-6.45383811706
-6.66993249816
-6.59400855655
-6.70871364909
-6.15141865686
-6.86580287056
-6.5135653094
-6.34698469224
-----------------------------------
Number
170
0
0
0
0
4
6
0
0
0
0
0
0
0
0
0
0
0
0
0
0
0
0
0
0
0
11
15
0
0
0
0
0
0
0
0
0
0
5
0
0
0
1
8
0
0
0
0
0
0
0
0
0
33
1
0
0
8
0
0
1
39
0
0
0
0
3
2
129
0
0
0
8
2
0
0
0
0
13
2
0
25
0
0
0
1
0
0
0
0
1
45
0
0
0
0
9
0
0
0
0
0
246
0
3
0
0
2
0
0
0
0
0
0
0
0
0
0
0
397
9
0
10
0
0
0
4
0
0
0
0
0
30
0
2
0
142
0
0
0
0
3
0
0
0
0
0
0
0
0
0
24
0
0
0
0
0
0
28
11
0
1
8
0
0
34
0
0
3
0
22
0
0
11
6
0
0
0
0
30
0
0
0
0
0
0
40
42
0
0
0
0
0
0
0
0
0
0
0
0
2
1
0
0
51
0
0
2
0
0
3
50
0
0
0
0
0
0
0
0
0
20
0
0
1
0
0
0
0
0
0
0
0
51
0
0
0
0
30
0
0
0
0
0
0
0
0
0
10
1
0
0
4
0
0
119
 
Record of all hidden state
**********************************
No.     TIME Start  -  TIME End      VALUE           Hidden State {}th       Time domain
0      0.04463     -  0.04463      -6.5135653094        14               0.0
1      0.05037     -  0.05037      -6.66993249816        9               0.0
2      0.06037     -  0.06037      -6.5135653094        14               0.0
3      0.07033     -  0.07033      -6.66993249816        9               0.0
4      0.08032     -  0.08032      -6.5135653094        14               0.0
5      0.09045     -  0.09045      -6.66993249816        9               0.0
6      0.10037     -  0.17074      -6.61692516379        7               0.07037
7      0.18032     -  0.18032      -6.5135653094        14               0.0
8      0.19037     -  0.19037      -6.66993249816        9               0.0
9      0.20037     -  0.26032      -6.34698469224        15               0.05995
10      0.27032     -  0.38033      -6.45383811706        8               0.11001
11      0.39032     -  0.44032      -6.54361609546        4               0.05
12      0.45032     -  0.51036      -6.45383811706        8               0.06004
13      0.52032     -  0.55032      -6.54361609546        4               0.03
14      0.56127     -  0.63037      -6.45383811706        8               0.0691
15      0.64037     -  0.64037      -6.54361609546        4               0.0
16      0.65032     -  0.66032      -6.5135653094        14               0.01
17      0.67032     -  0.67032      -6.66993249816        9               0.0
18      0.68037     -  0.68037      -6.5135653094        14               0.0
19      0.69037     -  0.69037      -6.66993249816        9               0.0
20      0.70032     -  0.71032      -6.5135653094        14               0.01
21      0.72037     -  0.72037      -6.66993249816        9               0.0
22      0.73051     -  0.79037      -6.34698469224        15               0.05986
23      0.80033     -  0.85033      -6.45383811706        8               0.05
24      0.86033     -  0.86033      -6.54361609546        4               0.0
25      0.87037     -  0.87037      -6.66993249816        9               0.0
26      0.88037     -  0.90037      -6.5135653094        14               0.02
27      0.91032     -  0.91032      -6.66993249816        9               0.0
28      0.92073     -  0.92073      -6.5135653094        14               0.0
29      0.93033     -  0.93033      -6.66993249816        9               0.0
30      0.94033     -  1.05037      -6.34698469224        15               0.11004
31      1.06033     -  1.08033      -6.45383811706        8               0.02
32      1.09033     -  1.12037      -6.54361609546        4               0.03004
33      1.13037     -  1.13037      -6.5135653094        14               0.0
34      1.14033     -  1.14033      -6.66993249816        9               0.0
35      1.15037     -  1.22037      -6.61692516379        7               0.07
36      1.23058     -  1.26032      -6.45383811706        8               0.02974
37      1.27037     -  1.37036      -6.54361609546        4               0.09999
38      1.38036     -  1.38036      -6.5135653094        14               0.0
39      1.39082     -  1.39082      -6.66993249816        9               0.0
40      1.40037     -  1.42032      -6.5135653094        14               0.01995
41      1.43032     -  1.43032      -6.66993249816        9               0.0
42      1.44032     -  1.50037      -6.61692516379        7               0.06005
43      1.51035     -  1.51035      -6.59400855655        10               0.0
44      1.52035     -  1.52035      -6.07238365535        2               0.0
45      1.53037     -  1.53037      -6.70871364909        11               0.0
46      1.54032     -  1.54032      -6.59400855655        10               0.0
47      1.55037     -  1.55037      -6.07238365535        2               0.0
48      1.56032     -  1.57032      -6.70871364909        11               0.01
49      1.58033     -  1.58033      -6.59400855655        10               0.0
50      1.59032     -  1.59032      -6.5135653094        14               0.0
51      1.60033     -  1.60033      -6.66993249816        9               0.0
52      1.61037     -  1.64033      -6.61692516379        7               0.02996
53      1.65037     -  1.68037      -6.45383811706        8               0.03
54      1.69037     -  1.74033      -6.54361609546        4               0.04996
55      1.75036     -  2.02032      -6.34698469224        15               0.26996
56      2.03033     -  2.10033      -6.45383811706        8               0.07
57      2.11037     -  2.12033      -6.54361609546        4               0.00996
58      2.13037     -  2.13037      -6.5135653094        14               0.0
59      2.14037     -  2.14037      -6.66993249816        9               0.0
60      2.15037     -  2.16037      -6.5135653094        14               0.01
61      2.17037     -  2.17037      -6.66993249816        9               0.0
62      2.18037     -  2.18037      -6.5135653094        14               0.0
63      2.19037     -  2.19037      -6.66993249816        9               0.0
64      2.20033     -  2.28037      -6.34698469224        15               0.08004
65      2.29032     -  2.37032      -6.45383811706        8               0.08
66      2.38032     -  2.39032      -6.54361609546        4               0.01
67      2.40036     -  2.52032      -6.45383811706        8               0.11996
68      2.53037     -  2.62037      -6.54361609546        4               0.09
69      2.63032     -  2.63032      -6.07238365535        2               0.0
70      2.64037     -  2.64037      -6.70871364909        11               0.0
71      2.65037     -  2.67037      -6.59400855655        10               0.02
72      2.68037     -  2.69032      -6.5135653094        14               0.00995
73      2.70037     -  2.70037      -6.66993249816        9               0.0
74      2.71037     -  2.80037      -6.34698469224        15               0.09
75      2.81123     -  2.83039      -6.45383811706        8               0.01916
76      2.84037     -  2.98053      -6.75867191418        6               0.14016
77      2.99032     -  3.07036      -6.84664653114        0               0.08004
78      3.08036     -  3.08036      -6.69604563817        5               0.0
79      3.09043     -  3.09043      -6.55193900094        1               0.0
80      3.10032     -  3.10032      -6.59400855655        10               0.0
81      3.11032     -  3.11032      -6.69604563817        5               0.0
82      3.12037     -  3.12037      -6.70871364909        11               0.0
83      3.13037     -  3.13037      -6.59400855655        10               0.0
84      3.14037     -  3.14037      -6.86580287056        13               0.0
85      3.15032     -  3.15032      -6.69656035201        3               0.0
86      3.16032     -  3.17032      -6.86580287056        13               0.01
87      3.18037     -  3.18037      -6.07238365535        2               0.0
88      3.19032     -  3.33032      -6.75867191418        6               0.14
89      3.34037     -  3.42077      -6.84664653114        0               0.0804
90      3.43032     -  3.96037      -6.75867191418        6               0.53005
91      3.97032     -  4.08037      -6.45383811706        8               0.11005
92      4.0904     -  4.11037      -6.54361609546        4               0.01997
93      4.12032     -  4.18033      -6.45383811706        8               0.06001
94      4.19032     -  4.37036      -6.54361609546        4               0.18004
95      4.38032     -  4.38032      -6.5135653094        14               0.0
96      4.39037     -  4.39037      -6.66993249816        9               0.0
97      4.40037     -  4.44037      -6.61692516379        7               0.04
98      4.45174     -  4.49032      -6.45383811706        8               0.03858
99      4.50032     -  4.52037      -6.54361609546        4               0.02005
100      4.53032     -  4.55037      -6.5135653094        14               0.02005
101      4.56032     -  4.56032      -6.66993249816        9               0.0
102      4.57032     -  4.67032      -6.34698469224        15               0.1
103      4.68036     -  4.83037      -6.15141865686        12               0.15001
104      4.84042     -  4.90037      -6.45383811706        8               0.05995
105      4.91032     -  4.92032      -6.54361609546        4               0.01
106      4.93032     -  4.99032      -6.45383811706        8               0.06
107      5.00037     -  5.10037      -6.54361609546        4               0.1
108      5.1104     -  5.18037      -6.45383811706        8               0.06997
109      5.19032     -  5.22032      -6.54361609546        4               0.03
110      5.23032     -  5.23032      -6.5135653094        14               0.0
111      5.24032     -  5.24032      -6.66993249816        9               0.0
112      5.25032     -  5.26032      -6.61692516379        7               0.01
113      5.27032     -  5.33032      -6.45383811706        8               0.06
114      5.34044     -  5.35032      -6.54361609546        4               0.00988
115      5.36032     -  5.36032      -6.69656035201        3               0.0
116      5.37032     -  5.37032      -6.69604563817        5               0.0
117      5.38037     -  5.38037      -6.55193900094        1               0.0
118      5.39037     -  5.39037      -6.70871364909        11               0.0
119      5.40032     -  5.40032      -6.59400855655        10               0.0
120      5.41037     -  5.41037      -6.86580287056        13               0.0
121      5.42032     -  5.42032      -6.69656035201        3               0.0
122      5.43037     -  5.43037      -6.69604563817        5               0.0
123      5.44032     -  5.46037      -6.70871364909        11               0.02005
124      5.47036     -  5.47036      -6.59400855655        10               0.0
125      5.48054     -  5.50037      -6.5135653094        14               0.01983
126      5.51037     -  5.51037      -6.66993249816        9               0.0
127      5.52032     -  5.52032      -6.5135653094        14               0.0
128      5.53032     -  5.53032      -6.66993249816        9               0.0
129      5.54037     -  5.55037      -6.5135653094        14               0.01
130      5.56032     -  5.56032      -6.66993249816        9               0.0
131      5.57032     -  5.60037      -6.5135653094        14               0.03005
132      5.61032     -  5.61032      -6.66993249816        9               0.0
133      5.62037     -  5.87032      -6.61692516379        7               0.24995
134      5.88032     -  5.91032      -6.45383811706        8               0.03
135      5.92079     -  5.94041      -6.54361609546        4               0.01962
136      5.95037     -  5.95037      -6.5135653094        14               0.0
137      5.96032     -  5.96032      -6.66993249816        9               0.0
138      5.97037     -  6.11037      -6.61692516379        7               0.14
139      6.12032     -  6.13032      -6.45383811706        8               0.01
140      6.14065     -  6.17073      -6.54361609546        4               0.03008
141      6.18032     -  6.18032      -6.5135653094        14               0.0
142      6.19032     -  6.19032      -6.66993249816        9               0.0
143      6.20037     -  6.27037      -6.61692516379        7               0.07
144      6.28037     -  6.30032      -6.5135653094        14               0.01995
145      6.3113     -  6.3113      -6.66993249816        9               0.0
146      6.32036     -  6.33037      -6.5135653094        14               0.01001
147      6.34045     -  6.34045      -6.66993249816        9               0.0
148      6.35032     -  6.39036      -6.61692516379        7               0.04004
149      6.40035     -  6.40035      -6.59400855655        10               0.0
150      6.41036     -  6.41036      -6.69604563817        5               0.0
151      6.42092     -  6.42092      -6.70871364909        11               0.0
152      6.43033     -  6.43033      -6.69656035201        3               0.0
153      6.44032     -  6.44032      -6.86580287056        13               0.0
154      6.45033     -  6.45033      -6.69656035201        3               0.0
155      6.46036     -  6.46036      -6.86580287056        13               0.0
156      6.47033     -  6.47033      -6.69656035201        3               0.0
157      6.48032     -  6.48032      -6.66993249816        9               0.0
158      6.49038     -  6.89038      -6.61692516379        7               0.4
159      6.90033     -  6.90033      -6.59400855655        10               0.0
160      6.91033     -  6.91033      -6.69604563817        5               0.0
161      6.92037     -  6.93038      -6.70871364909        11               0.01001
162      6.94033     -  6.94033      -6.69656035201        3               0.0
163      6.95181     -  6.97036      -6.86580287056        13               0.01855
164      6.98058     -  6.98058      -6.69656035201        3               0.0
165      6.99037     -  6.99037      -6.66993249816        9               0.0
166      7.00032     -  7.12033      -6.61692516379        7               0.12001
167      7.13062     -  7.13062      -6.45383811706        8               0.0
168      7.14037     -  7.19032      -6.54361609546        4               0.04995
169      7.20173     -  7.26036      -6.45383811706        8               0.05863
170      7.27038     -  7.44033      -6.54361609546        4               0.16995
171      7.45036     -  7.45036      -6.5135653094        14               0.0
172      7.46038     -  7.46038      -6.66993249816        9               0.0
173      7.47036     -  7.47036      -6.5135653094        14               0.0
174      7.48038     -  7.48038      -6.66993249816        9               0.0
175      7.49031     -  7.52033      -6.61692516379        7               0.03002
176      7.53031     -  7.53031      -6.45383811706        8               0.0
177      7.54038     -  7.57036      -6.54361609546        4               0.02998
178      7.58034     -  7.58034      -6.5135653094        14               0.0
179      7.59039     -  7.59039      -6.66993249816        9               0.0
180      7.60037     -  7.60037      -6.5135653094        14               0.0
181      7.61033     -  7.61033      -6.66993249816        9               0.0
182      7.62036     -  7.63056      -6.5135653094        14               0.0102
183      7.64064     -  7.64064      -6.66993249816        9               0.0
184      7.65033     -  7.65033      -6.5135653094        14               0.0
185      7.66037     -  7.66037      -6.66993249816        9               0.0
186      7.67038     -  7.67038      -6.34698469224        15               0.0
187      7.68036     -  7.70175      -6.45383811706        8               0.02139
188      7.71037     -  7.74037      -6.54361609546        4               0.03
189      7.75033     -  7.75033      -6.5135653094        14               0.0
190      7.76032     -  7.76032      -6.66993249816        9               0.0
191      7.77054     -  7.83038      -6.61692516379        7               0.05984
192      7.84037     -  7.85038      -6.5135653094        14               0.01001
193      7.86036     -  7.86036      -6.66993249816        9               0.0
194      7.87033     -  7.88032      -6.5135653094        14               0.00999
195      7.89037     -  7.89037      -6.66993249816        9               0.0
196      7.90032     -  7.90032      -6.5135653094        14               0.0
197      7.91037     -  7.91037      -6.66993249816        9               0.0
198      7.92076     -  8.09038      -6.61692516379        7               0.16962
199      8.10036     -  8.10036      -6.59400855655        10               0.0
200      8.11033     -  8.11033      -6.69604563817        5               0.0
201      8.12036     -  8.14036      -6.70871364909        11               0.02
202      8.15033     -  8.15033      -6.69656035201        3               0.0
203      8.16036     -  8.16036      -6.86580287056        13               0.0
204      8.17037     -  8.17037      -6.69656035201        3               0.0
205      8.18032     -  8.18032      -6.69604563817        5               0.0
206      8.19033     -  8.20178      -6.70871364909        11               0.01145
207      8.21037     -  8.21037      -6.59400855655        10               0.0
208      8.22032     -  8.26036      -6.45383811706        8               0.04004
209      8.27036     -  8.30032      -6.54361609546        4               0.02996
210      8.31129     -  8.31129      -6.45383811706        8               0.0
211      8.32036     -  8.39032      -6.54361609546        4               0.06996
212      8.40032     -  8.40032      -6.5135653094        14               0.0
213      8.41037     -  8.41037      -6.66993249816        9               0.0
214      8.42032     -  8.42032      -6.5135653094        14               0.0
215      8.43037     -  8.43037      -6.66993249816        9               0.0
216      8.44036     -  9.56126      -6.61692516379        7               1.1209
217      9.57031     -  9.57031      -6.59400855655        10               0.0
218      9.58032     -  9.58032      -6.86580287056        13               0.0
219      9.5904     -  9.5904      -6.69656035201        3               0.0
220      9.60031     -  9.60031      -6.69604563817        5               0.0
221      9.61032     -  9.62036      -6.70871364909        11               0.01004
222      9.63032     -  9.63032      -6.69656035201        3               0.0
223      9.64032     -  9.64032      -6.66993249816        9               0.0
224      9.65031     -  9.65031      -6.5135653094        14               0.0
225      9.66037     -  9.66037      -6.66993249816        9               0.0
226      9.67077     -  9.94037      -6.61692516379        7               0.2696
227      9.95173     -  9.95173      -6.59400855655        10               0.0
228      9.96033     -  9.96033      -6.69604563817        5               0.0
229      9.97032     -  9.97032      -6.70871364909        11               0.0
230      9.98031     -  9.98031      -6.69656035201        3               0.0
231      9.99032     -  9.99032      -6.86580287056        13               0.0
232      10.00032     -  10.00032      -6.69656035201        3               0.0
233      10.01037     -  10.01037      -6.69604563817        5               0.0
234      10.02036     -  10.02036      -6.70871364909        11               0.0
235      10.03032     -  10.03032      -6.69656035201        3               0.0
236      10.0404     -  10.0404      -6.86580287056        13               0.0
237      10.05033     -  10.05033      -6.69656035201        3               0.0
238      10.06037     -  10.07037      -6.86580287056        13               0.01
239      10.08037     -  10.08037      -6.69656035201        3               0.0
240      10.09037     -  10.09037      -6.66993249816        9               0.0
241      10.10033     -  10.11037      -6.5135653094        14               0.01004
242      10.12037     -  10.12037      -6.66993249816        9               0.0
243      10.13037     -  10.24032      -6.61692516379        7               0.10995
244      10.25033     -  10.25033      -6.59400855655        10               0.0
245      10.26037     -  10.26037      -6.69604563817        5               0.0
246      10.27037     -  10.29037      -6.70871364909        11               0.02
247      10.30037     -  10.30037      -6.69656035201        3               0.0
248      10.31037     -  10.31037      -6.86580287056        13               0.0
249      10.32037     -  10.32037      -6.69656035201        3               0.0
250      10.33033     -  10.33033      -6.69604563817        5               0.0
251      10.34041     -  10.34041      -6.55193900094        1               0.0
252      10.35037     -  10.36037      -6.59400855655        10               0.01
253      10.37037     -  10.37037      -6.69604563817        5               0.0
254      10.38032     -  10.39037      -6.70871364909        11               0.01005
255      10.40033     -  10.40033      -6.59400855655        10               0.0
256      10.41032     -  10.41032      -6.86580287056        13               0.0
257      10.42079     -  10.42079      -6.69656035201        3               0.0
258      10.43031     -  10.43031      -6.86580287056        13               0.0
259      10.44037     -  10.44037      -6.69656035201        3               0.0
260      10.45178     -  10.45178      -6.66993249816        9               0.0
261      10.46031     -  10.52037      -6.34698469224        15               0.06006
262      10.53032     -  10.62032      -6.15141865686        12               0.09
263      10.63033     -  10.64045      -6.34698469224        15               0.01012
264      10.65037     -  10.73032      -6.15141865686        12               0.07995
265      10.74037     -  10.74037      -6.45383811706        8               0.0
266      10.75037     -  10.76037      -6.54361609546        4               0.01
267      10.77037     -  10.77037      -6.07238365535        2               0.0
268      10.78037     -  10.92077      -6.75867191418        6               0.1404
269      10.93037     -  10.93037      -6.70871364909        11               0.0
270      10.94033     -  10.95175      -6.59400855655        10               0.01142
271      10.96037     -  10.96037      -6.86580287056        13               0.0
272      10.97033     -  10.97033      -6.69656035201        3               0.0
273      10.98037     -  10.98037      -6.86580287056        13               0.0
274      10.99031     -  10.99031      -6.69656035201        3               0.0
275      11.00032     -  11.02037      -6.15141865686        12               0.02005
276      11.03032     -  11.03032      -6.66993249816        9               0.0
277      11.04032     -  11.05037      -6.5135653094        14               0.01005
278      11.06037     -  11.06037      -6.66993249816        9               0.0
279      11.07037     -  11.13037      -6.34698469224        15               0.06
280      11.14032     -  11.31037      -6.15141865686        12               0.17005
281      11.32037     -  11.38037      -6.34698469224        15               0.06
282      11.39057     -  11.39057      -6.66993249816        9               0.0
283      11.40032     -  11.46037      -6.61692516379        7               0.06005
284      11.47032     -  11.51037      -6.45383811706        8               0.04005
285      11.52032     -  11.53037      -6.86580287056        13               0.01005
286      11.54037     -  11.54037      -6.69656035201        3               0.0
287      11.55037     -  11.55037      -6.69604563817        5               0.0
288      11.56032     -  11.56032      -6.70871364909        11               0.0
289      11.57032     -  11.57032      -6.69656035201        3               0.0
290      11.58037     -  11.58037      -6.69604563817        5               0.0
291      11.5904     -  11.5904      -6.70871364909        11               0.0
292      11.60032     -  11.60032      -6.59400855655        10               0.0
293      11.61037     -  11.61037      -6.69604563817        5               0.0
294      11.62036     -  11.62036      -6.70871364909        11               0.0
295      11.63078     -  11.63078      -6.59400855655        10               0.0
296      11.64037     -  11.64037      -6.86580287056        13               0.0
297      11.65037     -  11.65037      -6.69656035201        3               0.0
298      11.66032     -  11.67079      -6.86580287056        13               0.01047
299      11.68033     -  11.68033      -6.69656035201        3               0.0
300      11.69032     -  11.69032      -6.69604563817        5               0.0
301      11.70178     -  11.70178      -6.55193900094        1               0.0
302      11.71037     -  11.71037      -6.70871364909        11               0.0
303      11.72032     -  11.72032      -6.69656035201        3               0.0
304      11.73032     -  11.73032      -6.69604563817        5               0.0
305      11.74032     -  11.74032      -6.55193900094        1               0.0
306      11.75032     -  11.76032      -6.59400855655        10               0.01
307      11.77037     -  11.77037      -6.69604563817        5               0.0
308      11.78037     -  11.78037      -6.70871364909        11               0.0
309      11.79037     -  11.79037      -6.59400855655        10               0.0
310      11.80032     -  11.80032      -6.07238365535        2               0.0
311      11.81128     -  11.81128      -6.70871364909        11               0.0
312      11.82033     -  11.82033      -6.69656035201        3               0.0
313      11.83037     -  11.83037      -6.86580287056        13               0.0
314      11.84042     -  11.84042      -6.69656035201        3               0.0
315      11.85033     -  11.85033      -6.69604563817        5               0.0
316      11.86037     -  11.86037      -6.70871364909        11               0.0
317      11.87032     -  11.87032      -6.69656035201        3               0.0
318      11.88032     -  11.88032      -6.69604563817        5               0.0
319      11.89033     -  11.89033      -6.70871364909        11               0.0
320      11.90032     -  11.90032      -6.59400855655        10               0.0
321      11.91037     -  11.91037      -6.69604563817        5               0.0
322      11.92037     -  11.92037      -6.55193900094        1               0.0
323      11.93032     -  11.93032      -6.59400855655        10               0.0
324      11.94037     -  11.94037      -6.69604563817        5               0.0
325      11.95176     -  11.95176      -6.55193900094        1               0.0
326      11.96033     -  11.96033      -6.70871364909        11               0.0
327      11.97033     -  11.97033      -6.69656035201        3               0.0
328      11.98033     -  11.98033      -6.86580287056        13               0.0
329      11.99033     -  11.99033      -6.69656035201        3               0.0
330      12.00033     -  12.00033      -6.69604563817        5               0.0
331      12.01033     -  12.01033      -6.70871364909        11               0.0
332      12.02033     -  12.02033      -6.59400855655        10               0.0
333      12.03037     -  12.03037      -6.69604563817        5               0.0
334      12.04037     -  12.04037      -6.55193900094        1               0.0
335      12.05033     -  12.08033      -6.70871364909        11               0.03
336      12.09033     -  12.11033      -6.59400855655        10               0.02
337      12.12033     -  12.12033      -6.69604563817        5               0.0
338      12.13037     -  12.13037      -6.70871364909        11               0.0
339      12.14037     -  12.14037      -6.59400855655        10               0.0
340      12.15037     -  12.15037      -6.69604563817        5               0.0
341      12.16055     -  12.16055      -6.70871364909        11               0.0
342      12.17075     -  12.17075      -6.69656035201        3               0.0
343      12.18031     -  12.18031      -6.86580287056        13               0.0
344      12.19033     -  12.19033      -6.69656035201        3               0.0
345      12.20175     -  12.20175      -6.69604563817        5               0.0
346      12.21031     -  12.23037      -6.70871364909        11               0.02006
347      12.24033     -  12.24033      -6.59400855655        10               0.0
348      12.25033     -  12.25033      -6.69604563817        5               0.0
349      12.26033     -  12.28037      -6.70871364909        11               0.02004
350      12.29033     -  12.29033      -6.69656035201        3               0.0
351      12.30037     -  12.30037      -6.86580287056        13               0.0
352      12.31125     -  12.31125      -6.69656035201        3               0.0
353      12.32037     -  12.32037      -6.69604563817        5               0.0
354      12.33032     -  12.34037      -6.70871364909        11               0.01005
355      12.35056     -  12.35056      -6.59400855655        10               0.0
356      12.36037     -  12.36037      -6.69604563817        5               0.0
357      12.37037     -  12.37037      -6.55193900094        1               0.0
358      12.38037     -  12.42075      -6.59400855655        10               0.04038
359      12.43036     -  12.43036      -6.69604563817        5               0.0
360      12.44037     -  12.44037      -6.55193900094        1               0.0
361      12.45174     -  12.45174      -6.70871364909        11               0.0
362      12.46037     -  12.46037      -6.69656035201        3               0.0
363      12.47037     -  12.48033      -6.86580287056        13               0.00996
364      12.49037     -  12.49037      -6.69656035201        3               0.0
365      12.50037     -  12.50037      -6.69604563817        5               0.0
366      12.51033     -  12.51033      -6.55193900094        1               0.0
367      12.52037     -  12.52037      -6.70871364909        11               0.0
368      12.53037     -  12.53037      -6.69656035201        3               0.0
369      12.54037     -  12.54037      -6.69604563817        5               0.0
370      12.55037     -  12.55037      -6.55193900094        1               0.0
371      12.56127     -  12.58037      -6.59400855655        10               0.0191
372      12.5904     -  12.5904      -6.86580287056        13               0.0
373      12.60033     -  12.60033      -6.69656035201        3               0.0
374      12.61037     -  12.61037      -6.86580287056        13               0.0
375      12.62041     -  12.62041      -6.69656035201        3               0.0
376      12.63032     -  12.63032      -6.86580287056        13               0.0
377      12.64033     -  12.64033      -6.69656035201        3               0.0
378      12.65033     -  12.97037      -6.75867191418        6               0.32004
379      12.98054     -  13.13032      -6.84664653114        0               0.14978
380      13.14036     -  13.14036      -6.69604563817        5               0.0
381      13.15037     -  13.16032      -6.70871364909        11               0.00995
382      13.17032     -  13.17032      -6.59400855655        10               0.0
383      13.18036     -  13.18036      -6.69604563817        5               0.0
384      13.19032     -  13.19032      -6.55193900094        1               0.0
385      13.20173     -  13.20173      -6.59400855655        10               0.0
386      13.21037     -  13.21037      -6.69604563817        5               0.0
387      13.22037     -  13.22037      -6.70871364909        11               0.0
388      13.23037     -  13.23037      -6.59400855655        10               0.0
389      13.24032     -  13.24032      -6.69604563817        5               0.0
390      13.25032     -  13.26031      -6.70871364909        11               0.00999
391      13.27036     -  13.27036      -6.59400855655        10               0.0
392      13.28082     -  13.28082      -6.86580287056        13               0.0
393      13.29033     -  13.29033      -6.07238365535        2               0.0
394      13.30033     -  13.31033      -6.70871364909        11               0.01
395      13.32037     -  13.32037      -6.69656035201        3               0.0
396      13.33033     -  13.33033      -6.86580287056        13               0.0
397      13.34047     -  13.34047      -6.69656035201        3               0.0
398      13.35037     -  13.36032      -6.86580287056        13               0.00995
399      13.37037     -  13.37037      -6.07238365535        2               0.0
400      13.38033     -  13.38033      -6.59400855655        10               0.0
401      13.39032     -  13.39032      -6.07238365535        2               0.0
402      13.40036     -  13.45032      -6.75867191418        6               0.04996
403      13.46037     -  13.53056      -6.84664653114        0               0.07019
404      13.54033     -  13.68032      -6.75867191418        6               0.13999
405      13.69046     -  13.71037      -6.45383811706        8               0.01991
406      13.72032     -  13.7306      -6.86580287056        13               0.01028
407      13.74033     -  13.74033      -6.69656035201        3               0.0
408      13.75033     -  13.76032      -6.86580287056        13               0.00999
409      13.77032     -  13.77032      -6.69656035201        3               0.0
410      13.78037     -  13.78037      -6.69604563817        5               0.0
411      13.79031     -  13.79031      -6.70871364909        11               0.0
412      13.80032     -  13.80032      -6.69656035201        3               0.0
413      13.81125     -  13.81125      -6.86580287056        13               0.0
414      13.82037     -  13.82037      -6.69656035201        3               0.0
415      13.83031     -  13.83031      -6.86580287056        13               0.0
416      13.84041     -  13.84041      -6.69656035201        3               0.0
417      13.85032     -  13.85032      -6.69604563817        5               0.0
418      13.86031     -  13.86031      -6.70871364909        11               0.0
419      13.87032     -  13.87032      -6.59400855655        10               0.0
420      13.88033     -  13.88033      -6.69604563817        5               0.0
421      13.89037     -  13.89037      -6.55193900094        1               0.0
422      13.90037     -  13.92037      -6.70871364909        11               0.02
423      13.93036     -  13.95037      -6.59400855655        10               0.02001
424      13.96037     -  13.96037      -6.69604563817        5               0.0
425      13.97037     -  13.97037      -6.55193900094        1               0.0
426      13.98037     -  13.98037      -6.70871364909        11               0.0
427      13.99037     -  13.99037      -6.69656035201        3               0.0
428      14.00037     -  14.00037      -6.86580287056        13               0.0
429      14.01036     -  14.01036      -6.69656035201        3               0.0
430      14.02037     -  14.02037      -6.69604563817        5               0.0
431      14.03033     -  14.05037      -6.70871364909        11               0.02004
432      14.06032     -  14.06032      -6.69656035201        3               0.0
433      14.07037     -  14.07037      -6.69604563817        5               0.0
434      14.08037     -  14.08037      -6.70871364909        11               0.0
435      14.09039     -  14.09039      -6.59400855655        10               0.0
436      14.10031     -  14.10031      -6.69604563817        5               0.0
437      14.11032     -  14.11032      -6.70871364909        11               0.0
438      14.12031     -  14.13035      -6.59400855655        10               0.01004
439      14.14066     -  14.15033      -6.5135653094        14               0.00967
440      14.16032     -  14.16032      -6.66993249816        9               0.0
441      14.17037     -  14.39037      -6.61692516379        7               0.22
442      14.40037     -  14.40037      -6.59400855655        10               0.0
443      14.41037     -  14.41037      -6.69604563817        5               0.0
444      14.42037     -  14.42037      -6.55193900094        1               0.0
445      14.43033     -  14.46041      -6.70871364909        11               0.03008
446      14.47037     -  14.47037      -6.69656035201        3               0.0
447      14.48033     -  14.49037      -6.86580287056        13               0.01004
448      14.50046     -  14.50046      -6.69656035201        3               0.0
449      14.51037     -  14.51037      -6.66993249816        9               0.0
450      14.52036     -  14.52036      -6.5135653094        14               0.0
451      14.53037     -  14.53037      -6.66993249816        9               0.0
452      14.54031     -  14.92037      -6.61692516379        7               0.38006
453      14.93037     -  14.93037      -6.59400855655        10               0.0
454      14.94037     -  14.96032      -6.86580287056        13               0.01995
455      14.97045     -  14.97045      -6.69656035201        3               0.0
456      14.98037     -  14.98037      -6.86580287056        13               0.0
457      14.99037     -  14.99037      -6.69656035201        3               0.0
458      15.00037     -  15.01036      -6.86580287056        13               0.00999
459      15.02033     -  15.02033      -6.69656035201        3               0.0
460      15.03032     -  15.03032      -6.69604563817        5               0.0
461      15.04032     -  15.06133      -6.70871364909        11               0.02101
462      15.07036     -  15.07036      -6.69656035201        3               0.0
463      15.08032     -  15.08032      -6.86580287056        13               0.0
464      15.09041     -  15.09041      -6.69656035201        3               0.0
465      15.10031     -  15.10031      -6.69604563817        5               0.0
466      15.11037     -  15.11037      -6.70871364909        11               0.0
467      15.12031     -  15.12031      -6.59400855655        10               0.0
468      15.13032     -  15.13032      -6.69604563817        5               0.0
469      15.14033     -  15.14033      -6.55193900094        1               0.0
470      15.15037     -  15.17037      -6.70871364909        11               0.02
471      15.18037     -  15.18037      -6.59400855655        10               0.0
472      15.19037     -  15.22037      -6.5135653094        14               0.03
473      15.23032     -  15.23032      -6.66993249816        9               0.0
474      15.24037     -  15.24037      -6.5135653094        14               0.0
475      15.25037     -  15.25037      -6.66993249816        9               0.0
476      15.26037     -  15.26037      -6.34698469224        15               0.0
477      15.27032     -  15.28037      -6.45383811706        8               0.01005
478      15.29037     -  15.29037      -6.54361609546        4               0.0
479      15.30033     -  15.30033      -6.66993249816        9               0.0
480      15.31037     -  15.38037      -6.61692516379        7               0.07
481      15.39037     -  15.39037      -6.59400855655        10               0.0
482      15.40037     -  15.40037      -6.69604563817        5               0.0
483      15.41045     -  15.41045      -6.59400855655        10               0.0
484      15.42037     -  15.42037      -6.07238365535        2               0.0
485      15.43036     -  15.43036      -6.70871364909        11               0.0
486      15.44033     -  15.44033      -6.69656035201        3               0.0
487      15.45178     -  15.45178      -6.69604563817        5               0.0
488      15.46037     -  15.46037      -6.70871364909        11               0.0
489      15.47032     -  15.47032      -6.59400855655        10               0.0
490      15.48056     -  15.48056      -6.86580287056        13               0.0
491      15.49036     -  15.49036      -6.69656035201        3               0.0
492      15.50037     -  15.50037      -6.86580287056        13               0.0
493      15.51036     -  15.51036      -6.69656035201        3               0.0
494      15.52033     -  15.52033      -6.69604563817        5               0.0
495      15.53032     -  15.53032      -6.55193900094        1               0.0
496      15.54037     -  15.54037      -6.70871364909        11               0.0
497      15.55032     -  15.56033      -6.59400855655        10               0.01001
498      15.57032     -  15.57032      -6.55193900094        1               0.0
499      15.58037     -  15.58037      -6.70871364909        11               0.0
500      15.59036     -  15.59036      -6.59400855655        10               0.0
501      15.60033     -  15.60033      -6.69604563817        5               0.0
502      15.61032     -  15.61032      -6.55193900094        1               0.0
503      15.62037     -  15.62037      -6.59400855655        10               0.0
504      15.63032     -  15.63032      -6.07238365535        2               0.0
505      15.64033     -  15.67032      -6.75867191418        6               0.02999
506      15.68033     -  15.70175      -6.84664653114        0               0.02142
507      15.71036     -  15.85036      -6.75867191418        6               0.14
508      15.86032     -  15.87032      -6.45383811706        8               0.01
509      15.88037     -  16.17037      -6.75867191418        6               0.29
510      16.18032     -  16.29037      -6.84664653114        0               0.11005
511      16.30036     -  16.30036      -6.69604563817        5               0.0
512      16.31037     -  16.31037      -6.70871364909        11               0.0
513      16.32032     -  16.33037      -6.59400855655        10               0.01005
514      16.34041     -  16.34041      -6.69604563817        5               0.0
515      16.35037     -  16.36032      -6.70871364909        11               0.00995
516      16.37033     -  16.37033      -6.69656035201        3               0.0
517      16.38032     -  16.38032      -6.86580287056        13               0.0
518      16.39033     -  16.39033      -6.69656035201        3               0.0
519      16.40032     -  16.40032      -6.86580287056        13               0.0
520      16.41033     -  16.41033      -6.69656035201        3               0.0
521      16.42032     -  16.42032      -6.69604563817        5               0.0
522      16.43033     -  16.43033      -6.70871364909        11               0.0
523      16.4406     -  16.4406      -6.59400855655        10               0.0
524      16.45174     -  16.45174      -6.69604563817        5               0.0
525      16.46036     -  16.46036      -6.70871364909        11               0.0
526      16.47033     -  16.47033      -6.59400855655        10               0.0
527      16.48059     -  16.49033      -6.45383811706        8               0.00974
528      16.50036     -  16.50036      -6.86580287056        13               0.0
529      16.51032     -  16.51032      -6.69656035201        3               0.0
530      16.52036     -  16.53033      -6.86580287056        13               0.00997
531      16.54036     -  16.54036      -6.69656035201        3               0.0
532      16.55033     -  16.55033      -6.69604563817        5               0.0
533      16.56036     -  16.56036      -6.70871364909        11               0.0
534      16.57037     -  16.57037      -6.69656035201        3               0.0
535      16.58036     -  16.60032      -6.86580287056        13               0.01996
536      16.61033     -  16.61033      -6.69656035201        3               0.0
537      16.62032     -  16.62032      -6.69604563817        5               0.0
538      16.63033     -  16.63033      -6.70871364909        11               0.0
539      16.64032     -  16.64032      -6.59400855655        10               0.0
540      16.65032     -  16.65032      -6.5135653094        14               0.0
541      16.66032     -  16.66032      -6.66993249816        9               0.0
542      16.67074     -  16.68036      -6.5135653094        14               0.00962
543      16.69032     -  16.69032      -6.66993249816        9               0.0
544      16.70177     -  16.70177      -6.5135653094        14               0.0
545      16.71031     -  16.71031      -6.66993249816        9               0.0
546      16.72037     -  16.85037      -6.34698469224        15               0.13
547      16.86032     -  16.86032      -6.45383811706        8               0.0
548      16.87032     -  16.93032      -6.54361609546        4               0.06
549      16.94033     -  17.04032      -6.34698469224        15               0.09999
550      17.05037     -  17.07032      -6.45383811706        8               0.01995
551      17.08032     -  17.13044      -6.54361609546        4               0.05012
552      17.14032     -  17.14032      -6.69656035201        3               0.0
553      17.15033     -  17.16037      -6.86580287056        13               0.01004
554      17.17081     -  17.17081      -6.69656035201        3               0.0
555      17.18033     -  17.18033      -6.69604563817        5               0.0
556      17.19037     -  17.19037      -6.55193900094        1               0.0
557      17.20175     -  17.22037      -6.59400855655        10               0.01862
558      17.23059     -  17.23059      -6.69604563817        5               0.0
559      17.24037     -  17.24037      -6.70871364909        11               0.0
560      17.25032     -  17.25032      -6.69656035201        3               0.0
561      17.26032     -  17.26032      -6.69604563817        5               0.0
562      17.27031     -  17.27031      -6.55193900094        1               0.0
563      17.28033     -  17.28033      -6.70871364909        11               0.0
564      17.29035     -  17.29035      -6.59400855655        10               0.0
565      17.30032     -  17.30032      -6.69604563817        5               0.0
566      17.31131     -  17.32032      -6.70871364909        11               0.00901
567      17.33032     -  17.33032      -6.59400855655        10               0.0
568      17.34041     -  17.34041      -6.07238365535        2               0.0
569      17.35037     -  17.60037      -6.75867191418        6               0.25
570      17.61037     -  17.95033      -6.84664653114        0               0.33996
571      17.96033     -  18.10037      -6.75867191418        6               0.14004
572      18.11037     -  18.20037      -6.84664653114        0               0.09
573      18.21037     -  18.29033      -6.75867191418        6               0.07996
574      18.30033     -  18.44037      -6.84664653114        0               0.14004
575      18.45037     -  18.52037      -6.75867191418        6               0.07
576      18.53037     -  18.53037      -6.70871364909        11               0.0
577      18.54036     -  18.54036      -6.69656035201        3               0.0
578      18.55033     -  18.56124      -6.86580287056        13               0.01091
579      18.57036     -  18.57036      -6.69656035201        3               0.0
580      18.58032     -  18.58032      -6.69604563817        5               0.0
581      18.59044     -  18.59044      -6.55193900094        1               0.0
582      18.60031     -  18.61037      -6.70871364909        11               0.01006
583      18.62036     -  18.62036      -6.69656035201        3               0.0
584      18.63037     -  18.63037      -6.69604563817        5               0.0
585      18.64057     -  18.64057      -6.55193900094        1               0.0
586      18.65033     -  18.65033      -6.70871364909        11               0.0
587      18.66033     -  18.66033      -6.59400855655        10               0.0
588      18.67037     -  18.68037      -6.86580287056        13               0.01
589      18.69037     -  18.69037      -6.69656035201        3               0.0
590      18.70037     -  18.70037      -6.69604563817        5               0.0
591      18.71032     -  18.73054      -6.70871364909        11               0.02022
592      18.74037     -  18.74037      -6.69656035201        3               0.0
593      18.75033     -  18.75033      -6.86580287056        13               0.0
594      18.76036     -  18.76036      -6.69656035201        3               0.0
595      18.77037     -  18.77037      -6.66993249816        9               0.0
596      18.78032     -  18.90032      -6.61692516379        7               0.12
597      18.91037     -  18.92075      -6.5135653094        14               0.01038
598      18.93037     -  18.93037      -6.66993249816        9               0.0
599      18.94037     -  18.94037      -6.5135653094        14               0.0
600      18.95037     -  19.57032      -6.84664653114        0               0.61995
601      19.58033     -  19.58033      -6.69604563817        5               0.0
602      19.59047     -  19.59047      -6.55193900094        1               0.0
603      19.60033     -  19.61037      -6.59400855655        10               0.01004
604      19.62037     -  19.63033      -6.69604563817        5               0.00996
605      19.64032     -  19.64032      -6.55193900094        1               0.0
606      19.65033     -  19.66037      -6.59400855655        10               0.01004
607      19.67103     -  19.67103      -6.69604563817        5               0.0
608      19.68037     -  19.68037      -6.70871364909        11               0.0
609      19.69037     -  19.69037      -6.59400855655        10               0.0
610      19.70179     -  19.70179      -6.69604563817        5               0.0
611      19.71031     -  19.72032      -6.70871364909        11               0.01001
612      19.73059     -  19.73059      -6.59400855655        10               0.0
613      19.74032     -  19.74032      -6.07238365535        2               0.0
614      19.75077     -  19.77037      -6.70871364909        11               0.0196
615      19.78032     -  19.78032      -6.59400855655        10               0.0
616      19.79037     -  19.82032      -6.45383811706        8               0.02995
617      19.83033     -  19.83033      -6.54361609546        4               0.0
618      19.84045     -  19.84045      -6.07238365535        2               0.0
619      19.85033     -  19.86032      -6.70871364909        11               0.00999
620      19.87037     -  19.87037      -6.69656035201        3               0.0
621      19.88036     -  19.88036      -6.86580287056        13               0.0
622      19.89037     -  19.89037      -6.69656035201        3               0.0
623      19.90032     -  19.90032      -6.86580287056        13               0.0
624      19.91032     -  19.91032      -6.69656035201        3               0.0
625      19.92032     -  19.92032      -6.66993249816        9               0.0
record of list pair of x_i,x_i+1
hidden_states original [14  9 14 ...  7  7  7]
x_i      [14, 9, 14, 9, 14, 9, 7, 7, 7, 7, 7, 7, 7, 7, 14, 9, 15, 15, 15, 15, 15, 15, 15, 8, 8, 8, 8, 8, 8, 8, 8, 8, 8, 8, 8, 4, 4, 4, 4, 4, 4, 8, 8, 8, 8, 8, 8, 8, 4, 4, 4, 4, 8, 8, 8, 8, 8, 8, 8, 8, 4, 14, 14, 9, 14, 9, 14, 14, 9, 15, 15, 15, 15, 15, 15, 15, 8, 8, 8, 8, 8, 8, 4, 9, 14, 14, 14, 9, 14, 9, 15, 15, 15, 15, 15, 15, 15, 15, 15, 15, 15, 15, 8, 8, 8, 4, 4, 4, 4, 14, 9, 7, 7, 7, 7, 7, 7, 7, 7, 8, 8, 8, 8, 4, 4, 4, 4, 4, 4, 4, 4, 4, 4, 4, 14, 9, 14, 14, 14, 9, 7, 7, 7, 7, 7, 7, 7, 10, 2, 11, 10, 2, 11, 11, 10, 14, 9, 7, 7, 7, 7, 8, 8, 8, 8, 4, 4, 4, 4, 4, 4, 15, 15, 15, 15, 15, 15, 15, 15, 15, 15, 15, 15, 15, 15, 15, 15, 15, 15, 15, 15, 15, 15, 15, 15, 15, 15, 15, 15, 8, 8, 8, 8, 8, 8, 8, 8, 4, 4, 14, 9, 14, 14, 9, 14, 9, 15, 15, 15, 15, 15, 15, 15, 15, 15, 8, 8, 8, 8, 8, 8, 8, 8, 8, 4, 4, 8, 8, 8, 8, 8, 8, 8, 8, 8, 8, 8, 8, 8, 4, 4, 4, 4, 4, 4, 4, 4, 4, 4, 2, 11, 10, 10, 10, 14, 14, 9, 15, 15, 15, 15, 15, 15, 15, 15, 15, 15, 8, 8, 8, 6, 6, 6, 6, 6, 6, 6, 6, 6, 6, 6, 6, 6, 6, 6, 0, 0, 0, 0, 0, 0, 0, 0, 0, 5, 1, 10, 5, 11, 10, 13, 3, 13, 13, 2, 6, 6, 6, 6, 6, 6, 6, 6, 6, 6, 6, 6, 6, 6, 6, 0, 0, 0, 0, 0, 0, 0, 0, 0, 6, 6, 6, 6, 6, 6, 6, 6, 6, 6, 6, 6, 6, 6, 6, 6, 6, 6, 6, 6, 6, 6, 6, 6, 6, 6, 6, 6, 6, 6, 6, 6, 6, 6, 6, 6, 6, 6, 6, 6, 6, 6, 6, 6, 6, 6, 6, 6, 6, 6, 6, 6, 6, 6, 8, 8, 8, 8, 8, 8, 8, 8, 8, 8, 8, 8, 4, 4, 4, 8, 8, 8, 8, 8, 8, 8, 4, 4, 4, 4, 4, 4, 4, 4, 4, 4, 4, 4, 4, 4, 4, 4, 4, 4, 4, 14, 9, 7, 7, 7, 7, 7, 8, 8, 8, 8, 8, 4, 4, 4, 14, 14, 14, 9, 15, 15, 15, 15, 15, 15, 15, 15, 15, 15, 15, 12, 12, 12, 12, 12, 12, 12, 12, 12, 12, 12, 12, 12, 12, 12, 12, 8, 8, 8, 8, 8, 8, 8, 4, 4, 8, 8, 8, 8, 8, 8, 8, 4, 4, 4, 4, 4, 4, 4, 4, 4, 4, 4, 8, 8, 8, 8, 8, 8, 8, 8, 4, 4, 4, 4, 14, 9, 7, 7, 8, 8, 8, 8, 8, 8, 8, 4, 4, 3, 5, 1, 11, 10, 13, 3, 5, 11, 11, 11, 10, 14, 14, 14, 9, 14, 9, 14, 14, 9, 14, 14, 14, 14, 9, 7, 7, 7, 7, 7, 7, 7, 7, 7, 7, 7, 7, 7, 7, 7, 7, 7, 7, 7, 7, 7, 7, 7, 7, 7, 7, 8, 8, 8, 8, 4, 4, 4, 14, 9, 7, 7, 7, 7, 7, 7, 7, 7, 7, 7, 7, 7, 7, 7, 7, 8, 8, 4, 4, 4, 4, 14, 9, 7, 7, 7, 7, 7, 7, 7, 7, 14, 14, 14, 9, 14, 14, 9, 7, 7, 7, 7, 7, 10, 5, 11, 3, 13, 3, 13, 3, 9, 7, 7, 7, 7, 7, 7, 7, 7, 7, 7, 7, 7, 7, 7, 7, 7, 7, 7, 7, 7, 7, 7, 7, 7, 7, 7, 7, 7, 7, 7, 7, 7, 7, 7, 7, 7, 7, 7, 7, 7, 7, 10, 5, 11, 11, 3, 13, 13, 13, 3, 9, 7, 7, 7, 7, 7, 7, 7, 7, 7, 7, 7, 7, 7, 8, 4, 4, 4, 4, 4, 4, 8, 8, 8, 8, 8, 8, 8, 4, 4, 4, 4, 4, 4, 4, 4, 4, 4, 4, 4, 4, 4, 4, 4, 4, 4, 14, 9, 14, 9, 7, 7, 7, 7, 8, 4, 4, 4, 4, 14, 9, 14, 9, 14, 14, 9, 14, 9, 15, 8, 8, 8, 4, 4, 4, 4, 14, 9, 7, 7, 7, 7, 7, 7, 7, 14, 14, 9, 14, 14, 9, 14, 9, 7, 7, 7, 7, 7, 7, 7, 7, 7, 7, 7, 7, 7, 7, 7, 7, 7, 7, 10, 5, 11, 11, 11, 3, 13, 3, 5, 11, 11, 10, 8, 8, 8, 8, 8, 4, 4, 4, 4, 8, 4, 4, 4, 4, 4, 4, 4, 4, 14, 9, 14, 9, 7, 7, 7, 7, 7, 7, 7, 7, 7, 7, 7, 7, 7, 7, 7, 7, 7, 7, 7, 7, 7, 7, 7, 7, 7, 7, 7, 7, 7, 7, 7, 7, 7, 7, 7, 7, 7, 7, 7, 7, 7, 7, 7, 7, 7, 7, 7, 7, 7, 7, 7, 7, 7, 7, 7, 7, 7, 7, 7, 7, 7, 7, 7, 7, 7, 7, 7, 7, 7, 7, 7, 7, 7, 7, 7, 7, 7, 7, 7, 7, 7, 7, 7, 7, 7, 7, 7, 7, 7, 7, 7, 7, 7, 7, 7, 7, 7, 7, 7, 7, 7, 7, 7, 7, 7, 7, 7, 7, 7, 7, 7, 7, 7, 10, 13, 3, 5, 11, 11, 3, 9, 14, 9, 7, 7, 7, 7, 7, 7, 7, 7, 7, 7, 7, 7, 7, 7, 7, 7, 7, 7, 7, 7, 7, 7, 7, 7, 7, 7, 7, 7, 10, 5, 11, 3, 13, 3, 5, 11, 3, 13, 3, 13, 13, 3, 9, 14, 14, 9, 7, 7, 7, 7, 7, 7, 7, 7, 7, 7, 7, 7, 10, 5, 11, 11, 11, 3, 13, 3, 5, 1, 10, 10, 5, 11, 11, 10, 13, 3, 13, 3, 9, 15, 15, 15, 15, 15, 15, 15, 12, 12, 12, 12, 12, 12, 12, 12, 12, 12, 15, 15, 12, 12, 12, 12, 12, 12, 12, 12, 12, 8, 4, 4, 2, 6, 6, 6, 6, 6, 6, 6, 6, 6, 6, 6, 6, 6, 6, 6, 11, 10, 10, 13, 3, 13, 3, 12, 12, 12, 9, 14, 14, 9, 15, 15, 15, 15, 15, 15, 15, 12, 12, 12, 12, 12, 12, 12, 12, 12, 12, 12, 12, 12, 12, 12, 12, 12, 12, 15, 15, 15, 15, 15, 15, 15, 9, 7, 7, 7, 7, 7, 7, 7, 8, 8, 8, 8, 8, 13, 13, 3, 5, 11, 3, 5, 11, 10, 5, 11, 10, 13, 3, 13, 13, 3, 5, 1, 11, 3, 5, 1, 10, 10, 5, 11, 10, 2, 11, 3, 13, 3, 5, 11, 3, 5, 11, 10, 5, 1, 10, 5, 1, 11, 3, 13, 3, 5, 11, 10, 5, 1, 11, 11, 11, 11, 10, 10, 10, 5, 11, 10, 5, 11, 3, 13, 3, 5, 11, 11, 11, 10, 5, 11, 11, 11, 3, 13, 3, 5, 11, 11, 10, 5, 1, 10, 10, 10, 10, 10, 5, 1, 11, 3, 13, 13, 3, 5, 1, 11, 3, 5, 1, 10, 10, 10, 13, 3, 13, 3, 13, 3, 6, 6, 6, 6, 6, 6, 6, 6, 6, 6, 6, 6, 6, 6, 6, 6, 6, 6, 6, 6, 6, 6, 6, 6, 6, 6, 6, 6, 6, 6, 6, 6, 6, 0, 0, 0, 0, 0, 0, 0, 0, 0, 0, 0, 0, 0, 0, 0, 0, 5, 11, 11, 10, 5, 1, 10, 5, 11, 10, 5, 11, 11, 10, 13, 2, 11, 11, 3, 13, 3, 13, 13, 2, 10, 2, 6, 6, 6, 6, 6, 6, 0, 0, 0, 0, 0, 0, 0, 0, 6, 6, 6, 6, 6, 6, 6, 6, 6, 6, 6, 6, 6, 6, 6, 8, 8, 8, 13, 13, 3, 13, 13, 3, 5, 11, 3, 13, 3, 13, 3, 5, 11, 10, 5, 1, 11, 11, 11, 10, 10, 10, 5, 1, 11, 3, 13, 3, 5, 11, 11, 11, 3, 5, 11, 10, 5, 11, 10, 10, 14, 14, 9, 7, 7, 7, 7, 7, 7, 7, 7, 7, 7, 7, 7, 7, 7, 7, 7, 7, 7, 7, 7, 7, 7, 7, 10, 5, 1, 11, 11, 11, 11, 3, 13, 13, 3, 9, 14, 9, 7, 7, 7, 7, 7, 7, 7, 7, 7, 7, 7, 7, 7, 7, 7, 7, 7, 7, 7, 7, 7, 7, 7, 7, 7, 7, 7, 7, 7, 7, 7, 7, 7, 7, 7, 7, 7, 7, 7, 10, 13, 13, 13, 3, 13, 3, 13, 13, 3, 5, 11, 11, 11, 3, 13, 3, 5, 11, 10, 5, 1, 11, 11, 11, 10, 14, 14, 14, 14, 9, 14, 9, 15, 8, 8, 4, 9, 7, 7, 7, 7, 7, 7, 7, 7, 10, 5, 10, 2, 11, 3, 5, 11, 10, 13, 3, 13, 3, 5, 1, 11, 10, 10, 1, 11, 10, 5, 1, 10, 2, 6, 6, 6, 6, 0, 0, 0, 6, 6, 6, 6, 6, 6, 6, 6, 6, 6, 6, 6, 6, 6, 6, 8, 8, 6, 6, 6, 6, 6, 6, 6, 6, 6, 6, 6, 6, 6, 6, 6, 6, 6, 6, 6, 6, 6, 6, 6, 6, 6, 6, 6, 6, 6, 6, 0, 0, 0, 0, 0, 0, 0, 0, 0, 0, 0, 0, 5, 11, 10, 10, 5, 11, 11, 3, 13, 3, 13, 3, 5, 11, 10, 5, 11, 10, 8, 8, 13, 3, 13, 13, 3, 5, 11, 3, 13, 13, 13, 3, 5, 11, 10, 14, 9, 14, 14, 9, 14, 9, 15, 15, 15, 15, 15, 15, 15, 15, 15, 15, 15, 15, 15, 15, 8, 4, 4, 4, 4, 4, 4, 4, 15, 15, 15, 15, 15, 15, 15, 15, 15, 15, 15, 8, 8, 8, 4, 4, 4, 4, 4, 4, 3, 13, 13, 3, 5, 1, 10, 10, 10, 5, 11, 3, 5, 1, 11, 10, 5, 11, 11, 10, 2, 6, 6, 6, 6, 6, 6, 6, 6, 6, 6, 6, 6, 6, 6, 6, 6, 6, 6, 6, 6, 6, 6, 6, 6, 6, 6, 0, 0, 0, 0, 0, 0, 0, 0, 0, 0, 0, 0, 0, 0, 0, 0, 0, 0, 0, 0, 0, 0, 0, 0, 0, 0, 0, 0, 0, 0, 0, 0, 0, 0, 0, 6, 6, 6, 6, 6, 6, 6, 6, 6, 6, 6, 6, 6, 6, 6, 0, 0, 0, 0, 0, 0, 0, 0, 0, 0, 6, 6, 6, 6, 6, 6, 6, 6, 6, 0, 0, 0, 0, 0, 0, 0, 0, 0, 0, 0, 0, 0, 0, 0, 6, 6, 6, 6, 6, 6, 6, 6, 11, 3, 13, 13, 3, 5, 1, 11, 11, 3, 5, 1, 11, 10, 13, 13, 3, 5, 11, 11, 11, 3, 13, 3, 9, 7, 7, 7, 7, 7, 7, 7, 7, 7, 7, 7, 7, 7, 14, 14, 9, 14, 0, 0, 0, 0, 0, 0, 0, 0, 0, 0, 0, 0, 0, 0, 0, 0, 0, 0, 0, 0, 0, 0, 0, 0, 0, 0, 0, 0, 0, 0, 0, 0, 0, 0, 0, 0, 0, 0, 0, 0, 0, 0, 0, 0, 0, 0, 0, 0, 0, 0, 0, 0, 0, 0, 0, 0, 0, 0, 0, 0, 0, 0, 0, 5, 1, 10, 10, 5, 5, 1, 10, 10, 5, 11, 10, 5, 11, 11, 10, 2, 11, 11, 11, 10, 8, 8, 8, 8, 4, 2, 11, 11, 3, 13, 3, 13, 3, 9, 7, 7, 7, 7, 7, 7]
x_i_plus [9, 14, 9, 14, 9, 7, 7, 7, 7, 7, 7, 7, 7, 14, 9, 15, 15, 15, 15, 15, 15, 15, 8, 8, 8, 8, 8, 8, 8, 8, 8, 8, 8, 8, 4, 4, 4, 4, 4, 4, 8, 8, 8, 8, 8, 8, 8, 4, 4, 4, 4, 8, 8, 8, 8, 8, 8, 8, 8, 4, 14, 14, 9, 14, 9, 14, 14, 9, 15, 15, 15, 15, 15, 15, 15, 8, 8, 8, 8, 8, 8, 4, 9, 14, 14, 14, 9, 14, 9, 15, 15, 15, 15, 15, 15, 15, 15, 15, 15, 15, 15, 8, 8, 8, 4, 4, 4, 4, 14, 9, 7, 7, 7, 7, 7, 7, 7, 7, 8, 8, 8, 8, 4, 4, 4, 4, 4, 4, 4, 4, 4, 4, 4, 14, 9, 14, 14, 14, 9, 7, 7, 7, 7, 7, 7, 7, 10, 2, 11, 10, 2, 11, 11, 10, 14, 9, 7, 7, 7, 7, 8, 8, 8, 8, 4, 4, 4, 4, 4, 4, 15, 15, 15, 15, 15, 15, 15, 15, 15, 15, 15, 15, 15, 15, 15, 15, 15, 15, 15, 15, 15, 15, 15, 15, 15, 15, 15, 15, 8, 8, 8, 8, 8, 8, 8, 8, 4, 4, 14, 9, 14, 14, 9, 14, 9, 15, 15, 15, 15, 15, 15, 15, 15, 15, 8, 8, 8, 8, 8, 8, 8, 8, 8, 4, 4, 8, 8, 8, 8, 8, 8, 8, 8, 8, 8, 8, 8, 8, 4, 4, 4, 4, 4, 4, 4, 4, 4, 4, 2, 11, 10, 10, 10, 14, 14, 9, 15, 15, 15, 15, 15, 15, 15, 15, 15, 15, 8, 8, 8, 6, 6, 6, 6, 6, 6, 6, 6, 6, 6, 6, 6, 6, 6, 6, 0, 0, 0, 0, 0, 0, 0, 0, 0, 5, 1, 10, 5, 11, 10, 13, 3, 13, 13, 2, 6, 6, 6, 6, 6, 6, 6, 6, 6, 6, 6, 6, 6, 6, 6, 0, 0, 0, 0, 0, 0, 0, 0, 0, 6, 6, 6, 6, 6, 6, 6, 6, 6, 6, 6, 6, 6, 6, 6, 6, 6, 6, 6, 6, 6, 6, 6, 6, 6, 6, 6, 6, 6, 6, 6, 6, 6, 6, 6, 6, 6, 6, 6, 6, 6, 6, 6, 6, 6, 6, 6, 6, 6, 6, 6, 6, 6, 6, 8, 8, 8, 8, 8, 8, 8, 8, 8, 8, 8, 8, 4, 4, 4, 8, 8, 8, 8, 8, 8, 8, 4, 4, 4, 4, 4, 4, 4, 4, 4, 4, 4, 4, 4, 4, 4, 4, 4, 4, 4, 14, 9, 7, 7, 7, 7, 7, 8, 8, 8, 8, 8, 4, 4, 4, 14, 14, 14, 9, 15, 15, 15, 15, 15, 15, 15, 15, 15, 15, 15, 12, 12, 12, 12, 12, 12, 12, 12, 12, 12, 12, 12, 12, 12, 12, 12, 8, 8, 8, 8, 8, 8, 8, 4, 4, 8, 8, 8, 8, 8, 8, 8, 4, 4, 4, 4, 4, 4, 4, 4, 4, 4, 4, 8, 8, 8, 8, 8, 8, 8, 8, 4, 4, 4, 4, 14, 9, 7, 7, 8, 8, 8, 8, 8, 8, 8, 4, 4, 3, 5, 1, 11, 10, 13, 3, 5, 11, 11, 11, 10, 14, 14, 14, 9, 14, 9, 14, 14, 9, 14, 14, 14, 14, 9, 7, 7, 7, 7, 7, 7, 7, 7, 7, 7, 7, 7, 7, 7, 7, 7, 7, 7, 7, 7, 7, 7, 7, 7, 7, 7, 8, 8, 8, 8, 4, 4, 4, 14, 9, 7, 7, 7, 7, 7, 7, 7, 7, 7, 7, 7, 7, 7, 7, 7, 8, 8, 4, 4, 4, 4, 14, 9, 7, 7, 7, 7, 7, 7, 7, 7, 14, 14, 14, 9, 14, 14, 9, 7, 7, 7, 7, 7, 10, 5, 11, 3, 13, 3, 13, 3, 9, 7, 7, 7, 7, 7, 7, 7, 7, 7, 7, 7, 7, 7, 7, 7, 7, 7, 7, 7, 7, 7, 7, 7, 7, 7, 7, 7, 7, 7, 7, 7, 7, 7, 7, 7, 7, 7, 7, 7, 7, 7, 10, 5, 11, 11, 3, 13, 13, 13, 3, 9, 7, 7, 7, 7, 7, 7, 7, 7, 7, 7, 7, 7, 7, 8, 4, 4, 4, 4, 4, 4, 8, 8, 8, 8, 8, 8, 8, 4, 4, 4, 4, 4, 4, 4, 4, 4, 4, 4, 4, 4, 4, 4, 4, 4, 4, 14, 9, 14, 9, 7, 7, 7, 7, 8, 4, 4, 4, 4, 14, 9, 14, 9, 14, 14, 9, 14, 9, 15, 8, 8, 8, 4, 4, 4, 4, 14, 9, 7, 7, 7, 7, 7, 7, 7, 14, 14, 9, 14, 14, 9, 14, 9, 7, 7, 7, 7, 7, 7, 7, 7, 7, 7, 7, 7, 7, 7, 7, 7, 7, 7, 10, 5, 11, 11, 11, 3, 13, 3, 5, 11, 11, 10, 8, 8, 8, 8, 8, 4, 4, 4, 4, 8, 4, 4, 4, 4, 4, 4, 4, 4, 14, 9, 14, 9, 7, 7, 7, 7, 7, 7, 7, 7, 7, 7, 7, 7, 7, 7, 7, 7, 7, 7, 7, 7, 7, 7, 7, 7, 7, 7, 7, 7, 7, 7, 7, 7, 7, 7, 7, 7, 7, 7, 7, 7, 7, 7, 7, 7, 7, 7, 7, 7, 7, 7, 7, 7, 7, 7, 7, 7, 7, 7, 7, 7, 7, 7, 7, 7, 7, 7, 7, 7, 7, 7, 7, 7, 7, 7, 7, 7, 7, 7, 7, 7, 7, 7, 7, 7, 7, 7, 7, 7, 7, 7, 7, 7, 7, 7, 7, 7, 7, 7, 7, 7, 7, 7, 7, 7, 7, 7, 7, 7, 7, 7, 7, 7, 7, 10, 13, 3, 5, 11, 11, 3, 9, 14, 9, 7, 7, 7, 7, 7, 7, 7, 7, 7, 7, 7, 7, 7, 7, 7, 7, 7, 7, 7, 7, 7, 7, 7, 7, 7, 7, 7, 7, 10, 5, 11, 3, 13, 3, 5, 11, 3, 13, 3, 13, 13, 3, 9, 14, 14, 9, 7, 7, 7, 7, 7, 7, 7, 7, 7, 7, 7, 7, 10, 5, 11, 11, 11, 3, 13, 3, 5, 1, 10, 10, 5, 11, 11, 10, 13, 3, 13, 3, 9, 15, 15, 15, 15, 15, 15, 15, 12, 12, 12, 12, 12, 12, 12, 12, 12, 12, 15, 15, 12, 12, 12, 12, 12, 12, 12, 12, 12, 8, 4, 4, 2, 6, 6, 6, 6, 6, 6, 6, 6, 6, 6, 6, 6, 6, 6, 6, 11, 10, 10, 13, 3, 13, 3, 12, 12, 12, 9, 14, 14, 9, 15, 15, 15, 15, 15, 15, 15, 12, 12, 12, 12, 12, 12, 12, 12, 12, 12, 12, 12, 12, 12, 12, 12, 12, 12, 15, 15, 15, 15, 15, 15, 15, 9, 7, 7, 7, 7, 7, 7, 7, 8, 8, 8, 8, 8, 13, 13, 3, 5, 11, 3, 5, 11, 10, 5, 11, 10, 13, 3, 13, 13, 3, 5, 1, 11, 3, 5, 1, 10, 10, 5, 11, 10, 2, 11, 3, 13, 3, 5, 11, 3, 5, 11, 10, 5, 1, 10, 5, 1, 11, 3, 13, 3, 5, 11, 10, 5, 1, 11, 11, 11, 11, 10, 10, 10, 5, 11, 10, 5, 11, 3, 13, 3, 5, 11, 11, 11, 10, 5, 11, 11, 11, 3, 13, 3, 5, 11, 11, 10, 5, 1, 10, 10, 10, 10, 10, 5, 1, 11, 3, 13, 13, 3, 5, 1, 11, 3, 5, 1, 10, 10, 10, 13, 3, 13, 3, 13, 3, 6, 6, 6, 6, 6, 6, 6, 6, 6, 6, 6, 6, 6, 6, 6, 6, 6, 6, 6, 6, 6, 6, 6, 6, 6, 6, 6, 6, 6, 6, 6, 6, 6, 0, 0, 0, 0, 0, 0, 0, 0, 0, 0, 0, 0, 0, 0, 0, 0, 5, 11, 11, 10, 5, 1, 10, 5, 11, 10, 5, 11, 11, 10, 13, 2, 11, 11, 3, 13, 3, 13, 13, 2, 10, 2, 6, 6, 6, 6, 6, 6, 0, 0, 0, 0, 0, 0, 0, 0, 6, 6, 6, 6, 6, 6, 6, 6, 6, 6, 6, 6, 6, 6, 6, 8, 8, 8, 13, 13, 3, 13, 13, 3, 5, 11, 3, 13, 3, 13, 3, 5, 11, 10, 5, 1, 11, 11, 11, 10, 10, 10, 5, 1, 11, 3, 13, 3, 5, 11, 11, 11, 3, 5, 11, 10, 5, 11, 10, 10, 14, 14, 9, 7, 7, 7, 7, 7, 7, 7, 7, 7, 7, 7, 7, 7, 7, 7, 7, 7, 7, 7, 7, 7, 7, 7, 10, 5, 1, 11, 11, 11, 11, 3, 13, 13, 3, 9, 14, 9, 7, 7, 7, 7, 7, 7, 7, 7, 7, 7, 7, 7, 7, 7, 7, 7, 7, 7, 7, 7, 7, 7, 7, 7, 7, 7, 7, 7, 7, 7, 7, 7, 7, 7, 7, 7, 7, 7, 7, 10, 13, 13, 13, 3, 13, 3, 13, 13, 3, 5, 11, 11, 11, 3, 13, 3, 5, 11, 10, 5, 1, 11, 11, 11, 10, 14, 14, 14, 14, 9, 14, 9, 15, 8, 8, 4, 9, 7, 7, 7, 7, 7, 7, 7, 7, 10, 5, 10, 2, 11, 3, 5, 11, 10, 13, 3, 13, 3, 5, 1, 11, 10, 10, 1, 11, 10, 5, 1, 10, 2, 6, 6, 6, 6, 0, 0, 0, 6, 6, 6, 6, 6, 6, 6, 6, 6, 6, 6, 6, 6, 6, 6, 8, 8, 6, 6, 6, 6, 6, 6, 6, 6, 6, 6, 6, 6, 6, 6, 6, 6, 6, 6, 6, 6, 6, 6, 6, 6, 6, 6, 6, 6, 6, 6, 0, 0, 0, 0, 0, 0, 0, 0, 0, 0, 0, 0, 5, 11, 10, 10, 5, 11, 11, 3, 13, 3, 13, 3, 5, 11, 10, 5, 11, 10, 8, 8, 13, 3, 13, 13, 3, 5, 11, 3, 13, 13, 13, 3, 5, 11, 10, 14, 9, 14, 14, 9, 14, 9, 15, 15, 15, 15, 15, 15, 15, 15, 15, 15, 15, 15, 15, 15, 8, 4, 4, 4, 4, 4, 4, 4, 15, 15, 15, 15, 15, 15, 15, 15, 15, 15, 15, 8, 8, 8, 4, 4, 4, 4, 4, 4, 3, 13, 13, 3, 5, 1, 10, 10, 10, 5, 11, 3, 5, 1, 11, 10, 5, 11, 11, 10, 2, 6, 6, 6, 6, 6, 6, 6, 6, 6, 6, 6, 6, 6, 6, 6, 6, 6, 6, 6, 6, 6, 6, 6, 6, 6, 6, 0, 0, 0, 0, 0, 0, 0, 0, 0, 0, 0, 0, 0, 0, 0, 0, 0, 0, 0, 0, 0, 0, 0, 0, 0, 0, 0, 0, 0, 0, 0, 0, 0, 0, 0, 6, 6, 6, 6, 6, 6, 6, 6, 6, 6, 6, 6, 6, 6, 6, 0, 0, 0, 0, 0, 0, 0, 0, 0, 0, 6, 6, 6, 6, 6, 6, 6, 6, 6, 0, 0, 0, 0, 0, 0, 0, 0, 0, 0, 0, 0, 0, 0, 0, 6, 6, 6, 6, 6, 6, 6, 6, 11, 3, 13, 13, 3, 5, 1, 11, 11, 3, 5, 1, 11, 10, 13, 13, 3, 5, 11, 11, 11, 3, 13, 3, 9, 7, 7, 7, 7, 7, 7, 7, 7, 7, 7, 7, 7, 7, 14, 14, 9, 14, 0, 0, 0, 0, 0, 0, 0, 0, 0, 0, 0, 0, 0, 0, 0, 0, 0, 0, 0, 0, 0, 0, 0, 0, 0, 0, 0, 0, 0, 0, 0, 0, 0, 0, 0, 0, 0, 0, 0, 0, 0, 0, 0, 0, 0, 0, 0, 0, 0, 0, 0, 0, 0, 0, 0, 0, 0, 0, 0, 0, 0, 0, 0, 5, 1, 10, 10, 5, 5, 1, 10, 10, 5, 11, 10, 5, 11, 11, 10, 2, 11, 11, 11, 10, 8, 8, 8, 8, 4, 2, 11, 11, 3, 13, 3, 13, 3, 9, 7, 7, 7, 7, 7, 7, 7]
list of [x_i,x_i_plus] [[0, 0], [0, 1], [0, 2], [0, 3], [0, 4], [0, 5], [0, 6], [0, 7], [0, 8], [0, 9], [0, 10], [0, 11], [0, 12], [0, 13], [0, 14], [0, 15], [1, 0], [1, 1], [1, 2], [1, 3], [1, 4], [1, 5], [1, 6], [1, 7], [1, 8], [1, 9], [1, 10], [1, 11], [1, 12], [1, 13], [1, 14], [1, 15], [2, 0], [2, 1], [2, 2], [2, 3], [2, 4], [2, 5], [2, 6], [2, 7], [2, 8], [2, 9], [2, 10], [2, 11], [2, 12], [2, 13], [2, 14], [2, 15], [3, 0], [3, 1], [3, 2], [3, 3], [3, 4], [3, 5], [3, 6], [3, 7], [3, 8], [3, 9], [3, 10], [3, 11], [3, 12], [3, 13], [3, 14], [3, 15], [4, 0], [4, 1], [4, 2], [4, 3], [4, 4], [4, 5], [4, 6], [4, 7], [4, 8], [4, 9], [4, 10], [4, 11], [4, 12], [4, 13], [4, 14], [4, 15], [5, 0], [5, 1], [5, 2], [5, 3], [5, 4], [5, 5], [5, 6], [5, 7], [5, 8], [5, 9], [5, 10], [5, 11], [5, 12], [5, 13], [5, 14], [5, 15], [6, 0], [6, 1], [6, 2], [6, 3], [6, 4], [6, 5], [6, 6], [6, 7], [6, 8], [6, 9], [6, 10], [6, 11], [6, 12], [6, 13], [6, 14], [6, 15], [7, 0], [7, 1], [7, 2], [7, 3], [7, 4], [7, 5], [7, 6], [7, 7], [7, 8], [7, 9], [7, 10], [7, 11], [7, 12], [7, 13], [7, 14], [7, 15], [8, 0], [8, 1], [8, 2], [8, 3], [8, 4], [8, 5], [8, 6], [8, 7], [8, 8], [8, 9], [8, 10], [8, 11], [8, 12], [8, 13], [8, 14], [8, 15], [9, 0], [9, 1], [9, 2], [9, 3], [9, 4], [9, 5], [9, 6], [9, 7], [9, 8], [9, 9], [9, 10], [9, 11], [9, 12], [9, 13], [9, 14], [9, 15], [10, 0], [10, 1], [10, 2], [10, 3], [10, 4], [10, 5], [10, 6], [10, 7], [10, 8], [10, 9], [10, 10], [10, 11], [10, 12], [10, 13], [10, 14], [10, 15], [11, 0], [11, 1], [11, 2], [11, 3], [11, 4], [11, 5], [11, 6], [11, 7], [11, 8], [11, 9], [11, 10], [11, 11], [11, 12], [11, 13], [11, 14], [11, 15], [12, 0], [12, 1], [12, 2], [12, 3], [12, 4], [12, 5], [12, 6], [12, 7], [12, 8], [12, 9], [12, 10], [12, 11], [12, 12], [12, 13], [12, 14], [12, 15], [13, 0], [13, 1], [13, 2], [13, 3], [13, 4], [13, 5], [13, 6], [13, 7], [13, 8], [13, 9], [13, 10], [13, 11], [13, 12], [13, 13], [13, 14], [13, 15], [14, 0], [14, 1], [14, 2], [14, 3], [14, 4], [14, 5], [14, 6], [14, 7], [14, 8], [14, 9], [14, 10], [14, 11], [14, 12], [14, 13], [14, 14], [14, 15], [15, 0], [15, 1], [15, 2], [15, 3], [15, 4], [15, 5], [15, 6], [15, 7], [15, 8], [15, 9], [15, 10], [15, 11], [15, 12], [15, 13], [15, 14], [15, 15]]
List of [[x_i,x_i_plus], number of repetition] [[[-6.846646531136901, -6.846646531136901], 170], [[-6.846646531136901, -6.551939000938108], 0], [[-6.846646531136901, -6.072383655353649], 0], [[-6.846646531136901, -6.696560352012173], 0], [[-6.846646531136901, -6.5436160954645155], 0], [[-6.846646531136901, -6.696045638168635], 4], [[-6.846646531136901, -6.758671914178359], 6], [[-6.846646531136901, -6.61692516379343], 0], [[-6.846646531136901, -6.453838117060687], 0], [[-6.846646531136901, -6.669932498155129], 0], [[-6.846646531136901, -6.594008556550471], 0], [[-6.846646531136901, -6.7087136490893515], 0], [[-6.846646531136901, -6.1514186568593665], 0], [[-6.846646531136901, -6.865802870557314], 0], [[-6.846646531136901, -6.5135653093986035], 0], [[-6.846646531136901, -6.346984692236187], 0], [[-6.551939000938108, -6.846646531136901], 0], [[-6.551939000938108, -6.551939000938108], 0], [[-6.551939000938108, -6.072383655353649], 0], [[-6.551939000938108, -6.696560352012173], 0], [[-6.551939000938108, -6.5436160954645155], 0], [[-6.551939000938108, -6.696045638168635], 0], [[-6.551939000938108, -6.758671914178359], 0], [[-6.551939000938108, -6.61692516379343], 0], [[-6.551939000938108, -6.453838117060687], 0], [[-6.551939000938108, -6.669932498155129], 0], [[-6.551939000938108, -6.594008556550471], 11], [[-6.551939000938108, -6.7087136490893515], 15], [[-6.551939000938108, -6.1514186568593665], 0], [[-6.551939000938108, -6.865802870557314], 0], [[-6.551939000938108, -6.5135653093986035], 0], [[-6.551939000938108, -6.346984692236187], 0], [[-6.072383655353649, -6.846646531136901], 0], [[-6.072383655353649, -6.551939000938108], 0], [[-6.072383655353649, -6.072383655353649], 0], [[-6.072383655353649, -6.696560352012173], 0], [[-6.072383655353649, -6.5436160954645155], 0], [[-6.072383655353649, -6.696045638168635], 0], [[-6.072383655353649, -6.758671914178359], 5], [[-6.072383655353649, -6.61692516379343], 0], [[-6.072383655353649, -6.453838117060687], 0], [[-6.072383655353649, -6.669932498155129], 0], [[-6.072383655353649, -6.594008556550471], 1], [[-6.072383655353649, -6.7087136490893515], 8], [[-6.072383655353649, -6.1514186568593665], 0], [[-6.072383655353649, -6.865802870557314], 0], [[-6.072383655353649, -6.5135653093986035], 0], [[-6.072383655353649, -6.346984692236187], 0], [[-6.696560352012173, -6.846646531136901], 0], [[-6.696560352012173, -6.551939000938108], 0], [[-6.696560352012173, -6.072383655353649], 0], [[-6.696560352012173, -6.696560352012173], 0], [[-6.696560352012173, -6.5436160954645155], 0], [[-6.696560352012173, -6.696045638168635], 33], [[-6.696560352012173, -6.758671914178359], 1], [[-6.696560352012173, -6.61692516379343], 0], [[-6.696560352012173, -6.453838117060687], 0], [[-6.696560352012173, -6.669932498155129], 8], [[-6.696560352012173, -6.594008556550471], 0], [[-6.696560352012173, -6.7087136490893515], 0], [[-6.696560352012173, -6.1514186568593665], 1], [[-6.696560352012173, -6.865802870557314], 39], [[-6.696560352012173, -6.5135653093986035], 0], [[-6.696560352012173, -6.346984692236187], 0], [[-6.5436160954645155, -6.846646531136901], 0], [[-6.5436160954645155, -6.551939000938108], 0], [[-6.5436160954645155, -6.072383655353649], 3], [[-6.5436160954645155, -6.696560352012173], 2], [[-6.5436160954645155, -6.5436160954645155], 129], [[-6.5436160954645155, -6.696045638168635], 0], [[-6.5436160954645155, -6.758671914178359], 0], [[-6.5436160954645155, -6.61692516379343], 0], [[-6.5436160954645155, -6.453838117060687], 8], [[-6.5436160954645155, -6.669932498155129], 2], [[-6.5436160954645155, -6.594008556550471], 0], [[-6.5436160954645155, -6.7087136490893515], 0], [[-6.5436160954645155, -6.1514186568593665], 0], [[-6.5436160954645155, -6.865802870557314], 0], [[-6.5436160954645155, -6.5135653093986035], 13], [[-6.5436160954645155, -6.346984692236187], 2], [[-6.696045638168635, -6.846646531136901], 0], [[-6.696045638168635, -6.551939000938108], 25], [[-6.696045638168635, -6.072383655353649], 0], [[-6.696045638168635, -6.696560352012173], 0], [[-6.696045638168635, -6.5436160954645155], 0], [[-6.696045638168635, -6.696045638168635], 1], [[-6.696045638168635, -6.758671914178359], 0], [[-6.696045638168635, -6.61692516379343], 0], [[-6.696045638168635, -6.453838117060687], 0], [[-6.696045638168635, -6.669932498155129], 0], [[-6.696045638168635, -6.594008556550471], 1], [[-6.696045638168635, -6.7087136490893515], 45], [[-6.696045638168635, -6.1514186568593665], 0], [[-6.696045638168635, -6.865802870557314], 0], [[-6.696045638168635, -6.5135653093986035], 0], [[-6.696045638168635, -6.346984692236187], 0], [[-6.758671914178359, -6.846646531136901], 9], [[-6.758671914178359, -6.551939000938108], 0], [[-6.758671914178359, -6.072383655353649], 0], [[-6.758671914178359, -6.696560352012173], 0], [[-6.758671914178359, -6.5436160954645155], 0], [[-6.758671914178359, -6.696045638168635], 0], [[-6.758671914178359, -6.758671914178359], 246], [[-6.758671914178359, -6.61692516379343], 0], [[-6.758671914178359, -6.453838117060687], 3], [[-6.758671914178359, -6.669932498155129], 0], [[-6.758671914178359, -6.594008556550471], 0], [[-6.758671914178359, -6.7087136490893515], 2], [[-6.758671914178359, -6.1514186568593665], 0], [[-6.758671914178359, -6.865802870557314], 0], [[-6.758671914178359, -6.5135653093986035], 0], [[-6.758671914178359, -6.346984692236187], 0], [[-6.61692516379343, -6.846646531136901], 0], [[-6.61692516379343, -6.551939000938108], 0], [[-6.61692516379343, -6.072383655353649], 0], [[-6.61692516379343, -6.696560352012173], 0], [[-6.61692516379343, -6.5436160954645155], 0], [[-6.61692516379343, -6.696045638168635], 0], [[-6.61692516379343, -6.758671914178359], 0], [[-6.61692516379343, -6.61692516379343], 397], [[-6.61692516379343, -6.453838117060687], 9], [[-6.61692516379343, -6.669932498155129], 0], [[-6.61692516379343, -6.594008556550471], 10], [[-6.61692516379343, -6.7087136490893515], 0], [[-6.61692516379343, -6.1514186568593665], 0], [[-6.61692516379343, -6.865802870557314], 0], [[-6.61692516379343, -6.5135653093986035], 4], [[-6.61692516379343, -6.346984692236187], 0], [[-6.453838117060687, -6.846646531136901], 0], [[-6.453838117060687, -6.551939000938108], 0], [[-6.453838117060687, -6.072383655353649], 0], [[-6.453838117060687, -6.696560352012173], 0], [[-6.453838117060687, -6.5436160954645155], 30], [[-6.453838117060687, -6.696045638168635], 0], [[-6.453838117060687, -6.758671914178359], 2], [[-6.453838117060687, -6.61692516379343], 0], [[-6.453838117060687, -6.453838117060687], 142], [[-6.453838117060687, -6.669932498155129], 0], [[-6.453838117060687, -6.594008556550471], 0], [[-6.453838117060687, -6.7087136490893515], 0], [[-6.453838117060687, -6.1514186568593665], 0], [[-6.453838117060687, -6.865802870557314], 3], [[-6.453838117060687, -6.5135653093986035], 0], [[-6.453838117060687, -6.346984692236187], 0], [[-6.669932498155129, -6.846646531136901], 0], [[-6.669932498155129, -6.551939000938108], 0], [[-6.669932498155129, -6.072383655353649], 0], [[-6.669932498155129, -6.696560352012173], 0], [[-6.669932498155129, -6.5436160954645155], 0], [[-6.669932498155129, -6.696045638168635], 0], [[-6.669932498155129, -6.758671914178359], 0], [[-6.669932498155129, -6.61692516379343], 24], [[-6.669932498155129, -6.453838117060687], 0], [[-6.669932498155129, -6.669932498155129], 0], [[-6.669932498155129, -6.594008556550471], 0], [[-6.669932498155129, -6.7087136490893515], 0], [[-6.669932498155129, -6.1514186568593665], 0], [[-6.669932498155129, -6.865802870557314], 0], [[-6.669932498155129, -6.5135653093986035], 28], [[-6.669932498155129, -6.346984692236187], 11], [[-6.594008556550471, -6.846646531136901], 0], [[-6.594008556550471, -6.551939000938108], 1], [[-6.594008556550471, -6.072383655353649], 8], [[-6.594008556550471, -6.696560352012173], 0], [[-6.594008556550471, -6.5436160954645155], 0], [[-6.594008556550471, -6.696045638168635], 34], [[-6.594008556550471, -6.758671914178359], 0], [[-6.594008556550471, -6.61692516379343], 0], [[-6.594008556550471, -6.453838117060687], 3], [[-6.594008556550471, -6.669932498155129], 0], [[-6.594008556550471, -6.594008556550471], 22], [[-6.594008556550471, -6.7087136490893515], 0], [[-6.594008556550471, -6.1514186568593665], 0], [[-6.594008556550471, -6.865802870557314], 11], [[-6.594008556550471, -6.5135653093986035], 6], [[-6.594008556550471, -6.346984692236187], 0], [[-6.7087136490893515, -6.846646531136901], 0], [[-6.7087136490893515, -6.551939000938108], 0], [[-6.7087136490893515, -6.072383655353649], 0], [[-6.7087136490893515, -6.696560352012173], 30], [[-6.7087136490893515, -6.5436160954645155], 0], [[-6.7087136490893515, -6.696045638168635], 0], [[-6.7087136490893515, -6.758671914178359], 0], [[-6.7087136490893515, -6.61692516379343], 0], [[-6.7087136490893515, -6.453838117060687], 0], [[-6.7087136490893515, -6.669932498155129], 0], [[-6.7087136490893515, -6.594008556550471], 40], [[-6.7087136490893515, -6.7087136490893515], 42], [[-6.7087136490893515, -6.1514186568593665], 0], [[-6.7087136490893515, -6.865802870557314], 0], [[-6.7087136490893515, -6.5135653093986035], 0], [[-6.7087136490893515, -6.346984692236187], 0], [[-6.1514186568593665, -6.846646531136901], 0], [[-6.1514186568593665, -6.551939000938108], 0], [[-6.1514186568593665, -6.072383655353649], 0], [[-6.1514186568593665, -6.696560352012173], 0], [[-6.1514186568593665, -6.5436160954645155], 0], [[-6.1514186568593665, -6.696045638168635], 0], [[-6.1514186568593665, -6.758671914178359], 0], [[-6.1514186568593665, -6.61692516379343], 0], [[-6.1514186568593665, -6.453838117060687], 2], [[-6.1514186568593665, -6.669932498155129], 1], [[-6.1514186568593665, -6.594008556550471], 0], [[-6.1514186568593665, -6.7087136490893515], 0], [[-6.1514186568593665, -6.1514186568593665], 51], [[-6.1514186568593665, -6.865802870557314], 0], [[-6.1514186568593665, -6.5135653093986035], 0], [[-6.1514186568593665, -6.346984692236187], 2], [[-6.865802870557314, -6.846646531136901], 0], [[-6.865802870557314, -6.551939000938108], 0], [[-6.865802870557314, -6.072383655353649], 3], [[-6.865802870557314, -6.696560352012173], 50], [[-6.865802870557314, -6.5436160954645155], 0], [[-6.865802870557314, -6.696045638168635], 0], [[-6.865802870557314, -6.758671914178359], 0], [[-6.865802870557314, -6.61692516379343], 0], [[-6.865802870557314, -6.453838117060687], 0], [[-6.865802870557314, -6.669932498155129], 0], [[-6.865802870557314, -6.594008556550471], 0], [[-6.865802870557314, -6.7087136490893515], 0], [[-6.865802870557314, -6.1514186568593665], 0], [[-6.865802870557314, -6.865802870557314], 20], [[-6.865802870557314, -6.5135653093986035], 0], [[-6.865802870557314, -6.346984692236187], 0], [[-6.5135653093986035, -6.846646531136901], 1], [[-6.5135653093986035, -6.551939000938108], 0], [[-6.5135653093986035, -6.072383655353649], 0], [[-6.5135653093986035, -6.696560352012173], 0], [[-6.5135653093986035, -6.5436160954645155], 0], [[-6.5135653093986035, -6.696045638168635], 0], [[-6.5135653093986035, -6.758671914178359], 0], [[-6.5135653093986035, -6.61692516379343], 0], [[-6.5135653093986035, -6.453838117060687], 0], [[-6.5135653093986035, -6.669932498155129], 51], [[-6.5135653093986035, -6.594008556550471], 0], [[-6.5135653093986035, -6.7087136490893515], 0], [[-6.5135653093986035, -6.1514186568593665], 0], [[-6.5135653093986035, -6.865802870557314], 0], [[-6.5135653093986035, -6.5135653093986035], 30], [[-6.5135653093986035, -6.346984692236187], 0], [[-6.346984692236187, -6.846646531136901], 0], [[-6.346984692236187, -6.551939000938108], 0], [[-6.346984692236187, -6.072383655353649], 0], [[-6.346984692236187, -6.696560352012173], 0], [[-6.346984692236187, -6.5436160954645155], 0], [[-6.346984692236187, -6.696045638168635], 0], [[-6.346984692236187, -6.758671914178359], 0], [[-6.346984692236187, -6.61692516379343], 0], [[-6.346984692236187, -6.453838117060687], 10], [[-6.346984692236187, -6.669932498155129], 1], [[-6.346984692236187, -6.594008556550471], 0], [[-6.346984692236187, -6.7087136490893515], 0], [[-6.346984692236187, -6.1514186568593665], 4], [[-6.346984692236187, -6.865802870557314], 0], [[-6.346984692236187, -6.5135653093986035], 0], [[-6.346984692236187, -6.346984692236187], 119]]
 
Means and total domain of each hidden state
---------------------------------------
0th hidden state
total number with this hidden state =  10
mean =  [-6.84664653]
total time_domain =  1.70183

1th hidden state
total number with this hidden state =  26
mean =  [-6.551939]
total time_domain =  0.0

2th hidden state
total number with this hidden state =  14
mean =  [-6.07238366]
total time_domain =  0.0

3th hidden state
total number with this hidden state =  82
mean =  [-6.69656035]
total time_domain =  0.0

4th hidden state
total number with this hidden state =  30
mean =  [-6.5436161]
total time_domain =  1.28951

5th hidden state
total number with this hidden state =  71
mean =  [-6.69604564]
total time_domain =  0.00996

6th hidden state
total number with this hidden state =  14
mean =  [-6.75867191]
total time_domain =  2.46059

7th hidden state
total number with this hidden state =  23
mean =  [-6.61692516]
total time_domain =  3.91042

8th hidden state
total number with this hidden state =  35
mean =  [-6.45383812]
total time_domain =  1.41628

9th hidden state
total number with this hidden state =  63
mean =  [-6.6699325]
total time_domain =  0.0

10th hidden state
total number with this hidden state =  63
mean =  [-6.59400856]
total time_domain =  0.21971

11th hidden state
total number with this hidden state =  70
mean =  [-6.70871365]
total time_domain =  0.42166

12th hidden state
total number with this hidden state =  5
mean =  [-6.15141866]
total time_domain =  0.51006

13th hidden state
total number with this hidden state =  53
mean =  [-6.86580287]
total time_domain =  0.20011

14th hidden state
total number with this hidden state =  52
mean =  [-6.51356531]
total time_domain =  0.29975

15th hidden state
total number with this hidden state =  15
mean =  [-6.34698469]
total time_domain =  1.19002

