Number of Rows
--------------
8116
 
Hidden States
-------------
[2 2 2 ... 6 6 6]
 
Record of all hidden state
**********************************
No.     TIME Start  -  TIME End      VALUE           Hidden State {}th       Time domain
0      400.03776     -  400.20573      -4.37421083388        2               0.16797
1      400.21069     -  400.23065      -3.93633087289        9               0.01996
2      400.2408     -  400.2408      -4.37421083388        2               0.0
3      400.25319     -  400.36069      -4.66052200817        12               0.1075
4      400.37065     -  400.63064      -4.50947359542        6               0.25999
5      400.65568     -  400.9619      -4.66052200817        12               0.30622
6      400.97065     -  401.0007      -4.50947359542        6               0.03005
7      401.03112     -  401.04033      -5.0370095963        10               0.00921
8      401.07075     -  401.11065      -4.37421083388        2               0.0399
9      401.12065     -  401.14065      -4.06785708946        13               0.02
10      401.15099     -  401.5807      -4.37421083388        2               0.42971
11      401.59065     -  401.6521      -4.66052200817        12               0.06145
12      401.66069     -  401.72065      -4.37421083388        2               0.05996
13      401.73065     -  401.74065      -3.93633087289        9               0.00999999999999
14      401.7521     -  401.7907      -4.66052200817        12               0.0386
15      401.8007     -  401.9107      -4.37421083388        2               0.11
16      401.93583     -  401.94033      -5.0370095963        10               0.00450000000001
17      401.97617     -  402.01069      -4.37421083388        2               0.03452
18      402.03628     -  402.07104      -4.87362957775        3               0.03476
19      402.10609     -  402.5126      -4.66052200817        12               0.40651
20      402.54084     -  402.55038      -4.87362957775        3               0.00954000000002
21      402.56038     -  402.69032      -4.94665846449        8               0.12994
22      402.70032     -  402.76032      -4.87362957775        3               0.06
23      402.79333     -  402.83045      -4.66052200817        12               0.03712
24      402.86258     -  403.0407      -4.50947359542        6               0.17812
25      403.06689     -  403.12033      -5.0370095963        10               0.05344
26      403.13033     -  403.63423      -4.50947359542        6               0.5039
27      403.64389     -  403.66627      -4.66052200817        12               0.02238
28      403.71046     -  403.75033      -4.87362957775        3               0.03987
29      403.76033     -  403.90038      -4.94665846449        8               0.14005
30      403.91037     -  404.25038      -4.87362957775        3               0.34001
31      404.26033     -  404.42076      -4.94665846449        8               0.16043
32      404.43033     -  404.46032      -4.87362957775        3               0.02999
33      404.47033     -  404.58032      -4.94665846449        8               0.10999
34      404.59038     -  404.69065      -4.87362957775        3               0.10027
35      404.71578     -  404.96037      -4.94665846449        8               0.24459
36      404.97033     -  404.97033      -4.87362957775        3               0.0
37      404.98038     -  405.17079      -4.94665846449        8               0.19041
38      405.20612     -  405.28053      -4.87362957775        3               0.07441
39      405.29319     -  405.29319      -4.37421083388        2               0.0
40      405.30069     -  405.33069      -4.66052200817        12               0.03
41      405.39057     -  405.45033      -4.87362957775        3               0.05976
42      405.47964     -  405.47964      -4.37421083388        2               0.0
43      405.49548     -  405.78038      -4.87362957775        3               0.2849
44      405.81444     -  405.82069      -3.93633087289        9               0.00625000000002
45      405.83069     -  405.8621      -4.37421083388        2               0.03141
46      405.88526     -  406.09523      -5.0370095963        10               0.20997
47      406.10069     -  406.17529      -4.66052200817        12               0.0746
48      406.18154     -  406.18154      -4.50947359542        6               0.0
49      406.20714     -  406.25037      -4.94665846449        8               0.04323
50      406.26033     -  406.38032      -4.87362957775        3               0.11999
51      406.39037     -  406.48054      -4.94665846449        8               0.09017
52      406.49037     -  406.50037      -4.87362957775        3               0.00999999999999
53      406.51033     -  406.68037      -4.94665846449        8               0.17004
54      406.69033     -  406.93049      -4.87362957775        3               0.24016
55      406.96561     -  406.98034      -4.66052200817        12               0.01473
56      406.99079     -  407.02065      -4.37421083388        2               0.02986
57      407.03065     -  407.0907      -3.93633087289        9               0.06005
58      407.10065     -  407.10065      -4.37421083388        2               0.0
59      407.11891     -  407.14065      -4.66052200817        12               0.02174
60      407.16521     -  407.24041      -5.0370095963        10               0.0752
61      407.27402     -  407.41069      -4.37421083388        2               0.13667
62      407.42891     -  407.47037      -4.87362957775        3               0.04146
63      407.50914     -  407.55069      -4.37421083388        2               0.04155
64      407.56775     -  407.66319      -4.66052200817        12               0.09544
65      407.71315     -  407.74784      -4.87362957775        3               0.03469
66      407.76065     -  407.82065      -4.66052200817        12               0.06
67      407.84622     -  407.89467      -4.87362957775        3               0.04845
68      407.90065     -  407.90065      -4.37421083388        2               0.0
69      407.92627     -  408.09785      -4.87362957775        3               0.17158
70      408.13327     -  408.14069      -3.93633087289        9               0.00742000000002
71      408.15065     -  408.15065      -4.66052200817        12               0.0
72      408.17596     -  408.4904      -5.0370095963        10               0.31444
73      408.50036     -  408.71037      -5.1712168313        0               0.21001
74      408.74201     -  408.75065      -3.93633087289        9               0.00864000000001
75      408.78272     -  408.83069      -4.37421083388        2               0.04797
76      408.84433     -  408.93061      -5.0370095963        10               0.08628
77      408.94033     -  409.15037      -5.1712168313        0               0.21004
78      409.16035     -  409.16035      -5.0370095963        10               0.0
79      409.17037     -  409.20037      -5.1712168313        0               0.03
80      409.24649     -  409.24649      -5.0370095963        10               0.0
81      409.26032     -  409.40037      -5.1712168313        0               0.14005
82      409.41037     -  410.07741      -5.0370095963        10               0.66704
83      410.15433     -  410.16065      -4.06785708946        13               0.00631999999996
84      410.17065     -  410.47065      -3.93633087289        9               0.3
85      410.48069     -  410.54065      -4.06785708946        13               0.05996
86      410.55065     -  410.58065      -4.37421083388        2               0.03
87      410.59069     -  410.60214      -3.93633087289        9               0.01145
88      410.61065     -  410.62065      -4.06785708946        13               0.00999999999999
89      410.64004     -  410.65065      -4.37421083388        2               0.01061
90      410.68083     -  410.76779      -4.66052200817        12               0.08696
91      410.78095     -  411.12064      -4.37421083388        2               0.33969
92      411.13084     -  411.16065      -4.06785708946        13               0.02981
93      411.17063     -  411.32303      -4.37421083388        2               0.1524
94      411.3345     -  411.36069      -4.06785708946        13               0.02619
95      411.37065     -  411.56065      -4.37421083388        2               0.19
96      411.57156     -  411.61069      -4.06785708946        13               0.03913
97      411.62065     -  412.14069      -4.37421083388        2               0.52004
98      412.15069     -  412.17069      -4.66052200817        12               0.02
99      412.18069     -  412.61065      -4.37421083388        2               0.42996
100      412.63629     -  412.64033      -5.0370095963        10               0.00404000000003
101      412.70946     -  412.80896      -4.66052200817        12               0.0995
102      412.8244     -  412.87069      -4.37421083388        2               0.04629
103      412.88084     -  412.95067      -4.06785708946        13               0.06983
104      412.96063     -  412.96063      -4.37421083388        2               0.0
105      412.97321     -  413.14064      -4.06785708946        13               0.16743
106      413.15064     -  413.20069      -4.37421083388        2               0.05005
107      413.22632     -  413.41032      -5.0370095963        10               0.184
108      413.45465     -  413.46323      -4.66052200817        12               0.00857999999999
109      413.47323     -  413.58064      -4.87362957775        3               0.10741
110      413.638     -  413.86052      -4.37421083388        2               0.22252
111      413.87064     -  413.87064      -4.19456349198        7               0.0
112      413.88084     -  414.35064      -4.29828842097        15               0.4698
113      414.36064     -  414.37068      -4.36699312985        1               0.01004
114      414.38064     -  414.54069      -4.29828842097        15               0.16005
115      414.55064     -  414.57157      -4.37421083388        2               0.02093
116      414.59628     -  414.77036      -5.0370095963        10               0.17408
117      414.80545     -  414.80545      -4.37421083388        2               0.0
118      414.86606     -  414.89069      -4.06785708946        13               0.02463
119      414.91011     -  414.98069      -4.37421083388        2               0.07058
120      414.99065     -  415.02082      -4.66052200817        12               0.03017
121      415.04527     -  415.10041      -5.0370095963        10               0.05514
122      415.13538     -  415.17233      -4.37421083388        2               0.03695
123      415.18069     -  415.22064      -4.06785708946        13               0.03995
124      415.23064     -  415.58063      -4.37421083388        2               0.34999
125      415.59069     -  415.62073      -4.06785708946        13               0.03004
126      415.63088     -  415.6809      -4.19456349198        7               0.05002
127      415.69069     -  415.69069      -4.29828842097        15               0.0
128      415.70069     -  415.71206      -4.36699312985        1               0.01137
129      415.72068     -  415.86064      -4.50947359542        6               0.13996
130      415.91572     -  415.92323      -5.0370095963        10               0.00750999999997
131      415.93093     -  415.96204      -4.19456349198        7               0.03111
132      415.97069     -  416.1807      -4.50947359542        6               0.21001
133      416.20577     -  416.20577      -5.0370095963        10               0.0
134      416.24466     -  416.25069      -4.66052200817        12               0.00603000000001
135      416.2689     -  416.31069      -4.37421083388        2               0.04179
136      416.32065     -  416.38065      -3.93633087289        9               0.06
137      416.39069     -  416.47082      -4.50947359542        6               0.08013
138      416.50511     -  416.53033      -5.0370095963        10               0.02522
139      416.5747     -  416.58064      -4.37421083388        2               0.00594000000001
140      416.59069     -  416.60064      -4.06785708946        13               0.00995
141      416.61069     -  416.62069      -3.93633087289        9               0.01
142      416.63065     -  416.6707      -4.37421083388        2               0.04005
143      416.6809     -  416.69065      -4.66052200817        12               0.00975
144      416.70065     -  416.70065      -4.29828842097        15               0.0
145      416.71069     -  416.78069      -4.36699312985        1               0.07
146      416.79065     -  416.85069      -4.50947359542        6               0.06004
147      416.87521     -  416.98032      -5.0370095963        10               0.10511
148      417.01394     -  417.05068      -4.19456349198        7               0.03674
149      417.06065     -  417.08063      -4.29828842097        15               0.01998
150      417.09069     -  417.12209      -4.66052200817        12               0.0314
151      417.13084     -  417.19069      -4.37421083388        2               0.05985
152      417.20064     -  417.24065      -4.19456349198        7               0.04001
153      417.25069     -  417.25069      -4.37421083388        2               0.0
154      417.26069     -  417.36065      -4.19456349198        7               0.09996
155      417.37064     -  417.38079      -4.06785708946        13               0.01015
156      417.39069     -  417.42069      -4.37421083388        2               0.03
157      417.43089     -  417.62065      -4.19456349198        7               0.18976
158      417.63084     -  417.64065      -4.37421083388        2               0.00981000000002
159      417.65069     -  417.67069      -3.93633087289        9               0.02
160      417.68084     -  417.68084      -4.37421083388        2               0.0
161      417.69069     -  417.71569      -4.66052200817        12               0.025
162      417.73627     -  417.8104      -4.87362957775        3               0.07413
163      417.85542     -  417.86064      -4.66052200817        12               0.00522000000001
164      417.88626     -  417.9253      -4.87362957775        3               0.03904
165      417.93422     -  417.97065      -4.37421083388        2               0.03643
166      417.98065     -  418.02209      -4.66052200817        12               0.04144
167      418.05083     -  418.05083      -4.87362957775        3               0.0
168      418.08132     -  418.24313      -4.37421083388        2               0.16181
169      418.25068     -  418.30064      -4.06785708946        13               0.04996
170      418.31064     -  418.41065      -3.93633087289        9               0.10001
171      418.4207     -  418.47069      -4.06785708946        13               0.04999
172      418.48065     -  418.55069      -3.93633087289        9               0.0700399999999
173      418.56065     -  418.64065      -4.06785708946        13               0.08
174      418.65065     -  418.79069      -3.93633087289        9               0.14004
175      418.80067     -  419.04074      -4.06785708946        13               0.24007
176      419.05069     -  419.0807      -4.19456349198        7               0.03001
177      419.09065     -  419.18085      -4.06785708946        13               0.0902
178      419.19065     -  419.42064      -3.93633087289        9               0.22999
179      419.43069     -  419.61063      -4.06785708946        13               0.17994
180      419.62063     -  419.62063      -4.37421083388        2               0.0
181      419.63063     -  419.66069      -4.06785708946        13               0.03006
182      419.67322     -  419.67322      -4.19456349198        7               0.0
183      419.68159     -  419.72069      -4.06785708946        13               0.0391
184      419.73077     -  419.98069      -4.19456349198        7               0.24992
185      419.99072     -  420.00065      -4.06785708946        13               0.00993
186      420.01069     -  420.25069      -4.19456349198        7               0.24
187      420.26065     -  420.27069      -4.37421083388        2               0.01004
188      420.28069     -  420.36064      -4.19456349198        7               0.07995
189      420.37065     -  420.39065      -4.37421083388        2               0.02
190      420.41622     -  420.45127      -5.0370095963        10               0.03505
191      420.50311     -  420.59065      -4.19456349198        7               0.08754
192      420.60069     -  420.69063      -4.37421083388        2               0.08994
193      420.70065     -  420.7807      -4.19456349198        7               0.08005
194      420.79065     -  420.8207      -4.37421083388        2               0.03005
195      420.83065     -  420.88081      -4.19456349198        7               0.05016
196      420.89069     -  420.962      -4.06785708946        13               0.07131
197      420.9707     -  420.9707      -3.93633087289        9               0.0
198      420.99347     -  421.03069      -4.37421083388        2               0.03722
199      421.04065     -  421.27065      -3.93633087289        9               0.23
200      421.28069     -  421.28069      -4.37421083388        2               0.0
201      421.29078     -  421.35146      -3.93633087289        9               0.06068
202      421.37532     -  421.38032      -5.1712168313        0               0.005
203      421.41213     -  421.52064      -3.93633087289        9               0.10851
204      421.54683     -  421.54683      -5.1712168313        0               0.0
205      421.58262     -  421.60213      -3.93633087289        9               0.01951
206      421.61065     -  421.61065      -4.37421083388        2               0.0
207      421.6221     -  421.6221      -4.06785708946        13               0.0
208      421.63089     -  421.90069      -3.93633087289        9               0.2698
209      421.91064     -  421.91064      -4.37421083388        2               0.0
210      421.92069     -  422.02068      -3.93633087289        9               0.09999
211      422.04588     -  422.05037      -5.1712168313        0               0.00448999999998
212      422.07993     -  422.51069      -3.93633087289        9               0.43076
213      422.52069     -  422.55069      -4.06785708946        13               0.03
214      422.56069     -  422.56069      -4.37421083388        2               0.0
215      422.57069     -  422.58069      -4.19456349198        7               0.00999999999999
216      422.59065     -  422.61065      -4.06785708946        13               0.02
217      422.66796     -  422.68065      -3.93633087289        9               0.01269
218      422.69069     -  422.69069      -4.37421083388        2               0.0
219      422.70065     -  422.75069      -4.06785708946        13               0.05004
220      422.76065     -  422.81205      -4.37421083388        2               0.0514
221      422.84172     -  422.87032      -5.1712168313        0               0.0286
222      422.91461     -  422.92064      -4.19456349198        7               0.00603000000001
223      422.93065     -  423.04089      -4.37421083388        2               0.11024
224      423.06655     -  423.16037      -5.0370095963        10               0.09382
225      423.19423     -  423.2007      -4.19456349198        7               0.00646999999998
226      423.21574     -  423.22319      -4.37421083388        2               0.00745000000001
227      423.24622     -  423.28038      -5.0370095963        10               0.03416
228      423.31181     -  423.3207      -4.37421083388        2               0.00889000000001
229      423.3307     -  423.39065      -4.66052200817        12               0.05995
230      423.4007     -  423.41438      -4.37421083388        2               0.01368
231      423.42069     -  423.47607      -4.66052200817        12               0.05538
232      423.49622     -  423.50033      -4.87362957775        3               0.00411000000003
233      423.53503     -  423.53503      -4.37421083388        2               0.0
234      423.54069     -  423.56783      -4.66052200817        12               0.02714
235      423.59556     -  423.59556      -5.0370095963        10               0.0
236      423.62962     -  423.62962      -4.37421083388        2               0.0
237      423.65633     -  423.71033      -5.2760757936        14               0.054
238      423.72038     -  423.87037      -5.1712168313        0               0.14999
239      423.88037     -  423.88037      -5.0370095963        10               0.0
240      423.89779     -  423.92324      -4.66052200817        12               0.02545
241      423.94584     -  424.02032      -5.0370095963        10               0.0744800000001
242      424.03037     -  424.05037      -5.2760757936        14               0.02
243      424.06037     -  424.07113      -5.0370095963        10               0.01076
244      424.10281     -  424.18088      -4.66052200817        12               0.07807
245      424.19064     -  424.32144      -4.37421083388        2               0.1308
246      424.33069     -  424.40093      -4.19456349198        7               0.07024
247      424.41069     -  424.41069      -4.37421083388        2               0.0
248      424.42069     -  424.44064      -4.06785708946        13               0.01995
249      424.45069     -  424.52065      -4.37421083388        2               0.06996
250      424.53209     -  424.59205      -4.66052200817        12               0.05996
251      424.60862     -  424.60862      -4.37421083388        2               0.0
252      424.62069     -  424.80065      -4.66052200817        12               0.17996
253      424.81065     -  424.83069      -4.37421083388        2               0.02004
254      424.85666     -  424.87037      -4.87362957775        3               0.01371
255      424.8997     -  424.91075      -4.37421083388        2               0.01105
256      424.93624     -  424.94033      -4.87362957775        3               0.00409000000002
257      424.97123     -  425.12004      -4.37421083388        2               0.14881
258      425.15089     -  425.16033      -5.0370095963        10               0.00943999999998
259      425.1989     -  425.31065      -4.50947359542        6               0.11175
260      425.3368     -  425.85041      -4.94665846449        8               0.51361
261      425.86033     -  426.10033      -4.87362957775        3               0.24
262      426.14469     -  426.58032      -4.94665846449        8               0.43563
263      426.59037     -  426.66037      -4.87362957775        3               0.07
264      426.69924     -  426.69924      -4.37421083388        2               0.0
265      426.72748     -  427.45033      -4.87362957775        3               0.72285
266      427.48541     -  427.55064      -4.37421083388        2               0.06523
267      427.56064     -  427.63323      -4.66052200817        12               0.07259
268      427.65632     -  427.67786      -4.87362957775        3               0.02154
269      427.73813     -  427.86065      -4.37421083388        2               0.12252
270      427.88579     -  427.92032      -5.1712168313        0               0.03453
271      427.95322     -  427.96065      -4.19456349198        7               0.00743
272      427.97064     -  427.9807      -4.37421083388        2               0.01006
273      428.0059     -  428.07464      -5.0370095963        10               0.06874
274      428.08069     -  428.10408      -4.37421083388        2               0.02339
275      428.11065     -  428.26041      -5.0370095963        10               0.14976
276      428.29129     -  428.32146      -4.19456349198        7               0.03017
277      428.37971     -  428.49108      -5.0370095963        10               0.11137
278      428.50069     -  428.61065      -4.37421083388        2               0.10996
279      428.63583     -  428.70494      -5.0370095963        10               0.06911
280      428.71203     -  428.73134      -4.19456349198        7               0.01931
281      428.7407     -  428.98065      -4.37421083388        2               0.23995
282      428.99076     -  429.1107      -4.19456349198        7               0.11994
283      429.12065     -  429.12065      -4.37421083388        2               0.0
284      429.17952     -  429.17952      -5.0370095963        10               0.0
285      429.19069     -  429.19069      -4.37421083388        2               0.0
286      429.21582     -  429.22037      -5.0370095963        10               0.00454999999999
287      429.25382     -  429.43069      -4.37421083388        2               0.17687
288      429.44069     -  429.45069      -4.06785708946        13               0.00999999999999
289      429.46069     -  429.55032      -4.87362957775        3               0.08963
290      429.58399     -  429.6132      -4.37421083388        2               0.02921
291      429.66567     -  429.82144      -4.06785708946        13               0.15577
292      429.8307     -  429.8307      -4.37421083388        2               0.0
293      429.84065     -  429.90114      -4.06785708946        13               0.06049
294      429.91065     -  430.00069      -4.37421083388        2               0.09004
295      430.01783     -  430.01783      -4.66052200817        12               0.0
296      430.04694     -  430.10543      -4.87362957775        3               0.05849
297      430.12432     -  430.12432      -4.37421083388        2               0.0
298      430.13081     -  430.16065      -4.06785708946        13               0.02984
299      430.17065     -  430.19069      -4.19456349198        7               0.02004
300      430.25058     -  430.26065      -4.37421083388        2               0.01007
301      430.27065     -  430.33065      -4.19456349198        7               0.06
302      430.34069     -  430.36069      -4.06785708946        13               0.02
303      430.37065     -  430.41069      -4.37421083388        2               0.04004
304      430.42069     -  430.61037      -5.0370095963        10               0.18968
305      430.68733     -  430.74046      -5.1712168313        0               0.05313
306      430.75036     -  430.75036      -5.0370095963        10               0.0
307      430.82392     -  430.84069      -4.06785708946        13               0.01677
308      430.85069     -  430.85069      -4.37421083388        2               0.0
309      430.87583     -  430.88032      -5.0370095963        10               0.00448999999998
310      430.90986     -  430.9407      -3.93633087289        9               0.03084
311      430.95065     -  431.0007      -4.06785708946        13               0.05005
312      431.0107     -  431.0307      -3.93633087289        9               0.02
313      431.0407     -  431.0407      -4.37421083388        2               0.0
314      431.05628     -  431.14065      -3.93633087289        9               0.08437
315      431.15066     -  431.18066      -4.06785708946        13               0.03
316      431.1907     -  431.2007      -3.93633087289        9               0.00999999999999
317      431.2107     -  431.2107      -4.06785708946        13               0.0
318      431.2207     -  431.26065      -4.19456349198        7               0.03995
319      431.27089     -  431.27089      -4.37421083388        2               0.0
320      431.28204     -  431.29069      -4.06785708946        13               0.00864999999999
321      431.30064     -  431.38082      -3.93633087289        9               0.08018
322      431.3907     -  431.5507      -4.06785708946        13               0.16
323      431.5607     -  431.70065      -3.93633087289        9               0.13995
324      431.71065     -  431.7507      -4.06785708946        13               0.04005
325      431.76065     -  431.9107      -3.93633087289        9               0.15005
326      431.92066     -  431.96065      -4.06785708946        13               0.03999
327      431.9707     -  432.02065      -4.37421083388        2               0.04995
328      432.0307     -  432.0807      -4.19456349198        7               0.05
329      432.0907     -  432.0907      -4.06785708946        13               0.0
330      432.10065     -  432.10065      -3.93633087289        9               0.0
331      432.1107     -  432.16065      -4.06785708946        13               0.04995
332      432.1707     -  432.1707      -3.93633087289        9               0.0
333      432.18098     -  432.1907      -4.06785708946        13               0.00972000000002
334      432.2007     -  432.23662      -4.37421083388        2               0.03592
335      432.2507     -  432.28065      -4.06785708946        13               0.02995
336      432.2907     -  432.3407      -4.37421083388        2               0.05
337      432.35154     -  432.40065      -4.19456349198        7               0.04911
338      432.41065     -  432.43095      -4.37421083388        2               0.0203
339      432.44069     -  432.46196      -3.93633087289        9               0.02127
340      432.47068     -  432.51064      -4.37421083388        2               0.03996
341      432.52069     -  432.5407      -4.06785708946        13               0.02001
342      432.5507     -  432.5607      -4.19456349198        7               0.00999999999999
343      432.5707     -  432.59067      -4.06785708946        13               0.01997
344      432.60067     -  432.68067      -3.93633087289        9               0.08
345      432.69063     -  432.69063      -4.37421083388        2               0.0
346      432.70067     -  432.9707      -3.93633087289        9               0.27003
347      432.98065     -  432.98065      -4.37421083388        2               0.0
348      432.99069     -  433.27065      -3.93633087289        9               0.27996
349      433.28069     -  433.30065      -4.06785708946        13               0.01996
350      433.3178     -  433.44069      -4.87362957775        3               0.12289
351      433.45433     -  433.54667      -4.37421083388        2               0.09234
352      433.5607     -  433.5607      -4.66052200817        12               0.0
353      433.58674     -  434.27033      -5.0370095963        10               0.68359
354      434.30402     -  434.32069      -4.06785708946        13               0.01667
355      434.33204     -  434.35118      -4.87362957775        3               0.01914
356      434.36069     -  434.38081      -4.37421083388        2               0.02012
357      434.39069     -  434.40775      -4.66052200817        12               0.01706
358      434.42323     -  434.49667      -4.87362957775        3               0.07344
359      434.5107     -  434.52064      -3.93633087289        9               0.00994000000003
360      434.53069     -  434.53069      -4.37421083388        2               0.0
361      434.54323     -  434.54323      -4.66052200817        12               0.0
362      434.56627     -  434.64033      -5.0370095963        10               0.07406
363      434.65037     -  434.75037      -5.2760757936        14               0.1
364      434.78985     -  434.94032      -5.1712168313        0               0.15047
365      434.95783     -  434.95783      -5.0370095963        10               0.0
366      434.98621     -  435.17037      -5.1712168313        0               0.18416
367      435.18032     -  435.19033      -5.0370095963        10               0.01001
368      435.20037     -  435.51037      -5.1712168313        0               0.31
369      435.52032     -  435.57472      -5.0370095963        10               0.0544
370      435.59554     -  435.90194      -5.1712168313        0               0.3064
371      435.91033     -  435.91033      -5.0370095963        10               0.0
372      435.92032     -  436.20033      -5.1712168313        0               0.28001
373      436.21179     -  436.36033      -5.2760757936        14               0.14854
374      436.37033     -  436.37033      -5.0370095963        10               0.0
375      436.38033     -  436.41033      -5.2760757936        14               0.03
376      436.42037     -  436.49044      -5.1712168313        0               0.07007
377      436.50031     -  436.67036      -5.2760757936        14               0.17005
378      436.68074     -  436.68074      -5.0370095963        10               0.0
379      436.69045     -  436.85046      -5.2760757936        14               0.16001
380      436.86032     -  436.99033      -5.1712168313        0               0.13001
381      437.00037     -  437.09033      -5.2760757936        14               0.08996
382      437.10042     -  437.27032      -5.1712168313        0               0.1699
383      437.28037     -  437.36032      -5.0370095963        10               0.07995
384      437.37037     -  437.52032      -5.2760757936        14               0.14995
385      437.53037     -  437.93071      -5.1712168313        0               0.40034
386      437.96241     -  437.97209      -5.0370095963        10               0.00968
387      437.99625     -  438.26033      -5.2760757936        14               0.26408
388      438.27035     -  438.52031      -5.46359737743        4               0.24996
389      438.53033     -  440.18037      -5.37092794875        5               1.65004
390      440.19033     -  440.19033      -5.2760757936        14               0.0
391      440.23251     -  441.42038      -5.37092794875        5               1.18787
392      441.43038     -  441.49038      -5.2760757936        14               0.06
393      441.50033     -  441.52033      -5.0370095963        10               0.02
394      441.53038     -  441.57141      -5.1712168313        0               0.04103
395      441.58038     -  441.97032      -5.0370095963        10               0.38994
396      442.01465     -  442.04065      -4.66052200817        12               0.026
397      442.06627     -  442.08033      -5.0370095963        10               0.01406
398      442.15178     -  442.19065      -4.50947359542        6               0.03887
399      442.21581     -  442.30055      -5.0370095963        10               0.08474
400      442.34462     -  442.46221      -4.66052200817        12               0.11759
401      442.48557     -  442.53032      -5.0370095963        10               0.04475
402      442.54032     -  442.56033      -5.2760757936        14               0.02001
403      442.60095     -  442.62033      -5.0370095963        10               0.01938
404      442.63033     -  442.73033      -5.2760757936        14               0.1
405      442.74038     -  442.77038      -5.0370095963        10               0.03
406      442.78033     -  442.88033      -5.2760757936        14               0.1
407      442.89033     -  442.89033      -5.0370095963        10               0.0
408      442.96581     -  442.99069      -4.50947359542        6               0.02488
409      443.01588     -  443.01588      -5.0370095963        10               0.0
410      443.02041     -  443.05074      -4.50947359542        6               0.03033
411      443.06548     -  443.14032      -5.0370095963        10               0.07484
412      443.15046     -  443.21178      -5.2760757936        14               0.06132
413      443.22037     -  443.26037      -5.0370095963        10               0.04
414      443.27031     -  443.30038      -5.37092794875        5               0.03007
415      443.31036     -  443.3212      -5.46359737743        4               0.01084
416      443.33037     -  443.38033      -5.0370095963        10               0.04996
417      443.41231     -  443.42069      -4.66052200817        12               0.00837999999999
418      443.44583     -  443.45032      -5.46359737743        4               0.00448999999998
419      443.49308     -  443.63038      -5.0370095963        10               0.1373
420      443.64033     -  443.78107      -5.2760757936        14               0.14074
421      443.79032     -  443.8004      -5.0370095963        10               0.01008
422      443.83203     -  443.83203      -4.50947359542        6               0.0
423      443.84065     -  443.90064      -4.36699312985        1               0.05999
424      443.91065     -  443.96226      -4.45618080333        11               0.05161
425      443.97069     -  444.04079      -4.36699312985        1               0.0701
426      444.05064     -  444.17065      -4.50947359542        6               0.12001
427      444.18065     -  444.27069      -4.36699312985        1               0.09004
428      444.28065     -  444.34065      -4.29828842097        15               0.06
429      444.3507     -  444.46069      -4.36699312985        1               0.10999
430      444.4707     -  444.4807      -4.50947359542        6               0.00999999999999
431      444.49091     -  444.58065      -4.29828842097        15               0.08974
432      444.5907     -  444.68069      -4.36699312985        1               0.08999
433      444.69069     -  444.78065      -4.50947359542        6               0.08996
434      444.79065     -  444.83065      -4.36699312985        1               0.04
435      444.84065     -  444.9807      -4.45618080333        11               0.14005
436      444.99065     -  445.04069      -4.36699312985        1               0.05004
437      445.05069     -  445.08069      -4.29828842097        15               0.03
438      445.09069     -  445.12065      -4.36699312985        1               0.02996
439      445.13081     -  445.16069      -4.29828842097        15               0.02988
440      445.1707     -  445.32166      -4.36699312985        1               0.15096
441      445.33065     -  445.35156      -4.19456349198        7               0.02091
442      445.36069     -  445.36069      -4.50947359542        6               0.0
443      445.37064     -  445.45065      -4.36699312985        1               0.08001
444      445.4609     -  445.4609      -4.50947359542        6               0.0
445      445.51567     -  445.51567      -5.0370095963        10               0.0
446      445.52078     -  445.58069      -4.37421083388        2               0.05991
447      445.59065     -  445.64069      -4.19456349198        7               0.05004
448      445.65065     -  445.72327      -4.50947359542        6               0.07262
449      445.73064     -  445.77064      -4.36699312985        1               0.04
450      445.78064     -  445.8907      -4.50947359542        6               0.11006
451      445.91571     -  445.96177      -5.0370095963        10               0.04606
452      445.99723     -  446.03065      -4.37421083388        2               0.03342
453      446.04069     -  446.08065      -4.66052200817        12               0.03996
454      446.10526     -  446.12032      -5.46359737743        4               0.01506
455      446.13033     -  446.34466      -5.2760757936        14               0.21433
456      446.36599     -  446.38036      -5.46359737743        4               0.01437
457      446.39037     -  446.48032      -5.0370095963        10               0.08995
458      446.49032     -  446.50037      -5.2760757936        14               0.01005
459      446.51037     -  446.53037      -5.0370095963        10               0.02
460      446.54033     -  446.57138      -5.2760757936        14               0.03105
461      446.58037     -  446.66719      -5.1712168313        0               0.08682
462      446.70829     -  446.73613      -4.66052200817        12               0.02784
463      446.74037     -  446.76076      -5.0370095963        10               0.02039
464      446.80347     -  446.82123      -5.2760757936        14               0.01776
465      446.83033     -  446.84037      -5.0370095963        10               0.01004
466      446.85041     -  446.86037      -5.2760757936        14               0.00995999999998
467      446.87037     -  446.96174      -5.0370095963        10               0.09137
468      446.97032     -  446.98032      -5.2760757936        14               0.00999999999999
469      446.99054     -  446.99054      -5.0370095963        10               0.0
470      447.00036     -  447.01037      -5.2760757936        14               0.01001
471      447.02031     -  447.06031      -5.0370095963        10               0.04
472      447.07128     -  447.11037      -5.37092794875        5               0.03909
473      447.12032     -  447.18068      -5.0370095963        10               0.06036
474      447.19032     -  447.20032      -5.2760757936        14               0.00999999999999
475      447.21037     -  447.21037      -5.0370095963        10               0.0
476      447.22036     -  447.26032      -5.37092794875        5               0.03996
477      447.27037     -  447.27037      -5.0370095963        10               0.0
478      447.28789     -  447.32032      -5.37092794875        5               0.03243
479      447.33033     -  447.33033      -5.2760757936        14               0.0
480      447.36568     -  447.41032      -5.0370095963        10               0.04464
481      447.48744     -  447.54069      -4.36699312985        1               0.05325
482      447.55069     -  447.70209      -4.50947359542        6               0.1514
483      447.71197     -  447.81065      -4.29828842097        15               0.09868
484      447.82158     -  447.86065      -4.36699312985        1               0.03907
485      447.87319     -  447.92319      -4.50947359542        6               0.05
486      447.93065     -  447.96069      -4.36699312985        1               0.03004
487      447.97069     -  448.02065      -4.50947359542        6               0.04996
488      448.04526     -  448.05037      -5.0370095963        10               0.00511
489      448.06033     -  448.10041      -5.46359737743        4               0.04008
490      448.11038     -  448.14139      -5.0370095963        10               0.03101
491      448.15068     -  448.15068      -4.50947359542        6               0.0
492      448.17614     -  448.19036      -5.37092794875        5               0.01422
493      448.2232     -  448.23065      -4.29828842097        15               0.00745000000001
494      448.24088     -  448.27067      -4.36699312985        1               0.02979
495      448.28069     -  448.35153      -4.45618080333        11               0.07084
496      448.36063     -  448.42068      -4.29828842097        15               0.06005
497      448.43149     -  448.47065      -4.36699312985        1               0.03916
498      448.48552     -  448.52065      -4.50947359542        6               0.03513
499      448.54628     -  448.56033      -5.2760757936        14               0.01405
500      448.59505     -  448.6007      -4.29828842097        15               0.00565
501      448.6107     -  448.6107      -4.36699312985        1               0.0
502      448.6207     -  448.6207      -4.50947359542        6               0.0
503      448.63065     -  448.95065      -4.36699312985        1               0.32
504      448.96198     -  448.97065      -4.50947359542        6               0.00867
505      448.98065     -  449.01065      -4.29828842097        15               0.03
506      449.02065     -  449.2509      -4.36699312985        1               0.23025
507      449.26069     -  449.30065      -4.29828842097        15               0.03996
508      449.31068     -  449.53063      -4.36699312985        1               0.21995
509      449.54064     -  449.55068      -4.50947359542        6               0.01004
510      449.57201     -  449.61032      -5.0370095963        10               0.03831
511      449.62033     -  449.64032      -5.2760757936        14               0.01999
512      449.65033     -  449.65033      -5.0370095963        10               0.0
513      449.6827     -  449.75065      -4.50947359542        6               0.06795
514      449.77521     -  449.82171      -5.0370095963        10               0.0465
515      449.83069     -  449.86438      -4.50947359542        6               0.03369
516      449.87065     -  449.97064      -4.36699312985        1               0.09999
517      449.98069     -  449.98069      -4.50947359542        6               0.0
518      450.00601     -  450.00601      -5.0370095963        10               0.0
519      450.04468     -  450.07065      -4.66052200817        12               0.02597
520      450.09626     -  450.10039      -5.0370095963        10               0.00413000000003
521      450.11037     -  450.17776      -4.50947359542        6               0.06739
522      450.20622     -  450.23033      -5.0370095963        10               0.02411
523      450.27463     -  450.27463      -4.66052200817        12               0.0
524      450.29585     -  450.39033      -4.87362957775        3               0.09448
525      450.4293     -  450.44064      -4.37421083388        2               0.01134
526      450.49567     -  450.49567      -5.0370095963        10               0.0
527      450.51543     -  450.57037      -5.2760757936        14               0.05494
528      450.58037     -  450.63032      -5.0370095963        10               0.04995
529      450.66222     -  450.6707      -4.19456349198        7               0.00848000000002
530      450.69627     -  450.97302      -5.0370095963        10               0.27675
531      450.99628     -  451.00037      -5.2760757936        14               0.00408999999996
532      451.04174     -  451.28763      -4.87362957775        3               0.24589
533      451.3337     -  451.56036      -5.0370095963        10               0.22666
534      451.57032     -  451.6909      -4.66052200817        12               0.12058
535      451.72328     -  451.79037      -5.0370095963        10               0.06709
536      451.80789     -  451.84032      -5.2760757936        14               0.03243
537      451.85037     -  451.92037      -5.1712168313        0               0.07
538      451.93037     -  452.06038      -5.0370095963        10               0.13001
539      452.07136     -  452.13031      -5.1712168313        0               0.05895
540      452.14032     -  452.22032      -5.0370095963        10               0.08
541      452.26384     -  452.42036      -5.1712168313        0               0.15652
542      452.43073     -  452.49054      -5.0370095963        10               0.05981
543      452.50032     -  452.54032      -5.1712168313        0               0.04
544      452.55037     -  452.55037      -5.0370095963        10               0.0
545      452.56037     -  452.66032      -5.2760757936        14               0.09995
546      452.67032     -  452.71504      -5.0370095963        10               0.04472
547      452.72661     -  452.88033      -4.66052200817        12               0.15372
548      452.89038     -  453.06037      -4.87362957775        3               0.16999
549      453.07037     -  453.12379      -5.0370095963        10               0.05342
550      453.13033     -  453.19033      -5.1712168313        0               0.06
551      453.20038     -  453.20038      -5.0370095963        10               0.0
552      453.21176     -  453.48034      -5.1712168313        0               0.26858
553      453.49059     -  453.50038      -5.0370095963        10               0.00979000000001
554      453.51038     -  453.63038      -5.1712168313        0               0.12
555      453.64038     -  453.66033      -5.0370095963        10               0.01995
556      453.67033     -  453.72033      -5.1712168313        0               0.05
557      453.76216     -  453.82129      -4.66052200817        12               0.05913
558      453.83032     -  454.00037      -4.87362957775        3               0.17005
559      454.01037     -  454.0533      -4.66052200817        12               0.04293
560      454.07532     -  454.24527      -5.0370095963        10               0.16995
561      454.25032     -  454.27037      -5.2760757936        14               0.02005
562      454.28037     -  454.30032      -5.0370095963        10               0.01995
563      454.34464     -  454.39033      -5.1712168313        0               0.04569
564      454.40033     -  454.73033      -5.0370095963        10               0.33
565      454.7744     -  454.96177      -5.1712168313        0               0.18737
566      454.97036     -  454.99032      -5.0370095963        10               0.01996
567      455.00037     -  455.04032      -5.1712168313        0               0.03995
568      455.05036     -  455.08032      -5.0370095963        10               0.02996
569      455.09036     -  455.50032      -5.1712168313        0               0.40996
570      455.51032     -  455.59032      -4.66052200817        12               0.08
571      455.6004     -  455.77714      -5.0370095963        10               0.17674
572      455.79037     -  455.89033      -5.1712168313        0               0.09996
573      455.90063     -  455.94069      -5.0370095963        10               0.04006
574      455.96709     -  456.07033      -5.1712168313        0               0.10324
575      456.08036     -  456.14032      -5.0370095963        10               0.05996
576      456.15037     -  456.19032      -5.2760757936        14               0.03995
577      456.20037     -  456.25037      -5.0370095963        10               0.05
578      456.26032     -  456.30037      -5.1712168313        0               0.04005
579      456.31033     -  456.36033      -5.0370095963        10               0.05
580      456.37037     -  456.51033      -5.2760757936        14               0.13996
581      456.54629     -  456.55065      -4.37421083388        2               0.00436000000002
582      456.57521     -  456.65033      -5.2760757936        14               0.07512
583      456.66035     -  456.69036      -5.0370095963        10               0.03001
584      456.7241     -  456.7241      -4.50947359542        6               0.0
585      456.73065     -  456.76626      -5.0370095963        10               0.03561
586      456.7704     -  456.95037      -5.2760757936        14               0.17997
587      456.96176     -  456.96176      -5.0370095963        10               0.0
588      456.97037     -  456.99055      -5.2760757936        14               0.02018
589      457.00037     -  457.01033      -5.0370095963        10               0.00996000000004
590      457.02031     -  457.12037      -5.2760757936        14               0.10006
591      457.13037     -  457.24054      -5.0370095963        10               0.11017
592      457.25032     -  457.48037      -5.2760757936        14               0.23005
593      457.49037     -  457.49037      -5.0370095963        10               0.0
594      457.50037     -  457.54032      -5.1712168313        0               0.03995
595      457.55037     -  457.61032      -5.2760757936        14               0.05995
596      457.62032     -  457.63032      -5.0370095963        10               0.00999999999999
597      457.64036     -  457.83032      -5.2760757936        14               0.18996
598      457.84032     -  457.84032      -5.0370095963        10               0.0
599      457.87122     -  457.91065      -4.66052200817        12               0.03943
600      457.92091     -  457.92091      -5.0370095963        10               0.0
601      457.94674     -  457.98037      -5.2760757936        14               0.03363
602      457.99037     -  458.07889      -5.0370095963        10               0.08852
603      458.10526     -  458.14036      -5.37092794875        5               0.0351
604      458.15056     -  458.15056      -5.0370095963        10               0.0
605      458.16033     -  458.19037      -5.2760757936        14               0.03004
606      458.20037     -  458.25032      -5.0370095963        10               0.04995
607      458.26037     -  458.27036      -5.2760757936        14               0.00998999999996
608      458.28032     -  458.52038      -5.0370095963        10               0.24006
609      458.53037     -  458.60041      -5.2760757936        14               0.07004
610      458.61033     -  458.61033      -5.0370095963        10               0.0
611      458.62038     -  458.64033      -5.37092794875        5               0.01995
612      458.65042     -  458.66038      -5.2760757936        14               0.00995999999998
613      458.67038     -  458.85048      -5.1712168313        0               0.1801
614      458.86037     -  458.88032      -5.0370095963        10               0.01995
615      458.91145     -  458.93111      -4.50947359542        6               0.01966
616      458.95659     -  459.01033      -5.0370095963        10               0.05374
617      459.04308     -  459.08069      -4.66052200817        12               0.03761
618      459.0978     -  459.20032      -5.0370095963        10               0.10252
619      459.21173     -  459.43076      -5.1712168313        0               0.21903
620      459.44037     -  459.64032      -5.0370095963        10               0.19995
621      459.65032     -  459.67032      -5.2760757936        14               0.02
622      459.68076     -  459.80033      -5.0370095963        10               0.11957
623      459.83148     -  459.88661      -4.50947359542        6               0.05513
624      459.9457     -  459.9457      -5.0370095963        10               0.0
625      459.96661     -  460.02037      -5.2760757936        14               0.05376
626      460.03037     -  460.06033      -5.0370095963        10               0.02996
627      460.07128     -  460.09033      -5.2760757936        14               0.01905
628      460.10033     -  460.10033      -5.0370095963        10               0.0
629      460.11032     -  460.13031      -5.2760757936        14               0.01999
630      460.14037     -  460.15032      -5.0370095963        10               0.00995
631      460.16036     -  460.2405      -5.2760757936        14               0.08014
632      460.25032     -  460.25032      -5.0370095963        10               0.0
633      460.26032     -  460.31033      -5.1712168313        0               0.05001
634      460.32033     -  460.32033      -5.0370095963        10               0.0
635      460.33033     -  460.36037      -5.37092794875        5               0.03004
636      460.37037     -  460.4309      -5.2760757936        14               0.06053
637      460.44037     -  460.46181      -5.0370095963        10               0.02144
638      460.47033     -  460.50033      -5.2760757936        14               0.03
639      460.51037     -  460.51037      -5.0370095963        10               0.0
640      460.52037     -  460.56033      -5.2760757936        14               0.03996
641      460.57033     -  460.59037      -5.1712168313        0               0.02004
642      460.60041     -  460.65032      -5.0370095963        10               0.04991
643      460.68078     -  460.69069      -4.19456349198        7               0.00990999999999
644      460.75257     -  460.75257      -5.0370095963        10               0.0
645      460.76323     -  460.76323      -4.50947359542        6               0.0
646      460.81573     -  460.83707      -5.0370095963        10               0.02134
647      460.87303     -  460.97064      -4.50947359542        6               0.09761
648      460.98325     -  461.02037      -5.0370095963        10               0.03712
649      461.03033     -  461.04037      -5.46359737743        4               0.01004
650      461.05033     -  461.05033      -5.0370095963        10               0.0
651      461.08133     -  461.08133      -4.50947359542        6               0.0
652      461.10531     -  461.14037      -5.37092794875        5               0.03506
653      461.18465     -  461.19065      -4.29828842097        15               0.00600000000003
654      461.20069     -  461.20069      -4.36699312985        1               0.0
655      461.21204     -  461.26069      -4.50947359542        6               0.04865
656      461.2863     -  461.29032      -5.0370095963        10               0.00402000000003
657      461.30036     -  461.34033      -5.37092794875        5               0.03997
658      461.35043     -  461.35043      -5.0370095963        10               0.0
659      461.36032     -  461.38037      -5.2760757936        14               0.02005
660      461.39046     -  461.41037      -5.0370095963        10               0.01991
661      461.44614     -  461.54068      -4.19456349198        7               0.09454
662      461.56122     -  461.56122      -4.50947359542        6               0.0
663      461.57068     -  461.63068      -4.36699312985        1               0.06
664      461.65526     -  462.79038      -5.46359737743        4               1.13512
665      462.80037     -  462.87033      -5.37092794875        5               0.06996
666      462.88037     -  462.95033      -5.2760757936        14               0.06996
667      462.96177     -  463.13033      -5.37092794875        5               0.16856
668      463.14033     -  464.56037      -5.46359737743        4               1.42004
669      464.57033     -  464.67033      -5.37092794875        5               0.1
670      464.68085     -  465.05037      -5.46359737743        4               0.36952
671      465.08843     -  465.12079      -4.66052200817        12               0.03236
672      465.14594     -  465.15032      -5.0370095963        10               0.00438000000003
673      465.16032     -  465.20037      -5.37092794875        5               0.04005
674      465.24467     -  465.24467      -5.0370095963        10               0.0
675      465.25065     -  465.6607      -4.50947359542        6               0.41005
676      465.67065     -  465.83068      -4.45618080333        11               0.16003
677      465.84091     -  465.8907      -4.50947359542        6               0.04979
678      465.9157     -  465.9157      -5.0370095963        10               0.0
679      465.92552     -  466.09064      -4.50947359542        6               0.16512
680      466.10079     -  466.22064      -4.36699312985        1               0.11985
681      466.23069     -  466.24069      -4.50947359542        6               0.00999999999999
682      466.25069     -  466.35065      -4.36699312985        1               0.09996
683      466.36064     -  466.40064      -4.45618080333        11               0.04
684      466.41065     -  466.51065      -4.36699312985        1               0.1
685      466.52063     -  466.62065      -4.29828842097        15               0.10002
686      466.63085     -  466.65089      -4.36699312985        1               0.02004
687      466.66069     -  466.84065      -4.45618080333        11               0.17996
688      466.85081     -  466.99094      -4.36699312985        1               0.14013
689      467.00065     -  467.65133      -4.45618080333        11               0.65068
690      467.66069     -  467.74096      -4.50947359542        6               0.08027
691      467.75068     -  467.82163      -4.36699312985        1               0.07095
692      467.83069     -  467.87065      -4.45618080333        11               0.03996
693      467.88069     -  467.89065      -4.36699312985        1               0.00995999999998
694      467.90117     -  468.0807      -4.50947359542        6               0.17953
695      468.0907     -  468.51065      -4.45618080333        11               0.41995
696      468.52068     -  468.56069      -4.36699312985        1               0.04001
697      468.57065     -  468.61065      -4.45618080333        11               0.04
698      468.62069     -  468.72065      -4.50947359542        6               0.09996
699      468.7307     -  468.84065      -4.45618080333        11               0.10995
700      468.85078     -  468.8707      -4.36699312985        1               0.01992
701      468.88065     -  469.04069      -4.45618080333        11               0.16004
702      469.05064     -  469.12064      -4.50947359542        6               0.07
703      469.13064     -  469.19069      -4.66052200817        12               0.06005
704      469.21632     -  469.27002      -5.0370095963        10               0.0537
705      469.29521     -  469.30037      -5.2760757936        14               0.00515999999999
706      469.33616     -  469.44069      -4.50947359542        6               0.10453
707      469.46589     -  469.47037      -5.2760757936        14               0.00448
708      469.50482     -  469.75065      -4.50947359542        6               0.24583
709      469.77628     -  469.77628      -5.0370095963        10               0.0
710      469.78037     -  469.86065      -4.50947359542        6               0.08028
711      469.87065     -  469.96205      -4.45618080333        11               0.0914
712      469.9707     -  470.22433      -4.50947359542        6               0.25363
713      470.23065     -  470.26065      -4.29828842097        15               0.03
714      470.27069     -  470.27069      -4.36699312985        1               0.0
715      470.2807     -  470.51202      -4.50947359542        6               0.23132
716      470.53583     -  470.54037      -5.0370095963        10               0.00454000000002
717      470.58466     -  470.5978      -4.50947359542        6               0.01314
718      470.61065     -  470.66065      -4.29828842097        15               0.05
719      470.67065     -  470.67065      -4.66052200817        12               0.0
720      470.69526     -  470.70032      -5.46359737743        4               0.00505999999996
721      470.71036     -  470.7309      -5.0370095963        10               0.02054
722      470.76389     -  470.77661      -4.66052200817        12               0.01272
723      470.80527     -  470.84033      -5.37092794875        5               0.03506
724      470.85048     -  470.85048      -5.0370095963        10               0.0
725      470.86033     -  470.99032      -5.2760757936        14               0.12999
726      471.00033     -  471.08247      -5.0370095963        10               0.08214
727      471.09037     -  471.12037      -5.2760757936        14               0.03
728      471.13032     -  471.15037      -5.37092794875        5               0.02005
729      471.18468     -  471.18468      -4.50947359542        6               0.0
730      471.24268     -  471.31033      -5.0370095963        10               0.06765
731      471.34236     -  471.43065      -4.36699312985        1               0.08829
732      471.44065     -  471.49076      -4.50947359542        6               0.05011
733      471.50065     -  471.5707      -4.29828842097        15               0.07005
734      471.5807     -  471.73065      -4.36699312985        1               0.14995
735      471.74068     -  471.81957      -4.50947359542        6               0.07889
736      471.84582     -  471.85037      -5.2760757936        14               0.00454999999999
737      471.86033     -  471.86033      -5.0370095963        10               0.0
738      471.90445     -  471.91032      -5.2760757936        14               0.00587000000002
739      471.94285     -  471.94285      -4.50947359542        6               0.0
740      471.95069     -  471.97069      -4.36699312985        1               0.02
741      471.98069     -  472.19064      -4.45618080333        11               0.20995
742      472.20065     -  472.27065      -4.50947359542        6               0.07
743      472.28065     -  472.44065      -4.36699312985        1               0.16
744      472.45065     -  472.57069      -4.19456349198        7               0.12004
745      472.58064     -  472.69065      -4.29828842097        15               0.11001
746      472.70065     -  473.19064      -4.45618080333        11               0.48999
747      473.20069     -  473.27064      -4.19456349198        7               0.06995
748      473.28069     -  473.33069      -4.37421083388        2               0.05
749      473.34069     -  473.39069      -4.19456349198        7               0.05
750      473.40069     -  473.49068      -4.37421083388        2               0.08999
751      473.50069     -  473.54106      -4.19456349198        7               0.04037
752      473.55064     -  473.55064      -4.37421083388        2               0.0
753      473.57581     -  473.58037      -5.0370095963        10               0.00456000000003
754      473.62461     -  473.69069      -4.19456349198        7               0.06608
755      473.70065     -  473.72065      -4.37421083388        2               0.02
756      473.73893     -  473.77069      -4.19456349198        7               0.03176
757      473.78069     -  473.81065      -4.29828842097        15               0.02996
758      473.82779     -  473.82779      -4.36699312985        1               0.0
759      473.84069     -  473.94064      -4.50947359542        6               0.09995
760      473.99309     -  474.02037      -5.0370095963        10               0.02728
761      474.05367     -  474.13064      -4.37421083388        2               0.07697
762      474.15626     -  474.20604      -5.0370095963        10               0.04978
763      474.21091     -  474.26065      -4.50947359542        6               0.04974
764      474.27065     -  474.29075      -4.36699312985        1               0.0201
765      474.3007     -  474.35065      -4.19456349198        7               0.04995
766      474.36065     -  474.42065      -4.37421083388        2               0.06
767      474.4464     -  474.55037      -5.2760757936        14               0.10397
768      474.56033     -  474.56033      -5.0370095963        10               0.0
769      474.59319     -  474.61069      -4.19456349198        7               0.0175
770      474.62065     -  474.62065      -4.37421083388        2               0.0
771      474.63065     -  474.78033      -5.0370095963        10               0.14968
772      474.79033     -  474.92037      -5.2760757936        14               0.13004
773      474.93033     -  474.98782      -5.0370095963        10               0.05749
774      475.03462     -  475.04069      -4.19456349198        7               0.00606999999997
775      475.05069     -  475.12547      -5.0370095963        10               0.07478
776      475.15124     -  475.20037      -5.1712168313        0               0.04913
777      475.2118     -  475.35037      -5.0370095963        10               0.13857
778      475.36037     -  475.42634      -5.1712168313        0               0.06597
779      475.43661     -  475.43661      -5.0370095963        10               0.0
780      475.44076     -  475.49087      -3.93633087289        9               0.05011
781      475.50069     -  475.54065      -4.37421083388        2               0.03996
782      475.56679     -  475.58032      -5.0370095963        10               0.0135299999999
783      475.62469     -  475.66069      -4.19456349198        7               0.036
784      475.67069     -  475.72367      -5.0370095963        10               0.05298
785      475.77957     -  475.85069      -4.19456349198        7               0.07112
786      475.86069     -  475.86069      -4.37421083388        2               0.0
787      475.87209     -  475.98064      -4.19456349198        7               0.10855
788      475.99065     -  476.03661      -4.50947359542        6               0.04596
789      476.06627     -  476.10038      -5.0370095963        10               0.03411
790      476.15144     -  476.18037      -5.2760757936        14               0.02893
791      476.21367     -  476.32064      -4.29828842097        15               0.10697
792      476.33064     -  476.36065      -4.36699312985        1               0.03001
793      476.37065     -  476.39665      -4.50947359542        6               0.026
794      476.45305     -  476.45305      -5.0370095963        10               0.0
795      476.46065     -  476.47065      -4.50947359542        6               0.00999999999999
796      476.49581     -  476.54469      -5.0370095963        10               0.04888
797      476.55437     -  476.56065      -4.50947359542        6               0.00628
798      476.58581     -  476.73583      -5.0370095963        10               0.15002
799      476.78804     -  476.88942      -5.2760757936        14               0.10138
800      476.94972     -  477.05037      -5.0370095963        10               0.10065
801      477.06032     -  477.09032      -5.2760757936        14               0.03
802      477.16391     -  477.21004      -4.37421083388        2               0.04613
803      477.22065     -  477.30065      -4.19456349198        7               0.08
804      477.3107     -  477.3107      -4.37421083388        2               0.0
805      477.32765     -  477.32765      -4.66052200817        12               0.0
806      477.38471     -  477.38471      -5.0370095963        10               0.0
807      477.39069     -  477.39069      -4.37421083388        2               0.0
808      477.41529     -  477.42032      -5.2760757936        14               0.00502999999998
809      477.46538     -  477.46538      -5.0370095963        10               0.0
810      477.47032     -  477.54032      -5.2760757936        14               0.07
811      477.55032     -  477.61037      -5.37092794875        5               0.06005
812      477.62041     -  477.62041      -5.0370095963        10               0.0
813      477.63032     -  477.89037      -5.2760757936        14               0.26005
814      477.90037     -  478.02627      -5.0370095963        10               0.1259
815      478.06573     -  478.06573      -4.50947359542        6               0.0
816      478.07071     -  478.10079      -4.36699312985        1               0.03008
817      478.11066     -  478.12065      -4.45618080333        11               0.00999000000002
818      478.13068     -  478.17064      -4.36699312985        1               0.03996
819      478.18119     -  478.21204      -4.19456349198        7               0.03085
820      478.22069     -  478.38064      -4.29828842097        15               0.15995
821      478.39064     -  478.51068      -4.19456349198        7               0.12004
822      478.52209     -  478.56778      -4.37421083388        2               0.04569
823      478.58064     -  478.60084      -4.06785708946        13               0.0202
824      478.61064     -  478.6727      -4.37421083388        2               0.06206
825      478.68319     -  478.7021      -4.66052200817        12               0.0189099999999
826      478.71205     -  478.74088      -4.87362957775        3               0.02883
827      478.77172     -  478.77172      -4.37421083388        2               0.0
828      478.7807     -  478.81209      -4.66052200817        12               0.03139
829      478.82556     -  478.91578      -4.50947359542        6               0.09022
830      478.93732     -  478.93732      -5.0370095963        10               0.0
831      478.95033     -  479.05069      -4.66052200817        12               0.10036
832      479.07582     -  479.07582      -5.0370095963        10               0.0
833      479.08032     -  479.11037      -5.2760757936        14               0.03005
834      479.14073     -  479.14073      -4.37421083388        2               0.0
835      479.16612     -  479.16612      -5.0370095963        10               0.0
836      479.17037     -  479.18085      -5.2760757936        14               0.01048
837      479.22182     -  479.25032      -4.87362957775        3               0.0285
838      479.29487     -  479.33065      -4.37421083388        2               0.03578
839      479.35787     -  479.57157      -5.0370095963        10               0.2137
840      479.61463     -  479.6622      -4.50947359542        6               0.04757
841      479.68722     -  479.79223      -5.0370095963        10               0.10501
842      479.80204     -  479.84068      -4.37421083388        2               0.03864
843      479.85076     -  479.86068      -4.66052200817        12               0.00992000000002
844      479.88627     -  479.91033      -5.0370095963        10               0.02406
845      479.94074     -  479.94074      -4.37421083388        2               0.0
846      479.96532     -  480.01467      -5.0370095963        10               0.04935
847      480.03628     -  480.04037      -5.2760757936        14               0.00409000000002
848      480.0847     -  480.0847      -4.29828842097        15               0.0
849      480.09069     -  480.13064      -4.36699312985        1               0.03995
850      480.14069     -  480.16065      -4.29828842097        15               0.01996
851      480.18577     -  480.19037      -5.2760757936        14               0.00459999999998
852      480.22365     -  480.35065      -4.37421083388        2               0.127
853      480.36065     -  480.43566      -4.66052200817        12               0.07501
854      480.4559     -  480.46037      -5.0370095963        10               0.00447000000003
855      480.47033     -  480.82169      -4.50947359542        6               0.35136
856      480.84658     -  480.84658      -5.0370095963        10               0.0
857      480.87192     -  480.89069      -4.50947359542        6               0.01877
858      480.91583     -  480.96208      -5.0370095963        10               0.04625
859      480.9981     -  481.05867      -4.37421083388        2               0.06057
860      481.08577     -  481.10033      -5.2760757936        14               0.01456
861      481.11033     -  481.14037      -5.0370095963        10               0.03004
862      481.17615     -  481.18065      -4.50947359542        6               0.00450000000001
863      481.1907     -  481.25064      -4.29828842097        15               0.05994
864      481.26094     -  481.2707      -4.36699312985        1               0.00975999999997
865      481.2807     -  481.3207      -4.50947359542        6               0.04
866      481.33065     -  481.41069      -4.29828842097        15               0.08004
867      481.42074     -  481.73328      -4.37421083388        2               0.31254
868      481.7409     -  481.9207      -4.66052200817        12               0.1798
869      481.93122     -  482.0107      -4.50947359542        6               0.07948
870      482.03583     -  482.11037      -5.0370095963        10               0.07454
871      482.12033     -  482.14037      -5.2760757936        14               0.02004
872      482.18466     -  482.18466      -5.0370095963        10               0.0
873      482.19069     -  482.2707      -4.50947359542        6               0.08001
874      482.30569     -  482.32584      -5.2760757936        14               0.02015
875      482.33041     -  482.51032      -5.46359737743        4               0.17991
876      482.52032     -  482.53033      -5.0370095963        10               0.01001
877      482.56396     -  482.56396      -4.50947359542        6               0.0
878      482.58627     -  482.64441      -5.0370095963        10               0.05814
879      482.69566     -  482.72065      -4.19456349198        7               0.02499
880      482.73065     -  483.04588      -5.0370095963        10               0.31523
881      483.0521     -  483.09209      -4.66052200817        12               0.03999
882      483.10858     -  483.15089      -4.50947359542        6               0.04231
883      483.17659     -  483.17659      -5.0370095963        10               0.0
884      483.19031     -  483.23037      -5.2760757936        14               0.04006
885      483.24037     -  483.38031      -5.0370095963        10               0.13994
886      483.39031     -  483.40031      -5.2760757936        14               0.00999999999999
887      483.41035     -  483.52602      -5.0370095963        10               0.11567
888      483.53036     -  483.54032      -5.2760757936        14               0.00996000000004
889      483.55033     -  483.72033      -5.0370095963        10               0.17
890      483.73033     -  483.89582      -4.66052200817        12               0.16549
891      483.90043     -  484.01044      -5.0370095963        10               0.11001
892      484.04231     -  484.23065      -4.50947359542        6               0.18834
893      484.24069     -  484.26205      -4.45618080333        11               0.02136
894      484.2707     -  484.3307      -4.19456349198        7               0.06
895      484.34323     -  484.37064      -4.37421083388        2               0.02741
896      484.38065     -  484.4507      -4.06785708946        13               0.07005
897      484.4607     -  484.62069      -4.37421083388        2               0.15999
898      484.63065     -  484.65465      -4.66052200817        12               0.024
899      484.67156     -  484.67156      -4.50947359542        6               0.0
900      484.68121     -  484.86069      -4.45618080333        11               0.17948
901      484.87065     -  484.89324      -4.50947359542        6               0.02259
902      484.91635     -  485.15465      -5.0370095963        10               0.2383
903      485.21059     -  485.34069      -4.50947359542        6               0.1301
904      485.35077     -  485.60077      -4.45618080333        11               0.25
905      485.61661     -  485.64065      -4.50947359542        6               0.02404
906      485.66611     -  485.76236      -5.2760757936        14               0.09625
907      485.77032     -  485.77032      -5.0370095963        10               0.0
908      485.78037     -  485.79037      -5.2760757936        14               0.00999999999999
909      485.82853     -  485.90046      -5.0370095963        10               0.07193
910      485.91033     -  485.94037      -5.2760757936        14               0.03004
911      485.95033     -  485.95033      -5.0370095963        10               0.0
912      485.96115     -  485.9804      -5.2760757936        14               0.01925
913      485.99057     -  486.02032      -5.0370095963        10               0.02975
914      486.03033     -  486.12033      -5.2760757936        14               0.09
915      486.13032     -  486.26033      -5.0370095963        10               0.13001
916      486.27032     -  486.33037      -5.1712168313        0               0.06005
917      486.36297     -  486.36297      -4.66052200817        12               0.0
918      486.38577     -  486.42038      -5.0370095963        10               0.03461
919      486.46654     -  486.73033      -5.2760757936        14               0.26379
920      486.74052     -  486.91037      -5.37092794875        5               0.16985
921      486.92036     -  486.92036      -5.2760757936        14               0.0
922      486.95012     -  486.97068      -4.37421083388        2               0.02056
923      486.99625     -  487.17037      -5.2760757936        14               0.17412
924      487.18084     -  487.18084      -5.0370095963        10               0.0
925      487.19036     -  487.23036      -5.2760757936        14               0.04
926      487.24051     -  487.25032      -5.0370095963        10               0.00981000000002
927      487.29342     -  487.33037      -5.2760757936        14               0.03695
928      487.34032     -  487.42037      -5.0370095963        10               0.08005
929      487.46724     -  487.61037      -5.37092794875        5               0.14313
930      487.62032     -  487.69844      -5.0370095963        10               0.07812
931      487.71319     -  487.79065      -4.37421083388        2               0.07746
932      487.81566     -  487.83628      -4.87362957775        3               0.02062
933      487.84037     -  487.88552      -4.66052200817        12               0.04515
934      487.90587     -  487.95461      -5.46359737743        4               0.04874
935      487.97549     -  487.97549      -5.0370095963        10               0.0
936      487.98032     -  488.03037      -5.2760757936        14               0.05005
937      488.07462     -  488.12037      -5.0370095963        10               0.04575
938      488.15433     -  488.1607      -4.19456349198        7               0.00637
939      488.1866     -  488.1866      -5.0370095963        10               0.0
940      488.20639     -  488.2107      -4.50947359542        6               0.00430999999998
941      488.23642     -  488.26069      -5.0370095963        10               0.02427
942      488.30464     -  488.53074      -4.50947359542        6               0.2261
943      488.55588     -  488.60461      -5.0370095963        10               0.04873
944      488.6107     -  488.71324      -4.50947359542        6               0.10254
945      488.73582     -  488.77037      -5.46359737743        4               0.03455
946      488.78038     -  488.79033      -5.0370095963        10               0.00995
947      488.83208     -  488.85041      -5.2760757936        14               0.01833
948      488.86033     -  488.87033      -5.0370095963        10               0.01
949      488.90304     -  488.92065      -4.50947359542        6               0.01761
950      488.94695     -  488.97032      -5.0370095963        10               0.02337
951      488.98037     -  488.99032      -5.2760757936        14               0.00995
952      489.00032     -  489.03032      -4.87362957775        3               0.03
953      489.07471     -  489.11068      -4.37421083388        2               0.03597
954      489.1207     -  489.14551      -4.66052200817        12               0.02481
955      489.16659     -  489.20399      -4.87362957775        3               0.0374
956      489.21803     -  489.21803      -4.37421083388        2               0.0
957      489.24521     -  489.25037      -5.2760757936        14               0.00515999999999
958      489.26068     -  489.33263      -4.87362957775        3               0.07195
959      489.34775     -  489.46208      -4.37421083388        2               0.11433
960      489.47064     -  489.48551      -4.66052200817        12               0.01487
961      489.5071     -  489.57153      -5.46359737743        4               0.06443
962      489.58032     -  489.65033      -5.0370095963        10               0.07001
963      489.68512     -  489.7407      -4.50947359542        6               0.05558
964      489.76628     -  489.76628      -5.0370095963        10               0.0
965      489.77032     -  489.78036      -5.2760757936        14               0.0100399999999
966      489.81488     -  489.9107      -4.37421083388        2               0.09582
967      489.94091     -  489.95037      -5.0370095963        10               0.00946000000005
968      489.96037     -  489.97033      -5.2760757936        14               0.00995999999998
969      489.98033     -  489.98033      -5.0370095963        10               0.0
970      489.99037     -  490.02033      -5.2760757936        14               0.02996
971      490.03037     -  490.07286      -5.0370095963        10               0.04249
972      490.08069     -  490.14029      -4.66052200817        12               0.0596
973      490.15065     -  490.41065      -4.50947359542        6               0.26
974      490.43622     -  490.55038      -5.0370095963        10               0.11416
975      490.56031     -  490.59038      -4.66052200817        12               0.03007
976      490.6364     -  490.6364      -5.0370095963        10               0.0
977      490.64038     -  490.67032      -5.2760757936        14               0.02994
978      490.68087     -  490.74037      -5.0370095963        10               0.0595
979      490.75032     -  490.76033      -5.2760757936        14               0.01001
980      490.79842     -  490.85047      -5.0370095963        10               0.05205
981      490.86037     -  490.87036      -5.2760757936        14               0.00999000000002
982      490.88032     -  490.88032      -5.0370095963        10               0.0
983      490.89036     -  491.10037      -5.2760757936        14               0.21001
984      491.11037     -  491.13037      -5.1712168313        0               0.02
985      491.14032     -  491.15033      -5.0370095963        10               0.01001
986      491.16037     -  491.42032      -5.2760757936        14               0.25995
987      491.43093     -  491.47468      -5.0370095963        10               0.04375
988      491.48064     -  491.54126      -4.50947359542        6               0.06062
989      491.56719     -  491.61601      -5.37092794875        5               0.04882
990      491.62037     -  491.73037      -5.2760757936        14               0.11
991      491.74037     -  491.88033      -5.0370095963        10               0.13996
992      491.92562     -  491.96037      -5.2760757936        14               0.03475
993      491.97032     -  492.02032      -5.0370095963        10               0.05
994      492.06583     -  492.14069      -4.19456349198        7               0.07486
995      492.15064     -  492.37064      -4.06785708946        13               0.22
996      492.38064     -  492.38064      -4.19456349198        7               0.0
997      492.40526     -  492.40526      -5.0370095963        10               0.0
998      492.41031     -  492.70036      -5.2760757936        14               0.29005
999      492.71121     -  492.74321      -5.0370095963        10               0.032
1000      492.76535     -  492.85047      -5.2760757936        14               0.08512
1001      492.86037     -  492.87032      -5.0370095963        10               0.00995
1002      492.88032     -  492.90032      -5.2760757936        14               0.02
1003      492.91037     -  492.91037      -5.0370095963        10               0.0
1004      492.92036     -  492.93093      -4.66052200817        12               0.01057
1005      492.97546     -  493.03036      -5.46359737743        4               0.0549
1006      493.04037     -  493.08037      -5.0370095963        10               0.04
1007      493.11494     -  493.1507      -4.37421083388        2               0.03576
1008      493.16324     -  493.24077      -4.66052200817        12               0.07753
1009      493.25065     -  493.3007      -4.37421083388        2               0.05005
1010      493.31069     -  493.33065      -4.06785708946        13               0.01996
1011      493.34065     -  493.41065      -4.19456349198        7               0.07
1012      493.4207     -  493.53069      -4.06785708946        13               0.10999
1013      493.54065     -  493.60065      -4.19456349198        7               0.0599999999999
1014      493.61065     -  494.23069      -4.06785708946        13               0.62004
1015      494.24076     -  494.30065      -4.19456349198        7               0.05989
1016      494.31065     -  494.39065      -4.06785708946        13               0.08
1017      494.40065     -  494.44065      -4.19456349198        7               0.04
1018      494.45069     -  494.47069      -4.29828842097        15               0.02
1019      494.48069     -  494.53063      -4.36699312985        1               0.04994
1020      494.54065     -  494.60065      -4.19456349198        7               0.0599999999999
1021      494.6107     -  494.69065      -4.29828842097        15               0.07995
1022      494.70069     -  494.8508      -4.19456349198        7               0.15011
1023      494.86069     -  494.86069      -4.37421083388        2               0.0
1024      494.87065     -  495.31069      -4.19456349198        7               0.44004
1025      495.32069     -  495.74069      -4.29828842097        15               0.42
1026      495.75069     -  495.88069      -4.36699312985        1               0.13
1027      495.89065     -  495.94069      -4.19456349198        7               0.05004
1028      495.95065     -  496.00069      -4.06785708946        13               0.05004
1029      496.01208     -  496.0407      -4.37421083388        2               0.02862
1030      496.06687     -  496.10037      -5.46359737743        4               0.0335
1031      496.11037     -  496.16033      -5.0370095963        10               0.04996
1032      496.17033     -  496.2112      -5.2760757936        14               0.04087
1033      496.22031     -  496.26463      -5.0370095963        10               0.04432
1034      496.28584     -  496.29032      -5.2760757936        14               0.00448
1035      496.30036     -  496.32037      -5.37092794875        5               0.02001
1036      496.3649     -  496.46065      -4.50947359542        6               0.09575
1037      496.47433     -  496.48323      -4.66052200817        12               0.00889999999998
1038      496.50615     -  496.51037      -5.46359737743        4               0.00422000000003
1039      496.55615     -  496.56219      -4.66052200817        12               0.00603999999998
1040      496.58533     -  496.63033      -5.37092794875        5               0.045
1041      496.66179     -  496.97064      -4.50947359542        6               0.30885
1042      496.98069     -  497.00064      -4.29828842097        15               0.01995
1043      497.01069     -  497.0324      -4.66052200817        12               0.02171
1044      497.05659     -  497.08037      -5.0370095963        10               0.02378
1045      497.09784     -  497.39319      -4.50947359542        6               0.29535
1046      497.40324     -  497.41533      -5.0370095963        10               0.01209
1047      497.43587     -  497.44032      -5.2760757936        14               0.00444999999996
1048      497.45033     -  497.50033      -5.0370095963        10               0.05
1049      497.53686     -  497.87072      -4.50947359542        6               0.33386
1050      497.89526     -  497.91036      -5.46359737743        4               0.0151
1051      497.92037     -  497.93097      -5.0370095963        10               0.0106
1052      497.97469     -  498.18069      -4.50947359542        6               0.206
1053      498.21083     -  498.30037      -5.0370095963        10               0.08954
1054      498.31033     -  498.34033      -5.2760757936        14               0.03
1055      498.35044     -  498.40033      -5.0370095963        10               0.04989
1056      498.43533     -  499.03324      -4.50947359542        6               0.59791
1057      499.04069     -  499.17065      -4.36699312985        1               0.12996
1058      499.18122     -  499.28069      -4.45618080333        11               0.09947
1059      499.29071     -  499.31069      -4.19456349198        7               0.01998
1060      499.32069     -  499.51661      -4.50947359542        6               0.19592
1061      499.53069     -  499.55069      -4.36699312985        1               0.02
1062      499.56069     -  499.61064      -4.29828842097        15               0.04995
1063      499.62069     -  499.68129      -4.36699312985        1               0.0606
1064      499.69069     -  499.70065      -4.29828842097        15               0.00995999999998
1065      499.71474     -  499.73069      -4.37421083388        2               0.01595
1066      499.76173     -  499.78037      -5.0370095963        10               0.01864
 
Means and total domain of each hidden state
---------------------------------------
0th hidden state
total number with this hidden state =  46
mean =  [-5.17121683]
total time_domain =  5.4496

1th hidden state
total number with this hidden state =  52
mean =  [-4.36699313]
total time_domain =  3.62341

2th hidden state
total number with this hidden state =  135
mean =  [-4.37421083]
total time_domain =  7.80699

3th hidden state
total number with this hidden state =  44
mean =  [-4.87362958]
total time_domain =  4.25802

4th hidden state
total number with this hidden state =  19
mean =  [-5.46359738]
total time_domain =  3.70993

5th hidden state
total number with this hidden state =  24
mean =  [-5.37092795]
total time_domain =  4.07434

6th hidden state
total number with this hidden state =  96
mean =  [-4.5094736]
total time_domain =  9.07603

7th hidden state
total number with this hidden state =  63
mean =  [-4.19456349]
total time_domain =  3.96236

8th hidden state
total number with this hidden state =  11
mean =  [-4.94665846]
total time_domain =  2.22809

9th hidden state
total number with this hidden state =  39
mean =  [-3.93633087]
total time_domain =  3.51249

10th hidden state
total number with this hidden state =  238
mean =  [-5.0370096]
total time_domain =  13.04209

11th hidden state
total number with this hidden state =  20
mean =  [-4.4561808]
total time_domain =  3.41471

12th hidden state
total number with this hidden state =  76
mean =  [-4.66052201]
total time_domain =  4.04429

13th hidden state
total number with this hidden state =  58
mean =  [-4.06785709]
total time_domain =  3.48206

14th hidden state
total number with this hidden state =  112
mean =  [-5.27607579]
total time_domain =  6.93653

15th hidden state
total number with this hidden state =  34
mean =  [-4.29828842]
total time_domain =  2.52395

