Number of Rows
--------------
3932
 
Hidden States
-------------
[5 5 5 ... 0 0 0]
 
Record of all hidden state
**********************************
No.     TIME Start  -  TIME End      VALUE           Hidden State {}th       Time domain
0      0.0446     -  0.12032      -5.7823169396        5               0.07572
1      0.13032     -  0.16037      -4.888402243        14               0.03005
2      0.17032     -  0.17032      -5.7823169396        5               0.0
3      0.18177     -  0.19032      -6.33399758904        8               0.00855
4      0.20037     -  0.20037      -6.4530003565        3               0.0
5      0.21037     -  0.21037      -6.4680054448        10               0.0
6      0.22032     -  0.24037      -6.33399758904        8               0.02005
7      0.25032     -  0.25032      -6.4530003565        3               0.0
8      0.26037     -  0.26037      -6.61751249968        2               0.0
9      0.27032     -  0.27032      -6.55292272424        7               0.0
10      0.28037     -  0.29116      -6.42490124913        0               0.01079
11      0.30037     -  0.30037      -6.61751249968        2               0.0
12      0.31037     -  0.31037      -6.55292272424        7               0.0
13      0.3204     -  0.35037      -6.42490124913        0               0.02997
14      0.36037     -  0.36037      -6.61751249968        2               0.0
15      0.37037     -  0.37037      -6.55292272424        7               0.0
16      0.38033     -  0.39031      -6.42490124913        0               0.00998
17      0.40062     -  0.40062      -6.61751249968        2               0.0
18      0.41036     -  0.41036      -6.55292272424        7               0.0
19      0.42037     -  0.49032      -6.42490124913        0               0.06995
20      0.50037     -  0.50037      -6.61751249968        2               0.0
21      0.51036     -  0.51036      -6.55292272424        7               0.0
22      0.52033     -  0.54111      -6.33399758904        8               0.02078
23      0.55036     -  0.55036      -6.4530003565        3               0.0
24      0.56037     -  0.56037      -6.4680054448        10               0.0
25      0.57046     -  0.58037      -6.33399758904        8               0.00991
26      0.59036     -  0.59036      -6.4530003565        3               0.0
27      0.60037     -  0.60037      -6.4680054448        10               0.0
28      0.61031     -  0.64091      -6.33399758904        8               0.0306
29      0.65076     -  0.65076      -6.4530003565        3               0.0
30      0.66036     -  0.66036      -6.61751249968        2               0.0
31      0.67037     -  0.67037      -6.55292272424        7               0.0
32      0.68032     -  0.69037      -6.42490124913        0               0.01005
33      0.70032     -  0.70032      -6.61751249968        2               0.0
34      0.71032     -  0.71032      -6.55292272424        7               0.0
35      0.72036     -  0.72036      -6.19380736795        12               0.0
36      0.73037     -  0.73037      -6.4680054448        10               0.0
37      0.74032     -  0.74032      -6.33399758904        8               0.0
38      0.75037     -  0.75037      -6.4530003565        3               0.0
39      0.76037     -  0.76037      -6.4680054448        10               0.0
40      0.77036     -  0.79032      -6.33399758904        8               0.01996
41      0.80032     -  0.80032      -6.4530003565        3               0.0
42      0.81037     -  0.81037      -6.4680054448        10               0.0
43      0.82032     -  0.84037      -6.33399758904        8               0.02005
44      0.85032     -  0.85032      -6.4530003565        3               0.0
45      0.86032     -  0.86032      -6.4680054448        10               0.0
46      0.87032     -  0.89037      -6.33399758904        8               0.02005
47      0.90062     -  0.90062      -6.4530003565        3               0.0
48      0.91032     -  0.91032      -6.4680054448        10               0.0
49      0.92037     -  0.94037      -6.33399758904        8               0.02
50      0.95037     -  0.95037      -6.4530003565        3               0.0
51      0.96032     -  0.96032      -6.4680054448        10               0.0
52      0.97037     -  0.97037      -6.33399758904        8               0.0
53      0.98037     -  0.98037      -6.19380736795        12               0.0
54      0.99032     -  0.99032      -5.7823169396        5               0.0
55      1.00037     -  1.13032      -6.0974649324        13               0.12995
56      1.14032     -  1.14032      -6.26150009236        11               0.0
57      1.15063     -  1.15063      -6.4530003565        3               0.0
58      1.16037     -  1.16037      -6.4680054448        10               0.0
59      1.17032     -  1.19032      -6.33399758904        8               0.02
60      1.20032     -  1.20032      -6.4530003565        3               0.0
61      1.21037     -  1.21037      -6.4680054448        10               0.0
62      1.22032     -  1.23032      -6.33399758904        8               0.01
63      1.24036     -  1.24036      -6.4530003565        3               0.0
64      1.25037     -  1.25037      -6.4680054448        10               0.0
65      1.26037     -  1.26037      -6.33399758904        8               0.0
66      1.27032     -  1.29037      -6.19380736795        12               0.02005
67      1.30037     -  1.30037      -6.4680054448        10               0.0
68      1.31037     -  1.34032      -6.33399758904        8               0.02995
69      1.35037     -  1.35037      -6.4530003565        3               0.0
70      1.36037     -  1.36037      -6.4680054448        10               0.0
71      1.37051     -  1.39095      -6.33399758904        8               0.02044
72      1.40066     -  1.40066      -6.4530003565        3               0.0
73      1.41037     -  1.41037      -6.4680054448        10               0.0
74      1.42032     -  1.44037      -6.33399758904        8               0.02005
75      1.45032     -  1.45032      -6.4530003565        3               0.0
76      1.46041     -  1.46041      -6.4680054448        10               0.0
77      1.47037     -  1.48055      -6.33399758904        8               0.01018
78      1.49037     -  1.49037      -6.4530003565        3               0.0
79      1.50032     -  1.50032      -6.4680054448        10               0.0
80      1.51037     -  1.51037      -6.33399758904        8               0.0
81      1.52032     -  1.52032      -6.4530003565        3               0.0
82      1.53041     -  1.53041      -6.4680054448        10               0.0
83      1.54112     -  1.54112      -6.33399758904        8               0.0
84      1.55032     -  1.55032      -6.4530003565        3               0.0
85      1.56037     -  1.56037      -6.4680054448        10               0.0
86      1.57046     -  1.59037      -6.33399758904        8               0.01991
87      1.60032     -  1.60032      -6.4530003565        3               0.0
88      1.61037     -  1.61037      -6.4680054448        10               0.0
89      1.62037     -  1.69032      -6.33399758904        8               0.06995
90      1.70037     -  1.70037      -6.4530003565        3               0.0
91      1.71041     -  1.71041      -6.4680054448        10               0.0
92      1.72037     -  1.74032      -6.33399758904        8               0.01995
93      1.75032     -  1.75032      -6.4530003565        3               0.0
94      1.76036     -  1.76036      -6.4680054448        10               0.0
95      1.77032     -  1.81037      -6.19380736795        12               0.04005
96      1.82047     -  1.82047      -5.7823169396        5               0.0
97      1.83037     -  1.84037      -6.33399758904        8               0.01
98      1.85036     -  1.85036      -6.4530003565        3               0.0
99      1.86032     -  1.86032      -6.4680054448        10               0.0
100      1.87055     -  1.89037      -6.33399758904        8               0.01982
101      1.90062     -  1.90062      -6.4530003565        3               0.0
102      1.91031     -  1.91031      -6.4680054448        10               0.0
103      1.92037     -  1.93172      -5.7823169396        5               0.01135
104      1.94031     -  1.99036      -6.26150009236        11               0.05005
105      2.00035     -  2.00035      -6.4530003565        3               0.0
106      2.01097     -  2.01097      -6.4680054448        10               0.0
107      2.02037     -  2.20032      -6.33399758904        8               0.17995
108      2.2104     -  2.29037      -6.19380736795        12               0.07997
109      2.30033     -  2.34037      -6.33399758904        8               0.04004
110      2.35033     -  2.35033      -6.4530003565        3               0.0
111      2.36037     -  2.36037      -6.4680054448        10               0.0
112      2.37037     -  2.39037      -6.33399758904        8               0.02
113      2.40032     -  2.40032      -6.4530003565        3               0.0
114      2.41032     -  2.41032      -6.4680054448        10               0.0
115      2.42032     -  2.44037      -6.33399758904        8               0.02005
116      2.45037     -  2.45037      -6.4530003565        3               0.0
117      2.46037     -  2.46037      -6.4680054448        10               0.0
118      2.47037     -  2.50037      -6.33399758904        8               0.03
119      2.51045     -  2.51045      -6.4530003565        3               0.0
120      2.52037     -  2.52037      -6.4680054448        10               0.0
121      2.53037     -  2.54037      -6.33399758904        8               0.01
122      2.55033     -  2.55033      -6.4530003565        3               0.0
123      2.56032     -  2.56032      -6.4680054448        10               0.0
124      2.57037     -  2.59037      -6.33399758904        8               0.02
125      2.60037     -  2.60037      -6.4530003565        3               0.0
126      2.61037     -  2.61037      -6.4680054448        10               0.0
127      2.62037     -  2.71046      -6.26150009236        11               0.09009
128      2.72032     -  3.00036      -6.0974649324        13               0.28004
129      3.01037     -  3.27031      -6.26150009236        11               0.25994
130      3.28033     -  3.4006      -6.0974649324        13               0.12027
131      3.41036     -  3.84033      -6.26150009236        11               0.42997
132      3.85036     -  3.85036      -6.4530003565        3               0.0
133      3.86033     -  3.86033      -6.4680054448        10               0.0
134      3.87036     -  3.89093      -6.33399758904        8               0.02057
135      3.9006     -  3.9006      -6.4530003565        3               0.0
136      3.91031     -  3.91031      -6.4680054448        10               0.0
137      3.92032     -  3.94037      -6.33399758904        8               0.02005
138      3.95036     -  3.95036      -6.4530003565        3               0.0
139      3.96037     -  3.96037      -6.4680054448        10               0.0
140      3.97032     -  4.00032      -6.33399758904        8               0.03
141      4.0106     -  4.0106      -6.4530003565        3               0.0
142      4.02037     -  4.02037      -6.4680054448        10               0.0
143      4.03032     -  4.03032      -6.33399758904        8               0.0
144      4.04116     -  4.04116      -6.4530003565        3               0.0
145      4.05036     -  4.06037      -6.4680054448        10               0.01001
146      4.07044     -  4.09036      -6.33399758904        8               0.01992
147      4.10037     -  4.10037      -6.4530003565        3               0.0
148      4.11036     -  4.11036      -6.4680054448        10               0.0
149      4.12055     -  4.14037      -6.33399758904        8               0.01982
150      4.15032     -  4.15032      -6.4530003565        3               0.0
151      4.16033     -  4.16033      -6.4680054448        10               0.0
152      4.17032     -  4.20037      -6.33399758904        8               0.03005
153      4.21039     -  4.21039      -6.4530003565        3               0.0
154      4.22033     -  4.32045      -6.26150009236        11               0.10012
155      4.33031     -  4.39038      -6.0974649324        13               0.06007
156      4.40036     -  5.01033      -6.26150009236        11               0.60997
157      5.02032     -  5.09033      -6.0974649324        13               0.07001
158      5.10036     -  5.25033      -6.26150009236        11               0.14997
159      5.26032     -  5.34037      -6.0974649324        13               0.08005
160      5.35036     -  5.57042      -6.26150009236        11               0.22006
161      5.58037     -  5.58037      -6.0974649324        13               0.0
162      5.59037     -  5.60037      -6.26150009236        11               0.01
163      5.61036     -  5.61036      -6.4530003565        3               0.0
164      5.62033     -  5.62033      -6.4680054448        10               0.0
165      5.63037     -  5.64032      -6.33399758904        8               0.00995
166      5.65032     -  5.65032      -6.4530003565        3               0.0
167      5.66037     -  5.66037      -6.4680054448        10               0.0
168      5.67036     -  5.69036      -6.33399758904        8               0.02
169      5.70037     -  5.70037      -6.19380736795        12               0.0
170      5.71032     -  5.71032      -6.4680054448        10               0.0
171      5.72032     -  5.73032      -6.33399758904        8               0.01
172      5.74032     -  5.74032      -6.4530003565        3               0.0
173      5.75036     -  5.75036      -6.4680054448        10               0.0
174      5.76037     -  5.79119      -6.33399758904        8               0.03082
175      5.80033     -  5.80033      -6.4530003565        3               0.0
176      5.81036     -  5.81036      -6.4680054448        10               0.0
177      5.82047     -  5.89036      -6.33399758904        8               0.06989
178      5.90037     -  5.90037      -6.4530003565        3               0.0
179      5.91036     -  5.91036      -6.4680054448        10               0.0
180      5.92032     -  6.00037      -6.33399758904        8               0.08005
181      6.01032     -  6.01032      -6.4530003565        3               0.0
182      6.02032     -  6.02032      -6.4680054448        10               0.0
183      6.03037     -  6.05036      -6.33399758904        8               0.01999
184      6.06032     -  6.10037      -6.19380736795        12               0.04005
185      6.11037     -  6.14094      -6.33399758904        8               0.03057
186      6.15062     -  6.15062      -6.4530003565        3               0.0
187      6.16031     -  6.16031      -6.4680054448        10               0.0
188      6.17033     -  6.25032      -6.26150009236        11               0.07999
189      6.26036     -  6.30032      -6.0974649324        13               0.03996
190      6.31037     -  6.34037      -6.26150009236        11               0.03
191      6.35037     -  6.49032      -6.0974649324        13               0.13995
192      6.50031     -  6.55037      -6.26150009236        11               0.05006
193      6.56032     -  6.87036      -6.0974649324        13               0.31004
194      6.88033     -  6.91032      -5.7823169396        5               0.02999
195      6.92033     -  6.97036      -6.19380736795        12               0.05003
196      6.98032     -  7.08036      -5.7823169396        5               0.10004
197      7.09037     -  7.63033      -6.0974649324        13               0.53996
198      7.64037     -  7.72037      -6.26150009236        11               0.08
199      7.73036     -  7.77036      -6.0974649324        13               0.04
200      7.78033     -  7.97036      -6.26150009236        11               0.19003
201      7.98038     -  7.98038      -5.7823169396        5               0.0
202      7.99036     -  8.00033      -4.888402243        14               0.00997
203      8.01032     -  8.07041      -6.0974649324        13               0.06009
204      8.08037     -  8.11031      -6.26150009236        11               0.02994
205      8.12032     -  8.18032      -4.888402243        14               0.06
206      8.19037     -  8.19037      -5.7823169396        5               0.0
207      8.20036     -  8.37037      -6.26150009236        11               0.17001
208      8.38037     -  8.4604      -6.0974649324        13               0.08003
209      8.47032     -  8.58037      -6.26150009236        11               0.11005
210      8.59036     -  8.61037      -5.7823169396        5               0.02001
211      8.62042     -  8.64032      -6.33399758904        8               0.0199
212      8.65037     -  8.65037      -6.4530003565        3               0.0
213      8.66033     -  8.66033      -6.4680054448        10               0.0
214      8.67036     -  8.69037      -6.33399758904        8               0.02001
215      8.70037     -  8.70037      -6.4530003565        3               0.0
216      8.71037     -  8.71037      -6.4680054448        10               0.0
217      8.72032     -  8.74032      -6.33399758904        8               0.02
218      8.75036     -  8.75036      -6.4530003565        3               0.0
219      8.76098     -  8.77037      -6.4680054448        10               0.00939
220      8.78037     -  8.79032      -6.33399758904        8               0.00995
221      8.80037     -  8.80037      -6.4530003565        3               0.0
222      8.81032     -  8.81032      -6.4680054448        10               0.0
223      8.82037     -  8.85037      -6.33399758904        8               0.03
224      8.86037     -  8.86037      -6.4530003565        3               0.0
225      8.87037     -  8.87037      -6.4680054448        10               0.0
226      8.88037     -  8.89032      -6.33399758904        8               0.00995
227      8.90032     -  8.90032      -6.4530003565        3               0.0
228      8.91032     -  8.91032      -6.4680054448        10               0.0
229      8.92033     -  8.94037      -6.33399758904        8               0.02004
230      8.95055     -  8.95055      -6.4530003565        3               0.0
231      8.96043     -  8.96043      -6.4680054448        10               0.0
232      8.97032     -  8.99032      -6.33399758904        8               0.02
233      9.00037     -  9.00037      -6.4530003565        3               0.0
234      9.01032     -  9.02032      -6.4680054448        10               0.01
235      9.03032     -  9.03032      -6.33399758904        8               0.0
236      9.04114     -  9.04114      -6.4530003565        3               0.0
237      9.05037     -  9.05037      -6.4680054448        10               0.0
238      9.06037     -  9.19036      -6.33399758904        8               0.12999
239      9.20033     -  9.20033      -6.4530003565        3               0.0
240      9.21032     -  9.21032      -6.4680054448        10               0.0
241      9.22033     -  9.68173      -6.26150009236        11               0.4614
242      9.69037     -  9.84033      -6.0974649324        13               0.14996
243      9.85031     -  9.99032      -6.26150009236        11               0.14001
244      10.00033     -  10.30033      -6.0974649324        13               0.3
245      10.31032     -  10.95037      -6.26150009236        11               0.64005
246      10.96041     -  10.96041      -6.4530003565        3               0.0
247      10.97037     -  10.97037      -6.4680054448        10               0.0
248      10.98059     -  11.00032      -6.33399758904        8               0.01973
249      11.01032     -  11.01032      -6.4530003565        3               0.0
250      11.02032     -  11.02032      -6.4680054448        10               0.0
251      11.03037     -  11.80032      -6.26150009236        11               0.76995
252      11.81033     -  11.81033      -6.4530003565        3               0.0
253      11.82032     -  11.82032      -6.4680054448        10               0.0
254      11.83033     -  11.83033      -6.33399758904        8               0.0
255      11.84032     -  11.86037      -6.19380736795        12               0.02005
256      11.87033     -  11.89033      -6.33399758904        8               0.02
257      11.90063     -  11.90063      -6.4530003565        3               0.0
258      11.91037     -  11.91037      -6.4680054448        10               0.0
259      11.92036     -  11.97031      -6.33399758904        8               0.04995
260      11.98033     -  11.99036      -6.19380736795        12               0.01003
261      12.00031     -  12.0108      -6.61751249968        2               0.01049
262      12.02037     -  12.02037      -6.55292272424        7               0.0
263      12.03037     -  12.05033      -6.19380736795        12               0.01996
264      12.06037     -  12.06037      -6.42490124913        0               0.0
265      12.07037     -  12.07037      -6.61751249968        2               0.0
266      12.08037     -  12.08037      -6.55292272424        7               0.0
267      12.09033     -  12.10032      -6.42490124913        0               0.00999
268      12.11037     -  12.11037      -6.61751249968        2               0.0
269      12.12037     -  12.12037      -6.55292272424        7               0.0
270      12.13037     -  12.14037      -6.42490124913        0               0.01
271      12.15068     -  12.16037      -6.61751249968        2               0.00969
272      12.17033     -  12.17033      -6.55292272424        7               0.0
273      12.18176     -  12.19037      -6.19380736795        12               0.00861
274      12.20032     -  12.20032      -6.61751249968        2               0.0
275      12.21037     -  12.21037      -6.55292272424        7               0.0
276      12.22032     -  12.28036      -6.42490124913        0               0.06004
277      12.29113     -  12.30032      -6.61751249968        2               0.00919
278      12.31038     -  12.31038      -6.55292272424        7               0.0
279      12.32047     -  12.32047      -6.42490124913        0               0.0
280      12.33033     -  12.33033      -6.61751249968        2               0.0
281      12.34041     -  12.34041      -6.55292272424        7               0.0
282      12.35037     -  12.35037      -6.42490124913        0               0.0
283      12.36036     -  12.36036      -6.61751249968        2               0.0
284      12.37037     -  12.37037      -6.55292272424        7               0.0
285      12.38037     -  12.41037      -6.42490124913        0               0.03
286      12.42046     -  12.42046      -6.61751249968        2               0.0
287      12.43033     -  12.43033      -6.55292272424        7               0.0
288      12.44032     -  12.44032      -6.33399758904        8               0.0
289      12.45037     -  12.45037      -6.4530003565        3               0.0
290      12.46037     -  12.46037      -6.4680054448        10               0.0
291      12.47033     -  12.50032      -6.33399758904        8               0.02999
292      12.51033     -  12.51033      -6.4530003565        3               0.0
293      12.52037     -  12.52037      -6.4680054448        10               0.0
294      12.53037     -  12.54114      -6.33399758904        8               0.01077
295      12.55033     -  12.55033      -6.4530003565        3               0.0
296      12.56036     -  12.56036      -6.4680054448        10               0.0
297      12.57047     -  12.59037      -6.33399758904        8               0.0199
298      12.60036     -  12.60036      -6.4530003565        3               0.0
299      12.61037     -  12.61037      -6.61751249968        2               0.0
300      12.62037     -  12.62037      -6.55292272424        7               0.0
301      12.63037     -  12.64037      -6.42490124913        0               0.01
302      12.65032     -  12.65032      -6.61751249968        2               0.0
303      12.66033     -  12.66033      -6.55292272424        7               0.0
304      12.67037     -  12.69036      -6.42490124913        0               0.01999
305      12.70062     -  12.71042      -6.61751249968        2               0.0098
306      12.72037     -  12.72037      -6.55292272424        7               0.0
307      12.73032     -  12.74033      -6.42490124913        0               0.01001
308      12.75032     -  12.75032      -6.61751249968        2               0.0
309      12.7608     -  12.7608      -6.55292272424        7               0.0
310      12.77037     -  12.82037      -6.42490124913        0               0.05
311      12.83037     -  12.86033      -6.61751249968        2               0.02996
312      12.87037     -  12.87037      -6.55292272424        7               0.0
313      12.88033     -  12.90033      -6.42490124913        0               0.02
314      12.91037     -  12.91037      -6.61751249968        2               0.0
315      12.92037     -  12.92037      -6.55292272424        7               0.0
316      12.93037     -  12.94037      -6.42490124913        0               0.01
317      12.95037     -  12.97036      -6.61751249968        2               0.01999
318      12.98033     -  12.98033      -6.55292272424        7               0.0
319      12.99035     -  12.99035      -6.42490124913        0               0.0
320      13.00032     -  13.02032      -6.61751249968        2               0.02
321      13.03037     -  13.03037      -6.55292272424        7               0.0
322      13.04037     -  13.04037      -6.42490124913        0               0.0
323      13.05033     -  13.06037      -6.61751249968        2               0.01004
324      13.07033     -  13.07033      -6.55292272424        7               0.0
325      13.08037     -  13.09037      -6.42490124913        0               0.01
326      13.10032     -  13.12032      -6.61751249968        2               0.02
327      13.13037     -  13.13037      -6.55292272424        7               0.0
328      13.14037     -  13.14037      -6.42490124913        0               0.0
329      13.15037     -  13.17033      -6.61751249968        2               0.01996
330      13.18037     -  13.18037      -6.55292272424        7               0.0
331      13.19037     -  13.19037      -6.42490124913        0               0.0
332      13.20037     -  13.22037      -6.61751249968        2               0.02
333      13.23033     -  13.23033      -6.4680054448        10               0.0
334      13.24032     -  13.24032      -6.33399758904        8               0.0
335      13.25037     -  13.25037      -6.4530003565        3               0.0
336      13.26037     -  13.26037      -6.4680054448        10               0.0
337      13.27033     -  13.29033      -6.33399758904        8               0.02
338      13.30037     -  13.30037      -6.4530003565        3               0.0
339      13.31058     -  13.31058      -6.4680054448        10               0.0
340      13.32043     -  13.32043      -6.33399758904        8               0.0
341      13.33037     -  13.33037      -6.19380736795        12               0.0
342      13.34032     -  13.35033      -6.42490124913        0               0.01001
343      13.36037     -  13.36037      -6.61751249968        2               0.0
344      13.37038     -  13.37038      -6.55292272424        7               0.0
345      13.38037     -  13.40032      -6.42490124913        0               0.01995
346      13.41038     -  13.41038      -6.61751249968        2               0.0
347      13.42037     -  13.42037      -6.55292272424        7               0.0
348      13.43038     -  13.44037      -6.42490124913        0               0.00999
349      13.45033     -  13.45033      -6.61751249968        2               0.0
350      13.46047     -  13.46047      -6.55292272424        7               0.0
351      13.47033     -  13.65032      -6.42490124913        0               0.17999
352      13.66037     -  13.66037      -6.61751249968        2               0.0
353      13.67032     -  13.67032      -6.55292272424        7               0.0
354      13.68172     -  13.68172      -6.42490124913        0               0.0
355      13.69036     -  13.69036      -5.7823169396        5               0.0
356      13.70037     -  13.70037      -6.42490124913        0               0.0
357      13.71047     -  13.72033      -6.61751249968        2               0.00986
358      13.73032     -  13.73032      -6.55292272424        7               0.0
359      13.74037     -  13.74037      -6.42490124913        0               0.0
360      13.75036     -  13.76037      -6.61751249968        2               0.01001
361      13.77036     -  13.77036      -6.55292272424        7               0.0
362      13.78033     -  13.85032      -6.42490124913        0               0.06999
363      13.86033     -  13.86033      -6.61751249968        2               0.0
364      13.87032     -  13.87032      -6.55292272424        7               0.0
365      13.88037     -  13.89089      -6.42490124913        0               0.01052
366      13.90033     -  13.91037      -6.61751249968        2               0.01004
367      13.92033     -  13.92033      -6.55292272424        7               0.0
368      13.93037     -  13.93037      -6.42490124913        0               0.0
369      13.94033     -  13.97037      -5.7823169396        5               0.03004
370      13.98033     -  13.99037      -6.33399758904        8               0.01004
371      14.00033     -  14.00033      -6.4530003565        3               0.0
372      14.01037     -  14.02037      -6.61751249968        2               0.01
373      14.03037     -  14.03037      -6.55292272424        7               0.0
374      14.04121     -  14.04121      -6.42490124913        0               0.0
375      14.05037     -  14.05037      -6.61751249968        2               0.0
376      14.06033     -  14.06033      -6.55292272424        7               0.0
377      14.07047     -  14.10037      -6.42490124913        0               0.0299
378      14.11032     -  14.12033      -6.61751249968        2               0.01001
379      14.13032     -  14.13032      -6.55292272424        7               0.0
380      14.14037     -  14.14037      -6.42490124913        0               0.0
381      14.15063     -  14.15063      -6.61751249968        2               0.0
382      14.16032     -  14.16032      -6.55292272424        7               0.0
383      14.17038     -  14.17038      -6.42490124913        0               0.0
384      14.18037     -  14.21037      -6.61751249968        2               0.03
385      14.22032     -  14.22032      -6.55292272424        7               0.0
386      14.23033     -  14.24032      -6.42490124913        0               0.00999
387      14.25037     -  14.25037      -6.61751249968        2               0.0
388      14.26037     -  14.26037      -6.55292272424        7               0.0
389      14.27037     -  14.30032      -6.42490124913        0               0.02995
390      14.31033     -  14.31033      -6.61751249968        2               0.0
391      14.32047     -  14.32047      -6.55292272424        7               0.0
392      14.33037     -  14.35037      -6.42490124913        0               0.02
393      14.36032     -  14.37037      -6.61751249968        2               0.01005
394      14.38032     -  14.38032      -6.55292272424        7               0.0
395      14.39038     -  14.39038      -6.42490124913        0               0.0
396      14.40064     -  14.42032      -6.61751249968        2               0.01968
397      14.43173     -  14.43173      -6.55292272424        7               0.0
398      14.44032     -  14.45033      -6.42490124913        0               0.01001
399      14.46049     -  14.47037      -6.61751249968        2               0.00988
400      14.48037     -  14.48037      -6.55292272424        7               0.0
401      14.49033     -  14.49033      -6.42490124913        0               0.0
402      14.50032     -  14.51045      -6.61751249968        2               0.01013
403      14.52032     -  14.52032      -6.55292272424        7               0.0
404      14.53037     -  14.55037      -6.42490124913        0               0.02
405      14.56037     -  14.56037      -6.61751249968        2               0.0
406      14.57048     -  14.57048      -6.55292272424        7               0.0
407      14.58036     -  14.59041      -6.42490124913        0               0.01005
408      14.60037     -  14.62037      -6.61751249968        2               0.02
409      14.63033     -  14.63033      -6.55292272424        7               0.0
410      14.64032     -  14.64032      -6.42490124913        0               0.0
411      14.65109     -  14.67033      -6.61751249968        2               0.01924
412      14.68037     -  14.68037      -6.55292272424        7               0.0
413      14.69037     -  14.69037      -6.42490124913        0               0.0
414      14.70037     -  14.72037      -6.61751249968        2               0.02
415      14.73037     -  14.73037      -6.55292272424        7               0.0
416      14.74032     -  14.76032      -6.42490124913        0               0.02
417      14.77033     -  14.77033      -6.61751249968        2               0.0
418      14.78032     -  14.78032      -6.55292272424        7               0.0
419      14.79033     -  14.80032      -6.42490124913        0               0.00999
420      14.81033     -  14.82047      -6.61751249968        2               0.01014
421      14.83037     -  14.83037      -6.55292272424        7               0.0
422      14.84037     -  14.84037      -6.42490124913        0               0.0
423      14.85037     -  14.86032      -6.61751249968        2               0.00995
424      14.87033     -  14.87033      -6.55292272424        7               0.0
425      14.88032     -  14.89033      -6.42490124913        0               0.01001
426      14.90069     -  14.91033      -6.61751249968        2               0.00964
427      14.92032     -  14.92032      -6.55292272424        7               0.0
428      14.93178     -  14.94032      -6.42490124913        0               0.00854
429      14.95033     -  14.97037      -6.61751249968        2               0.02004
430      14.98032     -  14.98032      -6.55292272424        7               0.0
431      14.99037     -  14.99037      -6.42490124913        0               0.0
432      15.00032     -  15.02032      -6.61751249968        2               0.02
433      15.03033     -  15.03033      -6.55292272424        7               0.0
434      15.04037     -  15.04037      -6.42490124913        0               0.0
435      15.05033     -  15.07033      -6.61751249968        2               0.02
436      15.08032     -  15.08032      -6.55292272424        7               0.0
437      15.09033     -  15.10032      -6.42490124913        0               0.00999
438      15.11033     -  15.12032      -6.61751249968        2               0.00999
439      15.13037     -  15.13037      -6.55292272424        7               0.0
440      15.14089     -  15.14089      -6.42490124913        0               0.0
441      15.15064     -  15.16037      -6.61751249968        2               0.00973
442      15.17033     -  15.17033      -6.55292272424        7               0.0
443      15.18172     -  15.21044      -6.42490124913        0               0.02872
444      15.22032     -  15.22032      -6.61751249968        2               0.0
445      15.23033     -  15.23033      -6.55292272424        7               0.0
446      15.24037     -  15.25033      -6.42490124913        0               0.00996
447      15.26032     -  15.26032      -6.61751249968        2               0.0
448      15.27033     -  15.27033      -6.55292272424        7               0.0
449      15.28037     -  15.28037      -6.42490124913        0               0.0
450      15.29117     -  15.29117      -6.61751249968        2               0.0
451      15.30032     -  15.40066      -6.33399758904        8               0.10034
452      15.41033     -  15.41033      -6.4530003565        3               0.0
453      15.42032     -  15.42032      -6.4680054448        10               0.0
454      15.43033     -  15.43033      -6.33399758904        8               0.0
455      15.44032     -  15.44032      -6.19380736795        12               0.0
456      15.45033     -  15.45033      -6.4680054448        10               0.0
457      15.46044     -  15.46044      -6.33399758904        8               0.0
458      15.47037     -  15.47037      -6.19380736795        12               0.0
459      15.48037     -  15.50037      -6.42490124913        0               0.02
460      15.51038     -  15.51038      -6.61751249968        2               0.0
461      15.52032     -  15.52032      -6.55292272424        7               0.0
462      15.53038     -  15.5412      -6.42490124913        0               0.01082
463      15.55033     -  15.55033      -6.61751249968        2               0.0
464      15.56037     -  15.56037      -6.55292272424        7               0.0
465      15.57033     -  15.60036      -6.42490124913        0               0.03003
466      15.61033     -  15.61033      -6.61751249968        2               0.0
467      15.62037     -  15.62037      -6.55292272424        7               0.0
468      15.63033     -  15.64032      -6.42490124913        0               0.00999
469      15.65116     -  15.67033      -6.61751249968        2               0.01917
470      15.68172     -  15.68172      -6.55292272424        7               0.0
471      15.69033     -  15.70032      -6.42490124913        0               0.00999
472      15.71044     -  15.71044      -6.61751249968        2               0.0
473      15.72032     -  15.72032      -6.55292272424        7               0.0
474      15.73033     -  15.75038      -6.42490124913        0               0.02005
475      15.76032     -  15.76032      -6.61751249968        2               0.0
476      15.77038     -  15.77038      -6.55292272424        7               0.0
477      15.78036     -  15.79116      -6.42490124913        0               0.0108
478      15.80036     -  15.80036      -6.61751249968        2               0.0
479      15.81033     -  15.81033      -6.55292272424        7               0.0
480      15.82046     -  15.85033      -6.42490124913        0               0.02987
481      15.86037     -  15.87033      -6.61751249968        2               0.00996
482      15.88036     -  15.88036      -6.55292272424        7               0.0
483      15.89033     -  15.89033      -6.42490124913        0               0.0
484      15.90032     -  15.90032      -6.61751249968        2               0.0
485      15.91037     -  15.91037      -6.55292272424        7               0.0
486      15.92032     -  16.00032      -6.42490124913        0               0.08
487      16.01038     -  16.01038      -6.61751249968        2               0.0
488      16.02032     -  16.02032      -6.55292272424        7               0.0
489      16.03033     -  16.04114      -6.42490124913        0               0.01081
490      16.05038     -  16.05038      -6.61751249968        2               0.0
491      16.06036     -  16.06036      -6.55292272424        7               0.0
492      16.07044     -  16.10032      -6.33399758904        8               0.02988
493      16.11038     -  16.11038      -6.4530003565        3               0.0
494      16.12036     -  16.13032      -6.4680054448        10               0.00996
495      16.14032     -  16.15068      -6.33399758904        8               0.01036
496      16.16031     -  16.16031      -6.4530003565        3               0.0
497      16.17036     -  16.17036      -6.4680054448        10               0.0
498      16.18177     -  16.28032      -6.26150009236        11               0.09855
499      16.29116     -  16.30032      -4.888402243        14               0.00916
500      16.31033     -  16.31033      -6.55292272424        7               0.0
501      16.32047     -  16.34032      -6.42490124913        0               0.01985
502      16.35037     -  16.36036      -6.61751249968        2               0.00999
503      16.37038     -  16.37038      -6.55292272424        7               0.0
504      16.38032     -  16.40032      -6.42490124913        0               0.02
505      16.41037     -  16.41037      -6.61751249968        2               0.0
506      16.42032     -  16.42032      -6.55292272424        7               0.0
507      16.43033     -  16.50037      -6.42490124913        0               0.07004
508      16.51042     -  16.51042      -6.61751249968        2               0.0
509      16.52037     -  16.52037      -6.55292272424        7               0.0
510      16.53038     -  16.54037      -6.33399758904        8               0.00999
511      16.55033     -  16.56032      -6.19380736795        12               0.00999
512      16.57033     -  16.57033      -6.4680054448        10               0.0
513      16.58032     -  16.66037      -6.33399758904        8               0.08005
514      16.67037     -  16.67037      -6.4530003565        3               0.0
515      16.68037     -  16.68037      -6.4680054448        10               0.0
516      16.69033     -  16.69033      -6.33399758904        8               0.0
517      16.70037     -  16.70037      -6.4530003565        3               0.0
518      16.71037     -  16.72037      -6.4680054448        10               0.01
519      16.73033     -  16.96032      -6.26150009236        11               0.22999
520      16.97037     -  16.97037      -6.4530003565        3               0.0
521      16.98032     -  16.98032      -6.4680054448        10               0.0
522      16.99038     -  17.01038      -6.33399758904        8               0.02
523      17.02036     -  17.02036      -6.4530003565        3               0.0
524      17.03038     -  17.03038      -6.4680054448        10               0.0
525      17.04121     -  17.04121      -6.33399758904        8               0.0
526      17.05037     -  17.05037      -6.4530003565        3               0.0
527      17.06036     -  17.06036      -6.61751249968        2               0.0
528      17.07048     -  17.07048      -6.55292272424        7               0.0
529      17.08033     -  17.11032      -6.42490124913        0               0.02999
530      17.12033     -  17.12033      -6.61751249968        2               0.0
531      17.13036     -  17.13036      -6.4680054448        10               0.0
532      17.14037     -  17.16038      -6.33399758904        8               0.02001
533      17.17037     -  17.17037      -6.4530003565        3               0.0
534      17.18033     -  17.68033      -6.26150009236        11               0.5
535      17.69032     -  17.70033      -6.0974649324        13               0.01001
536      17.71049     -  18.21044      -6.26150009236        11               0.49995
537      18.22033     -  18.22033      -6.4530003565        3               0.0
538      18.23037     -  18.23037      -6.4680054448        10               0.0
539      18.24035     -  18.24035      -6.33399758904        8               0.0
540      18.25036     -  18.25036      -6.4530003565        3               0.0
541      18.26063     -  18.28033      -6.4680054448        10               0.0197
542      18.29114     -  18.31037      -6.33399758904        8               0.01923
543      18.32043     -  18.32043      -6.4530003565        3               0.0
544      18.33037     -  18.33037      -6.4680054448        10               0.0
545      18.34033     -  18.36037      -6.33399758904        8               0.02004
546      18.37037     -  18.37037      -6.4530003565        3               0.0
547      18.38033     -  18.38033      -6.4680054448        10               0.0
548      18.39032     -  18.39032      -6.33399758904        8               0.0
549      18.4007     -  18.4007      -6.4530003565        3               0.0
550      18.41036     -  18.41036      -6.61751249968        2               0.0
551      18.42033     -  18.42033      -6.55292272424        7               0.0
552      18.43172     -  18.45032      -6.42490124913        0               0.0186
553      18.4605     -  18.4605      -6.61751249968        2               0.0
554      18.47037     -  18.47037      -6.55292272424        7               0.0
555      18.48033     -  18.53037      -6.19380736795        12               0.05004
556      18.54116     -  18.54116      -6.4680054448        10               0.0
557      18.55032     -  18.55032      -6.33399758904        8               0.0
558      18.56038     -  18.56038      -6.4530003565        3               0.0
559      18.57048     -  18.57048      -6.4680054448        10               0.0
560      18.58037     -  18.59037      -6.33399758904        8               0.01
561      18.60033     -  18.60033      -6.4530003565        3               0.0
562      18.61037     -  18.61037      -6.61751249968        2               0.0
563      18.62058     -  18.62058      -6.55292272424        7               0.0
564      18.63032     -  18.65116      -6.42490124913        0               0.02084
565      18.66033     -  18.66033      -6.61751249968        2               0.0
566      18.67037     -  18.67037      -6.55292272424        7               0.0
567      18.68177     -  18.71044      -6.42490124913        0               0.02867
568      18.72038     -  18.72038      -6.61751249968        2               0.0
569      18.73032     -  18.73032      -6.55292272424        7               0.0
570      18.74032     -  18.75037      -6.42490124913        0               0.01005
571      18.76037     -  18.77031      -6.61751249968        2               0.00994
572      18.78032     -  18.78032      -6.55292272424        7               0.0
573      18.7912     -  18.7912      -6.42490124913        0               0.0
574      18.80036     -  18.82038      -6.61751249968        2               0.02002
575      18.83037     -  18.83037      -6.55292272424        7               0.0
576      18.84037     -  18.85037      -6.42490124913        0               0.01
577      18.86038     -  18.87037      -6.61751249968        2               0.00999
578      18.88038     -  18.88038      -6.55292272424        7               0.0
579      18.89032     -  18.91037      -6.42490124913        0               0.02005
580      18.92037     -  18.92037      -6.61751249968        2               0.0
581      18.93172     -  18.93172      -6.55292272424        7               0.0
582      18.94033     -  18.94033      -6.42490124913        0               0.0
583      18.95037     -  18.97036      -6.61751249968        2               0.01999
584      18.98033     -  18.98033      -6.55292272424        7               0.0
585      18.99037     -  19.03032      -6.19380736795        12               0.03995
586      19.04038     -  19.04038      -5.7823169396        5               0.0
587      19.05036     -  19.11037      -6.19380736795        12               0.06001
588      19.12038     -  19.13037      -6.33399758904        8               0.00999
589      19.14033     -  19.14033      -6.4530003565        3               0.0
590      19.15064     -  19.15064      -6.4680054448        10               0.0
591      19.16033     -  19.16033      -6.33399758904        8               0.0
592      19.17037     -  19.17037      -6.4530003565        3               0.0
593      19.18178     -  19.18178      -6.4680054448        10               0.0
594      19.19037     -  19.21032      -6.33399758904        8               0.01995
595      19.22037     -  19.22037      -6.4530003565        3               0.0
596      19.23037     -  19.23037      -6.4680054448        10               0.0
597      19.24037     -  19.26037      -6.33399758904        8               0.02
598      19.27032     -  19.27032      -6.4530003565        3               0.0
599      19.28038     -  19.28038      -6.4680054448        10               0.0
600      19.29116     -  19.31036      -6.33399758904        8               0.0192
601      19.32043     -  19.32043      -6.4530003565        3               0.0
602      19.33037     -  19.33037      -6.4680054448        10               0.0
603      19.34037     -  19.37037      -6.33399758904        8               0.03
604      19.38033     -  19.44038      -6.19380736795        12               0.06005
605      19.45036     -  19.45036      -5.7823169396        5               0.0
606      19.46049     -  19.48038      -4.888402243        14               0.01989
607      19.49032     -  19.56038      -5.7823169396        5               0.07006
608      19.57047     -  19.6204      -6.19380736795        12               0.04993
609      19.63036     -  19.63036      -6.4680054448        10               0.0
610      19.64033     -  19.66033      -6.33399758904        8               0.02
611      19.67037     -  19.67037      -6.4530003565        3               0.0
612      19.68173     -  19.68173      -6.4680054448        10               0.0
613      19.69032     -  19.71049      -6.33399758904        8               0.02017
614      19.72033     -  19.72033      -6.4530003565        3               0.0
615      19.73036     -  19.73036      -6.4680054448        10               0.0
616      19.74033     -  19.76037      -6.33399758904        8               0.02004
617      19.77032     -  19.77032      -6.4530003565        3               0.0
618      19.78037     -  19.78037      -6.4680054448        10               0.0
619      19.79114     -  19.81032      -6.33399758904        8               0.01918
620      19.82048     -  19.82048      -6.4530003565        3               0.0
621      19.83037     -  19.83037      -6.4680054448        10               0.0
622      19.84038     -  19.91032      -6.33399758904        8               0.06994
623      19.92053     -  19.92053      -6.4530003565        3               0.0
624      19.93174     -  19.93174      -6.4680054448        10               0.0
625      19.94037     -  20.01036      -6.33399758904        8               0.06999
626      20.02037     -  20.02037      -6.4530003565        3               0.0
627      20.03032     -  20.03032      -6.4680054448        10               0.0
628      20.04115     -  20.10031      -6.33399758904        8               0.05916
629      20.11038     -  20.11038      -6.4530003565        3               0.0
630      20.12037     -  20.12037      -6.4680054448        10               0.0
631      20.13036     -  20.20037      -6.33399758904        8               0.07001
632      20.21032     -  20.21032      -6.4530003565        3               0.0
633      20.22037     -  20.23032      -6.61751249968        2               0.00995
634      20.24033     -  20.24033      -6.55292272424        7               0.0
635      20.25032     -  20.26037      -6.42490124913        0               0.01005
636      20.27036     -  20.27036      -6.61751249968        2               0.0
637      20.28033     -  20.28033      -6.55292272424        7               0.0
638      20.29116     -  20.31038      -6.42490124913        0               0.01922
639      20.32046     -  20.32046      -6.61751249968        2               0.0
640      20.33037     -  20.33037      -6.55292272424        7               0.0
641      20.34038     -  20.35031      -6.42490124913        0               0.00993
642      20.36036     -  20.38032      -6.61751249968        2               0.01996
643      20.39033     -  20.39033      -6.55292272424        7               0.0
644      20.40037     -  20.40037      -6.42490124913        0               0.0
645      20.41033     -  20.42032      -6.61751249968        2               0.00999
646      20.43037     -  20.43037      -6.55292272424        7               0.0
647      20.44037     -  20.45037      -6.42490124913        0               0.01
648      20.4605     -  20.47038      -6.61751249968        2               0.00988
649      20.48032     -  20.48032      -6.55292272424        7               0.0
650      20.49037     -  20.55037      -6.19380736795        12               0.06
651      20.56032     -  20.56032      -6.4680054448        10               0.0
652      20.57049     -  20.61033      -6.33399758904        8               0.03984
653      20.62032     -  20.62032      -6.4530003565        3               0.0
654      20.63033     -  20.63033      -6.4680054448        10               0.0
655      20.64036     -  20.66036      -6.33399758904        8               0.02
656      20.67032     -  20.67032      -6.4530003565        3               0.0
657      20.68172     -  20.68172      -6.4680054448        10               0.0
658      20.69031     -  20.70038      -6.33399758904        8               0.01007
659      20.71042     -  20.71042      -6.4530003565        3               0.0
660      20.72037     -  20.72037      -6.61751249968        2               0.0
661      20.73059     -  20.73059      -6.55292272424        7               0.0
662      20.74038     -  20.76037      -6.42490124913        0               0.01999
663      20.77037     -  20.77037      -6.61751249968        2               0.0
664      20.78033     -  20.78033      -6.55292272424        7               0.0
665      20.79032     -  20.81032      -6.42490124913        0               0.02
666      20.82033     -  20.82033      -6.61751249968        2               0.0
667      20.83036     -  20.83036      -6.4680054448        10               0.0
668      20.84033     -  20.86033      -6.33399758904        8               0.02
669      20.87032     -  20.87032      -6.4530003565        3               0.0
670      20.88037     -  20.88037      -6.4680054448        10               0.0
671      20.89037     -  20.91032      -6.33399758904        8               0.01995
672      20.92033     -  20.92033      -6.4530003565        3               0.0
673      20.93037     -  20.93037      -6.4680054448        10               0.0
674      20.94037     -  20.96044      -6.33399758904        8               0.02007
675      20.97032     -  20.97032      -6.4530003565        3               0.0
676      20.98033     -  20.98033      -6.4680054448        10               0.0
677      20.99032     -  21.03032      -6.33399758904        8               0.04
678      21.04121     -  21.06033      -6.19380736795        12               0.01912
679      21.07037     -  21.08037      -6.4680054448        10               0.01
680      21.09037     -  21.11032      -6.33399758904        8               0.01995
681      21.1206     -  21.1206      -6.4530003565        3               0.0
682      21.13036     -  21.13036      -6.4680054448        10               0.0
683      21.14089     -  21.21048      -6.26150009236        11               0.06959
684      21.22037     -  21.35037      -6.0974649324        13               0.13
685      21.36038     -  21.36038      -6.26150009236        11               0.0
686      21.37037     -  21.37037      -6.4530003565        3               0.0
687      21.38037     -  21.39032      -6.4680054448        10               0.00995
688      21.40067     -  21.41037      -6.33399758904        8               0.0097
689      21.42033     -  21.42033      -6.4530003565        3               0.0
690      21.43178     -  21.43178      -6.4680054448        10               0.0
691      21.44041     -  21.56032      -6.33399758904        8               0.11991
692      21.57047     -  21.57047      -6.4530003565        3               0.0
693      21.58033     -  21.58033      -6.4680054448        10               0.0
694      21.59037     -  21.60037      -6.33399758904        8               0.01
695      21.61032     -  21.61032      -6.4530003565        3               0.0
696      21.62038     -  21.62038      -6.61751249968        2               0.0
697      21.63036     -  21.63036      -6.55292272424        7               0.0
698      21.64095     -  21.66037      -6.42490124913        0               0.01942
699      21.67032     -  21.67032      -6.61751249968        2               0.0
700      21.68178     -  21.68178      -6.55292272424        7               0.0
701      21.69032     -  21.86038      -6.42490124913        0               0.17006
702      21.87032     -  21.87032      -6.61751249968        2               0.0
703      21.88038     -  21.88038      -6.55292272424        7               0.0
704      21.89037     -  21.96047      -6.42490124913        0               0.0701
705      21.97032     -  21.97032      -6.61751249968        2               0.0
706      21.98056     -  21.98056      -6.55292272424        7               0.0
707      21.99032     -  22.01078      -6.42490124913        0               0.02046
708      22.02037     -  22.02037      -6.61751249968        2               0.0
709      22.03037     -  22.03037      -6.55292272424        7               0.0
710      22.0412     -  22.06037      -6.42490124913        0               0.01917
711      22.07047     -  22.07047      -6.61751249968        2               0.0
712      22.08032     -  22.08032      -6.55292272424        7               0.0
713      22.09037     -  22.11036      -6.33399758904        8               0.01999
714      22.12037     -  22.12037      -6.4530003565        3               0.0
715      22.13031     -  22.14032      -6.4680054448        10               0.01001
716      22.15033     -  22.16032      -6.33399758904        8               0.00999
717      22.17038     -  22.17038      -6.4530003565        3               0.0
718      22.18032     -  22.18032      -6.4680054448        10               0.0
719      22.19038     -  22.20037      -6.33399758904        8               0.00999
720      22.21046     -  22.30032      -4.888402243        14               0.08986
721      22.31037     -  22.35037      -5.7823169396        5               0.04
722      22.36032     -  22.37037      -4.888402243        14               0.01005
723      22.38036     -  22.60033      -5.7823169396        5               0.21997
724      22.61032     -  22.73037      -4.888402243        14               0.12005
725      22.7747     -  22.81065      -3.77159993005        9               0.03595
726      22.82153     -  22.88069      -3.61932755862        15               0.05916
727      22.89069     -  23.01069      -3.77159993005        9               0.12
728      23.02065     -  23.02065      -3.98521112683        1               0.0
729      23.03069     -  23.06069      -3.77159993005        9               0.03
730      23.07069     -  23.07069      -3.98521112683        1               0.0
731      23.08069     -  23.11065      -3.77159993005        9               0.02996
732      23.12069     -  23.12069      -3.98521112683        1               0.0
733      23.17396     -  23.30064      -4.27147298746        6               0.12668
734      23.31064     -  23.35433      -3.98521112683        1               0.04369
735      23.36065     -  23.39069      -3.77159993005        9               0.03004
736      23.40069     -  23.84068      -3.61932755862        15               0.43999
737      23.85064     -  23.95068      -3.77159993005        9               0.10004
738      23.96084     -  24.22069      -3.98521112683        1               0.25985
739      24.23065     -  24.23065      -3.77159993005        9               0.0
740      24.24069     -  24.27069      -3.61932755862        15               0.03
741      24.28065     -  24.29065      -3.42084743725        4               0.01
742      24.30065     -  24.30065      -3.77159993005        9               0.0
743      24.31069     -  24.38014      -3.98521112683        1               0.06945
744      24.39065     -  24.43196      -3.77159993005        9               0.04131
745      24.44064     -  24.50065      -3.98521112683        1               0.06001
746      24.51069     -  24.57151      -3.77159993005        9               0.06082
747      24.58069     -  24.59069      -3.98521112683        1               0.01
748      24.60079     -  24.63063      -3.77159993005        9               0.02984
749      24.64064     -  24.72065      -3.98521112683        1               0.08001
750      24.77802     -  24.80065      -3.61932755862        15               0.02263
751      24.81069     -  24.81069      -3.98521112683        1               0.0
752      24.82069     -  24.8407      -3.77159993005        9               0.02001
753      24.85081     -  24.86065      -3.98521112683        1               0.00984
754      24.87069     -  24.92069      -3.77159993005        9               0.05
755      24.93195     -  24.95069      -3.61932755862        15               0.01874
756      24.96064     -  25.00069      -3.98521112683        1               0.04005
757      25.01063     -  25.02064      -4.27147298746        6               0.01001
758      25.03063     -  25.08064      -3.98521112683        1               0.05001
759      25.10627     -  25.11041      -4.27147298746        6               0.00414
760      25.1478     -  25.18197      -3.98521112683        1               0.03417
761      25.19065     -  25.2307      -4.27147298746        6               0.04005
762      25.24065     -  25.27069      -3.98521112683        1               0.03004
763      25.28069     -  25.3107      -3.61932755862        15               0.03001
764      25.32158     -  25.34069      -3.98521112683        1               0.01911
765      25.35065     -  25.3707      -3.77159993005        9               0.02005
766      25.38065     -  25.4207      -3.98521112683        1               0.04005
767      25.43065     -  25.46085      -3.42084743725        4               0.0302
768      25.4707     -  25.50065      -3.77159993005        9               0.02995
769      25.5107     -  25.54153      -3.98521112683        1               0.03083
770      25.5507     -  25.5607      -3.77159993005        9               0.01
771      25.5909     -  26.00033      -4.888402243        14               0.40943
772      26.01037     -  26.03033      -5.7823169396        5               0.01996
773      26.04037     -  26.15037      -4.888402243        14               0.11
774      26.19466     -  26.54155      -4.27147298746        6               0.34689
775      26.56588     -  26.60033      -4.888402243        14               0.03445
776      26.61037     -  26.64033      -5.7823169396        5               0.02996
777      26.65113     -  26.67037      -6.33399758904        8               0.01924
778      26.68037     -  26.68037      -6.4530003565        3               0.0
779      26.69037     -  26.70033      -6.4680054448        10               0.00996
780      26.71033     -  26.77037      -6.33399758904        8               0.06004
781      26.78032     -  26.78032      -6.4530003565        3               0.0
782      26.79121     -  26.79121      -6.4680054448        10               0.0
783      26.80033     -  26.83033      -6.33399758904        8               0.03
784      26.84037     -  26.84037      -6.4530003565        3               0.0
785      26.85032     -  26.85032      -6.4680054448        10               0.0
786      26.86036     -  26.87061      -6.33399758904        8               0.01025
787      26.88033     -  26.88033      -6.4530003565        3               0.0
788      26.89033     -  26.89033      -6.4680054448        10               0.0
789      26.90066     -  26.92037      -6.33399758904        8               0.01971
790      26.93177     -  26.93177      -6.4530003565        3               0.0
791      26.94033     -  26.94033      -6.4680054448        10               0.0
792      26.95032     -  26.97037      -6.33399758904        8               0.02005
793      26.98033     -  26.98033      -6.4530003565        3               0.0
794      26.99031     -  26.99031      -6.4680054448        10               0.0
795      27.00032     -  27.03037      -6.33399758904        8               0.03005
796      27.04116     -  27.04116      -6.4530003565        3               0.0
797      27.05031     -  27.05031      -6.4680054448        10               0.0
798      27.06033     -  27.06033      -6.33399758904        8               0.0
799      27.0704     -  27.0704      -6.4530003565        3               0.0
800      27.08036     -  27.08036      -6.4680054448        10               0.0
801      27.09037     -  27.17063      -6.33399758904        8               0.08026
802      27.18033     -  27.18033      -6.4530003565        3               0.0
803      27.19037     -  27.20037      -6.4680054448        10               0.01
804      27.21037     -  27.22037      -6.33399758904        8               0.01
805      27.23033     -  27.23033      -6.4530003565        3               0.0
806      27.24037     -  27.24037      -6.4680054448        10               0.0
807      27.25038     -  27.25038      -6.33399758904        8               0.0
808      27.26033     -  27.26033      -6.4530003565        3               0.0
809      27.27036     -  27.27036      -6.4680054448        10               0.0
810      27.28033     -  27.58033      -6.26150009236        11               0.3
811      27.59037     -  27.59037      -6.4530003565        3               0.0
812      27.60036     -  27.60036      -6.4680054448        10               0.0
813      27.61037     -  27.68037      -6.26150009236        11               0.07
814      27.69037     -  27.69037      -6.4530003565        3               0.0
815      27.70037     -  27.70037      -6.4680054448        10               0.0
816      27.71037     -  27.72033      -6.33399758904        8               0.00996
817      27.73032     -  27.73032      -6.4530003565        3               0.0
818      27.74033     -  27.75033      -6.4680054448        10               0.01
819      27.76037     -  27.76037      -6.33399758904        8               0.0
820      27.77037     -  27.77037      -6.4530003565        3               0.0
821      27.78037     -  27.78037      -6.4680054448        10               0.0
822      27.79117     -  27.81037      -6.33399758904        8               0.0192
823      27.82049     -  27.82049      -6.4530003565        3               0.0
824      27.83037     -  27.84037      -6.4680054448        10               0.01
825      27.85032     -  27.87033      -6.33399758904        8               0.02001
826      27.88032     -  27.88032      -6.4530003565        3               0.0
827      27.89032     -  27.89032      -6.4680054448        10               0.0
828      27.90068     -  27.92037      -6.19380736795        12               0.01969
829      27.93033     -  27.93033      -6.4680054448        10               0.0
830      27.94033     -  27.98033      -6.33399758904        8               0.04
831      27.99036     -  28.02032      -6.19380736795        12               0.02996
832      28.03032     -  28.07044      -6.33399758904        8               0.04012
833      28.08036     -  28.08036      -6.4530003565        3               0.0
834      28.09033     -  28.09033      -6.4680054448        10               0.0
835      28.10037     -  28.12037      -6.33399758904        8               0.02
836      28.13037     -  28.13037      -6.4530003565        3               0.0
837      28.14037     -  28.15071      -6.4680054448        10               0.01034
838      28.16037     -  28.18037      -6.33399758904        8               0.02
839      28.19037     -  28.19037      -6.4530003565        3               0.0
840      28.20032     -  28.20032      -6.4680054448        10               0.0
841      28.21033     -  28.22033      -6.33399758904        8               0.01
842      28.23037     -  28.23037      -6.4530003565        3               0.0
843      28.24033     -  28.24033      -6.4680054448        10               0.0
844      28.25033     -  28.27033      -6.33399758904        8               0.02
845      28.28037     -  28.28037      -6.4530003565        3               0.0
846      28.29118     -  28.29118      -6.61751249968        2               0.0
847      28.30036     -  28.30036      -6.55292272424        7               0.0
848      28.31037     -  28.33032      -6.42490124913        0               0.01995
849      28.34032     -  28.34032      -6.61751249968        2               0.0
850      28.35036     -  28.35036      -6.55292272424        7               0.0
851      28.36033     -  28.38033      -6.42490124913        0               0.02
852      28.39033     -  28.39033      -6.61751249968        2               0.0
853      28.40033     -  28.40033      -6.55292272424        7               0.0
854      28.41033     -  28.42037      -6.42490124913        0               0.01004
855      28.43178     -  28.44037      -6.61751249968        2               0.00859
856      28.45037     -  28.45037      -6.55292272424        7               0.0
857      28.46052     -  28.47033      -6.42490124913        0               0.00981
858      28.48033     -  28.49033      -6.61751249968        2               0.01
859      28.50033     -  28.50033      -6.55292272424        7               0.0
860      28.51037     -  28.52037      -6.42490124913        0               0.01
861      28.53052     -  28.53052      -6.61751249968        2               0.0
862      28.54118     -  28.54118      -6.55292272424        7               0.0
863      28.55037     -  28.57043      -6.42490124913        0               0.02006
864      28.58037     -  28.58037      -6.61751249968        2               0.0
865      28.59037     -  28.59037      -6.55292272424        7               0.0
866      28.60037     -  28.61031      -6.42490124913        0               0.00994
867      28.62061     -  28.64033      -6.61751249968        2               0.01972
868      28.65134     -  28.65134      -6.55292272424        7               0.0
869      28.66033     -  28.67033      -6.42490124913        0               0.01
870      28.68174     -  28.69037      -6.61751249968        2               0.00863
871      28.70037     -  28.70037      -6.55292272424        7               0.0
872      28.71032     -  28.73033      -6.42490124913        0               0.02001
873      28.74036     -  28.74036      -6.61751249968        2               0.0
874      28.75037     -  28.75037      -6.55292272424        7               0.0
875      28.76032     -  28.78032      -6.33399758904        8               0.02
876      28.7912     -  28.7912      -6.4530003565        3               0.0
877      28.80037     -  28.80037      -6.4680054448        10               0.0
878      28.81037     -  28.84033      -6.33399758904        8               0.02996
879      28.85031     -  28.93179      -6.19380736795        12               0.08148
880      28.94031     -  28.95033      -5.7823169396        5               0.01002
881      28.9605     -  29.04116      -6.26150009236        11               0.08066
882      29.05037     -  29.07037      -5.7823169396        5               0.02
883      29.08037     -  29.17037      -6.26150009236        11               0.09
884      29.18178     -  29.18178      -6.4530003565        3               0.0
885      29.19031     -  29.19031      -6.4680054448        10               0.0
886      29.20038     -  29.21033      -6.33399758904        8               0.00995
887      29.22032     -  29.23033      -6.19380736795        12               0.01001
888      29.24033     -  29.30037      -6.33399758904        8               0.06004
889      29.31037     -  29.37038      -6.0974649324        13               0.06001
890      29.38032     -  29.40067      -6.26150009236        11               0.02035
891      29.41033     -  29.55037      -6.0974649324        13               0.14004
892      29.56037     -  29.61033      -6.26150009236        11               0.04996
893      29.62037     -  29.64033      -4.888402243        14               0.01996
894      29.65115     -  29.68173      -5.7823169396        5               0.03058
895      29.69037     -  29.70033      -6.26150009236        11               0.00996
896      29.71051     -  29.78032      -6.0974649324        13               0.06981
897      29.79118     -  29.79118      -4.27147298746        6               0.0
898      29.8224     -  29.84064      -3.98521112683        1               0.01824
899      29.85065     -  29.87214      -4.27147298746        6               0.02149
900      29.88063     -  30.06064      -3.98521112683        1               0.18001
901      30.07157     -  30.17069      -4.27147298746        6               0.09912
902      30.18064     -  30.27064      -3.98521112683        1               0.09
903      30.28064     -  30.3121      -4.27147298746        6               0.03146
904      30.32069     -  30.86065      -3.42084743725        4               0.53996
905      30.87069     -  30.9007      -3.98521112683        1               0.03001
906      30.91069     -  30.92548      -4.27147298746        6               0.01479
907      30.93225     -  30.95065      -3.98521112683        1               0.0184
908      30.96079     -  30.97065      -4.27147298746        6               0.00986
909      30.9807     -  31.00069      -3.98521112683        1               0.01999
910      31.01069     -  31.13065      -3.77159993005        9               0.11996
911      31.14065     -  31.19065      -3.61932755862        15               0.05
912      31.20065     -  31.22065      -3.77159993005        9               0.02
913      31.2307     -  31.25064      -3.98521112683        1               0.01994
914      31.26069     -  31.3608      -3.77159993005        9               0.10011
915      31.37065     -  31.61065      -3.98521112683        1               0.24
916      31.62069     -  31.6707      -3.77159993005        9               0.05001
917      31.68065     -  31.84069      -3.98521112683        1               0.16004
918      31.85081     -  31.8707      -3.77159993005        9               0.01989
919      31.88065     -  31.90099      -3.98521112683        1               0.02034
920      31.91069     -  31.98065      -4.27147298746        6               0.06996
921      32.03872     -  32.14064      -3.98521112683        1               0.10192
922      32.15064     -  32.26064      -3.77159993005        9               0.11
923      32.27064     -  32.27064      -3.98521112683        1               0.0
924      32.28068     -  32.36068      -3.77159993005        9               0.08
925      32.38533     -  32.57048      -4.888402243        14               0.18515
926      32.58033     -  32.63032      -6.0974649324        13               0.04999
927      32.64038     -  32.68179      -6.26150009236        11               0.04141
928      32.69031     -  32.69031      -6.4530003565        3               0.0
929      32.70037     -  32.70037      -6.4680054448        10               0.0
930      32.71052     -  32.73037      -6.33399758904        8               0.01985
931      32.74031     -  32.84037      -6.19380736795        12               0.10006
932      32.85031     -  32.88036      -6.33399758904        8               0.03005
933      32.89096     -  32.89096      -6.4530003565        3               0.0
934      32.90073     -  32.90073      -6.4680054448        10               0.0
935      32.91036     -  33.02036      -6.33399758904        8               0.11
936      33.03037     -  33.03037      -6.4530003565        3               0.0
937      33.04117     -  33.04117      -6.4680054448        10               0.0
938      33.05036     -  33.08031      -6.33399758904        8               0.02995
939      33.09038     -  33.09038      -6.4530003565        3               0.0
940      33.10036     -  33.10036      -6.4680054448        10               0.0
941      33.11086     -  33.13064      -6.33399758904        8               0.01978
942      33.14033     -  33.14033      -6.4530003565        3               0.0
943      33.15037     -  33.15037      -6.4680054448        10               0.0
944      33.16037     -  33.24033      -6.33399758904        8               0.07996
945      33.25037     -  33.25037      -6.4530003565        3               0.0
946      33.26037     -  33.26037      -6.4680054448        10               0.0
947      33.27032     -  33.31036      -6.26150009236        11               0.04004
948      33.32049     -  33.56033      -6.0974649324        13               0.23984
949      33.57047     -  34.13038      -5.7823169396        5               0.55991
950      34.14032     -  34.28044      -6.0974649324        13               0.14012
951      34.29124     -  34.34036      -6.26150009236        11               0.04912
952      34.35038     -  34.35038      -6.4530003565        3               0.0
953      34.36036     -  34.36036      -6.4680054448        10               0.0
954      34.37033     -  34.66032      -6.26150009236        11               0.28999
955      34.67038     -  34.73038      -6.0974649324        13               0.06
956      34.74032     -  34.79119      -6.26150009236        11               0.05087
957      34.80037     -  34.80037      -6.4530003565        3               0.0
958      34.81038     -  34.81038      -6.4680054448        10               0.0
959      34.82047     -  34.86037      -6.33399758904        8               0.0399
960      34.87038     -  34.94036      -6.19380736795        12               0.06998
961      34.95038     -  34.95038      -5.7823169396        5               0.0
962      34.96053     -  34.96053      -4.888402243        14               0.0
963      34.97033     -  34.97033      -5.7823169396        5               0.0
964      34.9806     -  34.9806      -4.888402243        14               0.0
965      34.99038     -  35.02031      -5.7823169396        5               0.02993
966      35.03036     -  35.37037      -6.26150009236        11               0.34001
967      35.38033     -  35.40033      -5.7823169396        5               0.02
968      35.41037     -  35.59036      -6.26150009236        11               0.17999
969      35.60038     -  35.79038      -6.0974649324        13               0.19
970      35.80032     -  36.38032      -6.26150009236        11               0.58
971      36.39033     -  36.39033      -6.4530003565        3               0.0
972      36.40036     -  36.40036      -6.4680054448        10               0.0
973      36.41038     -  36.44036      -6.33399758904        8               0.02998
974      36.45033     -  36.45033      -6.4530003565        3               0.0
975      36.46032     -  36.46032      -6.4680054448        10               0.0
976      36.47038     -  36.54036      -6.33399758904        8               0.06998
977      36.55033     -  36.55033      -6.4530003565        3               0.0
978      36.56036     -  36.56036      -6.4680054448        10               0.0
979      36.57049     -  36.64032      -6.33399758904        8               0.06983
980      36.65115     -  36.65115      -6.4530003565        3               0.0
981      36.66036     -  36.66036      -6.4680054448        10               0.0
982      36.67033     -  36.84033      -6.26150009236        11               0.17
983      36.85038     -  36.85038      -6.4530003565        3               0.0
984      36.86038     -  36.86038      -6.4680054448        10               0.0
985      36.87038     -  36.90033      -6.33399758904        8               0.02995
986      36.91033     -  36.91033      -6.4530003565        3               0.0
987      36.92033     -  36.92033      -6.4680054448        10               0.0
988      36.93033     -  36.95038      -6.33399758904        8               0.02005
989      36.96033     -  36.96033      -6.4530003565        3               0.0
990      36.97038     -  36.97038      -6.4680054448        10               0.0
991      36.98048     -  36.99033      -6.33399758904        8               0.00985
992      37.0004     -  37.0004      -6.4530003565        3               0.0
993      37.01033     -  37.01033      -6.4680054448        10               0.0
994      37.02033     -  37.10036      -6.33399758904        8               0.08003
995      37.11032     -  37.11032      -6.4530003565        3               0.0
996      37.12038     -  37.12038      -6.4680054448        10               0.0
997      37.13031     -  37.1507      -6.33399758904        8               0.02039
998      37.16031     -  37.16031      -6.4530003565        3               0.0
999      37.17033     -  37.17033      -6.4680054448        10               0.0
1000      37.18178     -  37.20033      -6.26150009236        11               0.01855
1001      37.21052     -  37.21052      -6.4530003565        3               0.0
1002      37.22031     -  37.22031      -6.4680054448        10               0.0
1003      37.23037     -  37.50037      -6.26150009236        11               0.27
1004      37.51037     -  37.51037      -4.888402243        14               0.0
1005      37.52033     -  37.52033      -5.7823169396        5               0.0
1006      37.53033     -  37.74032      -6.26150009236        11               0.20999
1007      37.75033     -  37.75033      -6.4530003565        3               0.0
1008      37.76032     -  37.76032      -6.4680054448        10               0.0
1009      37.77033     -  37.80031      -6.33399758904        8               0.02998
1010      37.81037     -  37.81037      -6.4530003565        3               0.0
1011      37.82039     -  37.82039      -6.4680054448        10               0.0
1012      37.83036     -  37.85032      -6.33399758904        8               0.01996
1013      37.86033     -  37.86033      -6.4530003565        3               0.0
1014      37.87036     -  37.87036      -6.4680054448        10               0.0
1015      37.88033     -  37.92033      -6.33399758904        8               0.04
1016      37.93036     -  37.94038      -6.19380736795        12               0.01002
1017      37.95036     -  37.95036      -6.42490124913        0               0.0
1018      37.96033     -  37.96033      -6.61751249968        2               0.0
1019      37.97032     -  37.97032      -6.55292272424        7               0.0
1020      37.98038     -  38.00033      -6.33399758904        8               0.01995
1021      38.01032     -  38.01032      -6.4530003565        3               0.0
1022      38.02038     -  38.02038      -6.4680054448        10               0.0
1023      38.03032     -  38.25036      -6.26150009236        11               0.22004
1024      38.26033     -  38.26033      -6.4530003565        3               0.0
1025      38.27032     -  38.27032      -6.4680054448        10               0.0
1026      38.28033     -  38.30033      -6.33399758904        8               0.02
1027      38.31032     -  38.31032      -6.4530003565        3               0.0
1028      38.32049     -  38.32049      -6.61751249968        2               0.0
1029      38.33036     -  38.33036      -6.55292272424        7               0.0
1030      38.34038     -  38.35032      -6.42490124913        0               0.00994
1031      38.36038     -  38.36038      -6.61751249968        2               0.0
1032      38.37036     -  38.37036      -6.55292272424        7               0.0
1033      38.38037     -  38.4007      -6.42490124913        0               0.02033
1034      38.41031     -  38.41031      -6.61751249968        2               0.0
1035      38.42033     -  38.42033      -6.55292272424        7               0.0
1036      38.43036     -  38.45032      -6.42490124913        0               0.01996
1037      38.46033     -  38.46033      -6.61751249968        2               0.0
1038      38.47031     -  38.47031      -6.55292272424        7               0.0
1039      38.48042     -  38.50038      -6.42490124913        0               0.01996
1040      38.51032     -  38.51032      -6.61751249968        2               0.0
1041      38.52038     -  38.52038      -6.55292272424        7               0.0
1042      38.53032     -  38.5412      -6.42490124913        0               0.01088
1043      38.55031     -  38.55031      -6.61751249968        2               0.0
1044      38.56032     -  38.56032      -6.55292272424        7               0.0
1045      38.57048     -  38.64037      -6.33399758904        8               0.06989
1046      38.65037     -  38.65037      -6.4530003565        3               0.0
1047      38.66037     -  38.66037      -6.61751249968        2               0.0
1048      38.67037     -  38.67037      -6.55292272424        7               0.0
1049      38.68032     -  38.70032      -6.42490124913        0               0.02
1050      38.71046     -  38.71046      -6.61751249968        2               0.0
1051      38.72037     -  38.72037      -6.55292272424        7               0.0
1052      38.73037     -  38.75033      -6.42490124913        0               0.01996
1053      38.76037     -  38.76037      -6.61751249968        2               0.0
1054      38.77032     -  38.77032      -6.55292272424        7               0.0
1055      38.78037     -  38.85032      -6.42490124913        0               0.06995
1056      38.86037     -  38.86037      -6.61751249968        2               0.0
1057      38.87037     -  38.87037      -6.55292272424        7               0.0
1058      38.88037     -  38.90037      -6.42490124913        0               0.02
1059      38.91032     -  38.91032      -6.61751249968        2               0.0
1060      38.92032     -  38.92032      -6.55292272424        7               0.0
1061      38.93037     -  38.94037      -6.42490124913        0               0.01
1062      38.9506     -  38.96051      -6.61751249968        2               0.00991
1063      38.97037     -  38.97037      -6.55292272424        7               0.0
1064      38.98056     -  39.00033      -6.42490124913        0               0.01977
1065      39.01032     -  39.01032      -6.61751249968        2               0.0
1066      39.02037     -  39.02037      -6.55292272424        7               0.0
1067      39.03037     -  39.05037      -6.42490124913        0               0.02
1068      39.06037     -  39.06037      -6.61751249968        2               0.0
1069      39.07048     -  39.07048      -6.55292272424        7               0.0
1070      39.08037     -  39.10031      -6.42490124913        0               0.01994
1071      39.11031     -  39.11031      -6.61751249968        2               0.0
1072      39.12032     -  39.12032      -6.55292272424        7               0.0
1073      39.13036     -  39.15095      -6.42490124913        0               0.02059
1074      39.16032     -  39.16032      -6.61751249968        2               0.0
1075      39.17036     -  39.17036      -6.55292272424        7               0.0
1076      39.18178     -  39.20037      -6.42490124913        0               0.01859
1077      39.21046     -  39.21046      -6.61751249968        2               0.0
1078      39.22062     -  39.22062      -6.55292272424        7               0.0
1079      39.23037     -  39.25032      -6.42490124913        0               0.01995
1080      39.26037     -  39.26037      -6.61751249968        2               0.0
1081      39.27037     -  39.27037      -6.55292272424        7               0.0
1082      39.28032     -  39.30032      -6.42490124913        0               0.02
1083      39.31037     -  39.31037      -6.61751249968        2               0.0
1084      39.32032     -  39.32032      -6.55292272424        7               0.0
1085      39.33032     -  39.35037      -6.42490124913        0               0.02005
1086      39.36037     -  39.37037      -6.61751249968        2               0.01
1087      39.38037     -  39.38037      -6.55292272424        7               0.0
1088      39.39037     -  39.40075      -6.42490124913        0               0.01038
1089      39.41032     -  39.41032      -6.61751249968        2               0.0
1090      39.42037     -  39.42037      -6.55292272424        7               0.0
1091      39.43174     -  39.45032      -6.42490124913        0               0.01858
1092      39.46032     -  39.47032      -6.61751249968        2               0.01
1093      39.48032     -  39.48032      -6.55292272424        7               0.0
1094      39.49032     -  39.50032      -6.42490124913        0               0.01
1095      39.51037     -  39.51037      -6.61751249968        2               0.0
1096      39.52032     -  39.52032      -6.55292272424        7               0.0
1097      39.53032     -  39.55037      -6.42490124913        0               0.02005
1098      39.56032     -  39.57041      -6.61751249968        2               0.01009
1099      39.58037     -  39.58037      -6.55292272424        7               0.0
1100      39.59032     -  39.60032      -6.42490124913        0               0.01
1101      39.61037     -  39.61037      -6.61751249968        2               0.0
1102      39.62032     -  39.62032      -6.55292272424        7               0.0
1103      39.63032     -  39.65117      -6.42490124913        0               0.02085
1104      39.66032     -  39.66032      -6.61751249968        2               0.0
1105      39.67032     -  39.67032      -6.55292272424        7               0.0
1106      39.68178     -  39.70032      -6.42490124913        0               0.01854
1107      39.71037     -  39.71037      -6.61751249968        2               0.0
1108      39.72036     -  39.72036      -6.55292272424        7               0.0
1109      39.73033     -  39.75037      -6.42490124913        0               0.02004
1110      39.76079     -  39.77037      -6.61751249968        2               0.00958
1111      39.78032     -  39.78032      -6.55292272424        7               0.0
1112      39.79117     -  39.80032      -6.42490124913        0               0.00915
1113      39.81037     -  39.81037      -6.61751249968        2               0.0
1114      39.8204     -  39.8204      -6.55292272424        7               0.0
1115      39.83037     -  39.85037      -6.42490124913        0               0.02
1116      39.86037     -  39.87033      -6.61751249968        2               0.00996
1117      39.88037     -  39.88037      -6.55292272424        7               0.0
1118      39.89033     -  39.90074      -6.42490124913        0               0.01041
1119      39.91032     -  39.91032      -6.61751249968        2               0.0
1120      39.92032     -  39.92032      -6.55292272424        7               0.0
1121      39.93174     -  39.95032      -6.42490124913        0               0.01858
1122      39.96055     -  39.96055      -6.61751249968        2               0.0
1123      39.97031     -  39.97031      -6.55292272424        7               0.0
 
Means and total domain of each hidden state
---------------------------------------
0th hidden state
total number with this hidden state =  134
mean =  [-6.42490125]
total time_domain =  2.46344

1th hidden state
total number with this hidden state =  30
mean =  [-3.98521113]
total time_domain =  1.676

2th hidden state
total number with this hidden state =  147
mean =  [-6.6175125]
total time_domain =  0.73283

3th hidden state
total number with this hidden state =  159
mean =  [-6.45300036]
total time_domain =  0.0

4th hidden state
total number with this hidden state =  3
mean =  [-3.42084744]
total time_domain =  0.58016

5th hidden state
total number with this hidden state =  28
mean =  [-5.78231694]
total time_domain =  1.31754

6th hidden state
total number with this hidden state =  12
mean =  [-4.27147299]
total time_domain =  0.77445

7th hidden state
total number with this hidden state =  144
mean =  [-6.55292272]
total time_domain =  0.0

8th hidden state
total number with this hidden state =  160
mean =  [-6.33399759]
total time_domain =  4.2073

9th hidden state
total number with this hidden state =  23
mean =  [-3.77159993]
total time_domain =  1.10794

10th hidden state
total number with this hidden state =  157
mean =  [-6.46800544]
total time_domain =  0.14932

11th hidden state
total number with this hidden state =  48
mean =  [-6.26150009]
total time_domain =  9.15068

12th hidden state
total number with this hidden state =  30
mean =  [-6.19380737]
total time_domain =  0.95909

13th hidden state
total number with this hidden state =  26
mean =  [-6.09746493]
total time_domain =  3.4902

14th hidden state
total number with this hidden state =  16
mean =  [-4.88840224]
total time_domain =  1.10802

15th hidden state
total number with this hidden state =  7
mean =  [-3.61932756]
total time_domain =  0.65053

