Number of Rows
--------------
3000
 
Hidden States
-------------
[6 6 6 ... 4 4 4]
 
Record of all hidden state
**********************************
No.     TIME Start  -  TIME End      VALUE           Hidden State {}th       Time domain
0      240.01038     -  240.1204      -6.29539588677        6               0.11002
1      240.13038     -  240.16031      -6.17461001253        11               0.02993
2      240.17033     -  240.28031      -6.29539588677        6               0.10998
3      240.29033     -  240.31033      -6.17461001253        11               0.02
4      240.32036     -  240.70033      -6.22585418647        3               0.37997
5      240.71037     -  240.71037      -6.300858966        15               0.0
6      240.72033     -  240.75037      -6.12513707111        0               0.03004
7      240.76037     -  240.76037      -6.18386775391        5               0.0
8      240.77037     -  240.77037      -6.21043698111        9               0.0
9      240.78175     -  240.79032      -6.12513707111        0               0.00857000000002
10      240.80037     -  240.81057      -6.18386775391        5               0.0102
11      240.82033     -  240.82033      -6.21043698111        9               0.0
12      240.83033     -  240.83033      -6.12513707111        0               0.0
13      240.84037     -  240.85037      -6.18386775391        5               0.00999999999999
14      240.86082     -  240.86082      -6.21043698111        9               0.0
15      240.87032     -  240.89133      -6.18386775391        5               0.02101
16      240.90031     -  241.13037      -6.1383256475        14               0.23006
17      241.14133     -  241.14133      -6.18386775391        5               0.0
18      241.15032     -  241.17045      -6.21043698111        9               0.02013
19      241.18031     -  241.24037      -6.18386775391        5               0.06006
20      241.25037     -  241.25037      -6.21043698111        9               0.0
21      241.26033     -  241.28032      -6.18386775391        5               0.01999
22      241.29033     -  241.29033      -6.21043698111        9               0.0
23      241.30037     -  241.30037      -6.12513707111        0               0.0
24      241.31056     -  241.37033      -5.75548329158        13               0.05977
25      241.38037     -  241.49033      -6.15955118473        10               0.10996
26      241.50037     -  241.54037      -6.0776164308        4               0.04
27      241.55037     -  241.56032      -6.15955118473        10               0.00995
28      241.57037     -  241.60036      -6.0776164308        4               0.02999
29      241.61032     -  241.68037      -6.15955118473        10               0.07005
30      241.69032     -  241.69032      -6.0776164308        4               0.0
31      241.70032     -  241.89032      -6.22585418647        3               0.19
32      241.90032     -  241.90032      -6.300858966        15               0.0
33      241.91033     -  241.93037      -6.22585418647        3               0.02004
34      241.94032     -  241.94032      -5.97342605298        2               0.0
35      241.95032     -  241.98032      -6.0776164308        4               0.03
36      241.99032     -  242.05032      -6.15955118473        10               0.06
37      242.06054     -  242.10032      -6.0776164308        4               0.03978
38      242.11037     -  242.25037      -5.97342605298        2               0.14
39      242.26036     -  242.64037      -6.17461001253        11               0.38001
40      242.65037     -  242.66032      -5.75548329158        13               0.00995
41      242.67037     -  242.92037      -6.15955118473        10               0.25
42      242.93037     -  242.94037      -6.0776164308        4               0.00999999999999
43      242.95037     -  243.18032      -6.22585418647        3               0.22995
44      243.19032     -  243.26037      -6.29539588677        6               0.07005
45      243.27032     -  243.73032      -6.17461001253        11               0.46
46      243.74037     -  243.74037      -6.22585418647        3               0.0
47      243.75078     -  243.75078      -6.300858966        15               0.0
48      243.76036     -  243.77036      -6.12513707111        0               0.01
49      243.78176     -  243.78176      -6.18386775391        5               0.0
50      243.79036     -  243.98037      -6.1383256475        14               0.19001
51      243.99037     -  244.00037      -6.15955118473        10               0.00999999999999
52      244.01037     -  244.02037      -6.0776164308        4               0.01
53      244.03037     -  244.10037      -6.15955118473        10               0.07
54      244.11078     -  244.14032      -6.0776164308        4               0.02954
55      244.15032     -  244.26031      -6.15955118473        10               0.10999
56      244.27067     -  244.28037      -6.0776164308        4               0.00970000000001
57      244.29032     -  244.29032      -5.97342605298        2               0.0
58      244.30032     -  244.33036      -6.0776164308        4               0.03004
59      244.34032     -  244.34032      -6.18386775391        5               0.0
60      244.3504     -  245.68037      -6.1383256475        14               1.32997
61      245.69036     -  245.74037      -6.18386775391        5               0.05001
62      245.75032     -  245.75032      -6.21043698111        9               0.0
63      245.76032     -  245.80037      -6.18386775391        5               0.04005
64      245.81037     -  246.36032      -6.1383256475        14               0.54995
65      246.37032     -  246.41032      -6.18386775391        5               0.04
66      246.42032     -  246.42032      -6.21043698111        9               0.0
67      246.43037     -  246.43037      -5.97342605298        2               0.0
68      246.44037     -  246.53037      -6.17461001253        11               0.09
69      246.54037     -  247.07032      -6.22585418647        3               0.52995
70      247.08037     -  247.23036      -6.29539588677        6               0.14999
71      247.24037     -  247.27036      -6.17461001253        11               0.02999
72      247.28181     -  247.84032      -6.29539588677        6               0.55851
73      247.85032     -  247.90037      -6.17461001253        11               0.05005
74      247.91037     -  247.99032      -5.75548329158        13               0.07995
75      248.00037     -  248.03037      -5.97342605298        2               0.03
76      248.04032     -  248.05037      -6.17461001253        11               0.01005
77      248.06037     -  248.63037      -6.29539588677        6               0.57
78      248.64133     -  248.65033      -6.17461001253        11               0.00899999999999
79      248.66033     -  248.82037      -6.22585418647        3               0.16004
80      248.83033     -  248.84037      -5.97342605298        2               0.01004
81      248.85037     -  248.91037      -6.17461001253        11               0.06
82      248.92043     -  248.92043      -5.97342605298        2               0.0
83      248.93031     -  248.96032      -6.17461001253        11               0.03001
84      248.97033     -  249.05033      -6.29539588677        6               0.08
85      249.06032     -  249.21037      -6.17461001253        11               0.15005
86      249.22037     -  249.25033      -5.97342605298        2               0.02996
87      249.26033     -  249.42032      -6.0776164308        4               0.15999
88      249.43032     -  249.44037      -6.15955118473        10               0.01005
89      249.45033     -  249.45033      -6.0776164308        4               0.0
90      249.46033     -  249.47037      -5.75548329158        13               0.01004
91      249.48033     -  249.51036      -6.0776164308        4               0.03003
92      249.52037     -  249.57036      -6.15955118473        10               0.04999
93      249.58033     -  249.59036      -6.0776164308        4               0.01003
94      249.60038     -  249.71036      -6.22585418647        3               0.10998
95      249.72038     -  249.77032      -5.97342605298        2               0.04994
96      249.78037     -  249.90037      -6.17461001253        11               0.12
97      249.91032     -  250.13033      -6.29539588677        6               0.22001
98      250.14032     -  250.27037      -6.17461001253        11               0.13005
99      250.28176     -  250.47032      -6.22585418647        3               0.18856
100      250.48031     -  250.49033      -5.97342605298        2               0.01002
101      250.50071     -  250.50071      -6.17461001253        11               0.0
102      250.51033     -  250.89125      -6.29539588677        6               0.38092
103      250.90032     -  250.94032      -6.17461001253        11               0.04
104      250.95032     -  251.07033      -6.29539588677        6               0.12001
105      251.08032     -  251.32032      -6.17461001253        11               0.24
106      251.33037     -  251.37037      -6.29539588677        6               0.04
107      251.38037     -  251.41032      -6.17461001253        11               0.02995
108      251.42043     -  251.77037      -6.29539588677        6               0.34994
109      251.78178     -  251.89129      -6.17461001253        11               0.10951
110      251.90032     -  252.33032      -6.29539588677        6               0.43
111      252.34037     -  252.34037      -5.97342605298        2               0.0
112      252.35032     -  252.40037      -6.17461001253        11               0.05005
113      252.41037     -  252.48037      -6.29539588677        6               0.07
114      252.49037     -  252.49037      -6.17461001253        11               0.0
115      252.50081     -  253.19037      -6.22585418647        3               0.68956
116      253.20032     -  253.28036      -6.29539588677        6               0.08004
117      253.29031     -  253.29031      -5.57363416273        1               0.0
118      253.30036     -  253.41037      -5.53434789643        12               0.11001
119      253.42043     -  253.64032      -5.44972387946        7               0.21989
120      253.65032     -  253.72037      -5.49854971519        8               0.07005
121      253.73032     -  253.73032      -5.57363416273        1               0.0
122      253.74037     -  253.81037      -5.44972387946        7               0.07
123      253.82036     -  253.96032      -5.49854971519        8               0.13996
124      253.97033     -  254.00075      -5.57363416273        1               0.03042
125      254.01037     -  254.03037      -5.53434789643        12               0.02
126      254.04032     -  254.18037      -5.44972387946        7               0.14005
127      254.19032     -  254.19032      -5.75548329158        13               0.0
128      254.20033     -  254.28037      -5.97342605298        2               0.08004
129      254.29032     -  254.29032      -6.0776164308        4               0.0
130      254.30056     -  254.97041      -5.44972387946        7               0.66985
131      254.98032     -  255.01033      -5.57363416273        1               0.03001
132      255.02032     -  255.10033      -5.49854971519        8               0.08001
133      255.11032     -  255.12032      -5.57363416273        1               0.00999999999999
134      255.13037     -  255.25032      -5.53434789643        12               0.11995
135      255.26032     -  255.52037      -5.44972387946        7               0.26005
136      255.53032     -  255.59032      -5.49854971519        8               0.06
137      255.60037     -  255.60037      -5.57363416273        1               0.0
138      255.61032     -  255.66033      -5.49854971519        8               0.05001
139      255.67032     -  255.75036      -5.44972387946        7               0.08004
140      255.76037     -  255.77032      -5.75548329158        13               0.00995
141      255.78033     -  255.87036      -5.53434789643        12               0.09003
142      255.88037     -  256.00076      -5.49854971519        8               0.12039
143      256.01032     -  256.01032      -5.57363416273        1               0.0
144      256.02037     -  256.05036      -5.49854971519        8               0.02999
145      256.06051     -  256.06051      -5.57363416273        1               0.0
146      256.07036     -  256.16032      -5.53434789643        12               0.08996
147      256.17042     -  256.18032      -5.57363416273        1               0.00990000000002
148      256.19036     -  256.31032      -5.53434789643        12               0.11996
149      256.32037     -  256.32037      -5.49854971519        8               0.0
150      256.33032     -  256.37037      -5.57363416273        1               0.04005
151      256.38037     -  256.55032      -5.53434789643        12               0.16995
152      256.56055     -  256.62037      -5.49854971519        8               0.05982
153      256.63036     -  256.64037      -5.57363416273        1               0.01001
154      256.65032     -  256.79036      -5.53434789643        12               0.14004
155      256.80033     -  256.80033      -5.75548329158        13               0.0
156      256.81058     -  256.81058      -5.97342605298        2               0.0
157      256.82037     -  256.85032      -6.17461001253        11               0.02995
158      256.86033     -  256.90037      -5.53434789643        12               0.04004
159      256.91037     -  256.91037      -5.49854971519        8               0.0
160      256.92047     -  256.92047      -5.57363416273        1               0.0
161      256.93031     -  256.99032      -5.53434789643        12               0.06001
162      257.00099     -  257.02037      -5.75548329158        13               0.01938
163      257.03032     -  257.04033      -5.53434789643        12               0.01001
164      257.05037     -  257.10037      -5.49854971519        8               0.05
165      257.11032     -  257.12037      -5.57363416273        1               0.01005
166      257.13032     -  257.27037      -5.49854971519        8               0.14005
167      257.28037     -  257.32037      -5.57363416273        1               0.04
168      257.33037     -  257.39032      -5.49854971519        8               0.05995
169      257.40037     -  257.40037      -5.57363416273        1               0.0
170      257.41032     -  257.73032      -5.53434789643        12               0.32
171      257.74032     -  257.81051      -5.49854971519        8               0.07019
172      257.82037     -  257.82037      -5.57363416273        1               0.0
173      257.83056     -  257.87037      -5.53434789643        12               0.03981
174      257.88037     -  257.89037      -5.49854971519        8               0.00999999999999
175      257.90032     -  257.91041      -5.57363416273        1               0.01009
176      257.9204     -  257.93032      -5.53434789643        12               0.00992000000002
177      257.94037     -  257.98037      -5.75548329158        13               0.04
178      257.99037     -  258.01032      -5.97342605298        2               0.01995
179      258.02032     -  258.07037      -6.17461001253        11               0.05005
180      258.08037     -  258.39032      -6.29539588677        6               0.30995
181      258.40037     -  258.42032      -6.17461001253        11               0.01995
182      258.43032     -  258.8913      -6.29539588677        6               0.46098
183      258.90031     -  258.92047      -6.17461001253        11               0.02016
184      258.93031     -  259.96036      -6.29539588677        6               1.03005
185      259.97032     -  259.98032      -6.17461001253        11               0.00999999999999
186      259.99032     -  260.06032      -6.29539588677        6               0.07
187      260.07032     -  260.1606      -6.17461001253        11               0.09028
188      260.17037     -  260.20032      -5.97342605298        2               0.02995
189      260.21037     -  260.24032      -6.0776164308        4               0.02995
190      260.25032     -  260.30037      -5.75548329158        13               0.05005
191      260.31046     -  260.40037      -5.97342605298        2               0.08991
192      260.41037     -  260.41037      -6.0776164308        4               0.0
193      260.42044     -  260.47037      -6.15955118473        10               0.04993
194      260.48031     -  260.78037      -6.0776164308        4               0.30006
195      260.79037     -  260.94037      -6.15955118473        10               0.15
196      260.95032     -  261.01037      -6.0776164308        4               0.06005
197      261.02032     -  261.13032      -6.22585418647        3               0.11
198      261.14032     -  261.14032      -6.300858966        15               0.0
199      261.15032     -  261.61037      -6.22585418647        3               0.46005
200      261.62037     -  261.63037      -5.97342605298        2               0.01
201      261.64036     -  262.21033      -6.17461001253        11               0.56997
202      262.22032     -  262.78182      -6.22585418647        3               0.5615
203      262.79033     -  262.79033      -6.21043698111        9               0.0
204      262.80051     -  262.80051      -6.12513707111        0               0.0
205      262.81054     -  262.84045      -6.18386775391        5               0.02991
206      262.85037     -  262.96033      -6.1383256475        14               0.10996
207      262.97032     -  262.97032      -6.15955118473        10               0.0
208      262.98032     -  263.01037      -6.0776164308        4               0.03005
209      263.02032     -  263.04037      -6.15955118473        10               0.02005
210      263.05037     -  263.07032      -6.0776164308        4               0.01995
211      263.08037     -  263.08037      -6.18386775391        5               0.0
212      263.09037     -  263.09037      -6.21043698111        9               0.0
213      263.10032     -  263.11037      -6.12513707111        0               0.01005
214      263.12032     -  263.14037      -6.18386775391        5               0.02005
215      263.15037     -  264.16033      -6.1383256475        14               1.00996
216      264.17047     -  264.24041      -6.18386775391        5               0.06994
217      264.25032     -  264.53037      -6.1383256475        14               0.28005
218      264.54032     -  264.61038      -6.18386775391        5               0.07006
219      264.62037     -  264.62037      -6.21043698111        9               0.0
220      264.63037     -  264.67044      -6.18386775391        5               0.04007
221      264.68037     -  264.69033      -6.21043698111        9               0.00996000000004
222      264.70038     -  264.75033      -6.12513707111        0               0.04995
223      264.76033     -  264.76033      -6.18386775391        5               0.0
224      264.77033     -  264.77033      -6.21043698111        9               0.0
225      264.78175     -  265.17049      -6.22585418647        3               0.38874
226      265.18033     -  265.18033      -6.21043698111        9               0.0
227      265.19037     -  265.20031      -6.12513707111        0               0.00994000000003
228      265.21032     -  265.33037      -6.18386775391        5               0.12005
229      265.34037     -  265.75032      -6.1383256475        14               0.40995
230      265.76036     -  265.76036      -6.18386775391        5               0.0
231      265.77036     -  265.77036      -6.21043698111        9               0.0
232      265.78036     -  265.78036      -6.12513707111        0               0.0
233      265.79036     -  265.79036      -5.75548329158        13               0.0
234      265.80032     -  265.80032      -5.97342605298        2               0.0
235      265.81032     -  265.83037      -6.0776164308        4               0.02005
236      265.84031     -  265.88032      -5.75548329158        13               0.04001
237      265.89037     -  265.90037      -6.0776164308        4               0.00999999999999
238      265.91032     -  266.05037      -6.18386775391        5               0.14005
239      266.06037     -  266.07032      -6.21043698111        9               0.00995
240      266.08032     -  266.11037      -6.18386775391        5               0.03005
241      266.12037     -  266.12037      -6.21043698111        9               0.0
242      266.13037     -  266.14037      -6.18386775391        5               0.00999999999999
243      266.15037     -  266.48032      -6.1383256475        14               0.32995
244      266.49036     -  266.49036      -6.18386775391        5               0.0
245      266.50076     -  266.50076      -6.21043698111        9               0.0
246      266.51032     -  266.51032      -6.18386775391        5               0.0
247      266.52033     -  266.52033      -6.21043698111        9               0.0
248      266.53037     -  266.53037      -6.18386775391        5               0.0
249      266.54032     -  266.6807      -6.1383256475        14               0.14038
250      266.69033     -  266.72032      -6.15955118473        10               0.02999
251      266.73037     -  266.80036      -6.0776164308        4               0.06999
252      266.81032     -  266.84036      -6.15955118473        10               0.03004
253      266.85037     -  266.85037      -6.0776164308        4               0.0
254      266.86036     -  266.87032      -6.15955118473        10               0.00995999999998
255      266.88037     -  266.95037      -6.0776164308        4               0.07
256      266.96032     -  267.07032      -6.15955118473        10               0.11
257      267.08031     -  267.58032      -6.0776164308        4               0.50001
258      267.59032     -  267.60037      -5.75548329158        13               0.01005
259      267.61032     -  267.63037      -6.15955118473        10               0.02005
260      267.64037     -  267.67043      -6.0776164308        4               0.03006
261      267.68032     -  267.76036      -5.97342605298        2               0.08004
262      267.77032     -  267.88032      -6.0776164308        4               0.11
263      267.89032     -  267.99032      -5.75548329158        13               0.1
264      268.00072     -  268.09037      -5.97342605298        2               0.08965
265      268.10037     -  268.24032      -6.0776164308        4               0.13995
266      268.2508     -  269.12032      -6.15955118473        10               0.86952
267      269.13037     -  269.27032      -6.0776164308        4               0.13995
268      269.2818     -  269.37032      -5.97342605298        2               0.08852
269      269.38032     -  269.38032      -6.0776164308        4               0.0
270      269.39032     -  269.42048      -6.15955118473        10               0.03016
271      269.43032     -  269.46037      -6.0776164308        4               0.03005
272      269.47037     -  269.48037      -5.97342605298        2               0.00999999999999
273      269.49032     -  269.55032      -6.0776164308        4               0.06
274      269.56032     -  269.64136      -5.97342605298        2               0.08104
275      269.65032     -  269.76032      -6.0776164308        4               0.11
276      269.77032     -  269.91054      -6.15955118473        10               0.14022
277      269.92042     -  269.92042      -6.0776164308        4               0.0
278      269.93031     -  269.94032      -5.75548329158        13               0.01001
279      269.95032     -  269.97075      -6.15955118473        10               0.02043
 
Means and total domain of each hidden state
---------------------------------------
0th hidden state
total number with this hidden state =  10
mean =  [-6.12513707]
total time_domain =  0.11855

1th hidden state
total number with this hidden state =  17
mean =  [-5.57363416]
total time_domain =  0.19053

2th hidden state
total number with this hidden state =  23
mean =  [-5.97342605]
total time_domain =  0.84906

3th hidden state
total number with this hidden state =  14
mean =  [-6.22585419]
total time_domain =  4.01834

4th hidden state
total number with this hidden state =  36
mean =  [-6.07761643]
total time_domain =  2.15922

5th hidden state
total number with this hidden state =  27
mean =  [-6.18386775]
total time_domain =  0.7815

6th hidden state
total number with this hidden state =  19
mean =  [-6.29539589]
total time_domain =  5.21045

7th hidden state
total number with this hidden state =  6
mean =  [-5.44972388]
total time_domain =  1.43988

8th hidden state
total number with this hidden state =  15
mean =  [-5.49854972]
total time_domain =  0.94042

9th hidden state
total number with this hidden state =  19
mean =  [-6.21043698]
total time_domain =  0.04004

10th hidden state
total number with this hidden state =  23
mean =  [-6.15955118]
total time_domain =  2.23034

11th hidden state
total number with this hidden state =  28
mean =  [-6.17461001]
total time_domain =  2.82901

12th hidden state
total number with this hidden state =  14
mean =  [-5.5343479]
total time_domain =  1.33969

13th hidden state
total number with this hidden state =  15
mean =  [-5.75548329]
total time_domain =  0.43916

14th hidden state
total number with this hidden state =  10
mean =  [-6.13832565]
total time_domain =  4.58024

15th hidden state
total number with this hidden state =  4
mean =  [-6.30085897]
total time_domain =  0.0

