Number of Rows
--------------
9974
 
Hidden States
-------------
[ 8  8  8 ... 11 11  3]
 
Record of all hidden state
**********************************
No.     TIME Start  -  TIME End      VALUE           Hidden State {}th       Time domain
0      0.04462     -  0.15037      -5.53723114483        8               0.10575
1      0.16041     -  0.17032      -5.75138928842        7               0.00991
2      0.18037     -  0.49041      -5.70853690162        2               0.31004
3      0.50036     -  0.75032      -5.66328505087        12               0.24996
4      0.76037     -  0.86037      -5.60660670812        4               0.1
5      0.87032     -  0.93037      -5.53723114483        8               0.06005
6      0.94037     -  1.03033      -5.75138928842        7               0.08996
7      1.04033     -  1.14037      -5.60660670812        4               0.10004
8      1.15037     -  1.15037      -5.2592278762        3               0.0
9      1.16032     -  1.26037      -5.53723114483        8               0.10005
10      1.27037     -  1.36035      -5.60660670812        4               0.08998
11      1.37037     -  1.50033      -5.66328505087        12               0.12996
12      1.51033     -  1.54033      -5.75138928842        7               0.03
13      1.55037     -  1.66032      -5.60660670812        4               0.10995
14      1.67037     -  1.76036      -5.66328505087        12               0.08999
15      1.77036     -  1.88032      -5.75138928842        7               0.10996
16      1.89037     -  2.13037      -5.83443166334        5               0.24
17      2.14032     -  2.15037      -5.2592278762        3               0.01005
18      2.16032     -  2.24043      -5.66328505087        12               0.08011
19      2.25033     -  2.25033      -5.2592278762        3               0.0
20      2.26041     -  2.30032      -5.75138928842        7               0.03991
21      2.31033     -  2.38032      -5.53723114483        8               0.06999
22      2.39033     -  2.4304      -5.75138928842        7               0.04007
23      2.44032     -  2.47033      -5.60660670812        4               0.03001
24      2.48036     -  2.84032      -5.75138928842        7               0.35996
25      2.85041     -  2.87037      -5.60660670812        4               0.01996
26      2.88047     -  2.9904      -5.66328505087        12               0.10993
27      3.00035     -  3.03031      -5.75138928842        7               0.02996
28      3.04036     -  3.32032      -5.53723114483        8               0.27996
29      3.33037     -  3.37032      -5.75138928842        7               0.03995
30      3.38037     -  3.42032      -5.53723114483        8               0.03995
31      3.43032     -  3.45037      -5.2592278762        3               0.02005
32      3.46032     -  3.61037      -5.53723114483        8               0.15005
33      3.62044     -  3.79037      -5.75138928842        7               0.16993
34      3.80036     -  3.82102      -5.60660670812        4               0.02066
35      3.83035     -  3.93044      -5.66328505087        12               0.10009
36      3.94031     -  4.11032      -5.75138928842        7               0.17001
37      4.12036     -  4.12036      -5.2592278762        3               0.0
38      4.13045     -  4.46157      -5.75138928842        7               0.33112
39      4.47031     -  4.71159      -5.66328505087        12               0.24128
40      4.72031     -  5.01032      -5.70853690162        2               0.29001
41      5.02036     -  5.09032      -5.75138928842        7               0.06996
42      5.10039     -  5.40032      -5.70853690162        2               0.29993
43      5.41031     -  5.51032      -5.75138928842        7               0.10001
44      5.52037     -  5.67036      -5.66328505087        12               0.14999
45      5.68042     -  5.77037      -5.60660670812        4               0.08995
46      5.78037     -  6.18037      -5.66328505087        12               0.4
47      6.19032     -  6.22032      -5.75138928842        7               0.03
48      6.23037     -  6.44037      -5.70853690162        2               0.21
49      6.45032     -  6.76032      -5.75138928842        7               0.31
50      6.77031     -  6.82103      -5.60660670812        4               0.05072
51      6.83036     -  6.85039      -5.66328505087        12               0.02003
52      6.86036     -  6.97037      -5.70853690162        2               0.11001
53      6.98032     -  6.99032      -5.66328505087        12               0.01
54      7.00036     -  7.09037      -5.60660670812        4               0.09001
55      7.10032     -  7.32098      -5.66328505087        12               0.22066
56      7.33031     -  7.46152      -5.60660670812        4               0.13121
57      7.47033     -  7.51032      -5.66328505087        12               0.03999
58      7.52032     -  7.53037      -5.2592278762        3               0.01005
59      7.54032     -  7.60037      -5.60660670812        4               0.06005
60      7.61032     -  7.75033      -5.66328505087        12               0.14001
61      7.76033     -  7.87037      -5.60660670812        4               0.11004
62      7.88032     -  7.92037      -5.53723114483        8               0.04005
63      7.93042     -  7.9616      -5.60660670812        4               0.03118
64      7.97037     -  8.16032      -5.66328505087        12               0.18995
65      8.17032     -  8.17032      -5.2592278762        3               0.0
66      8.18043     -  8.41037      -5.66328505087        12               0.22994
67      8.42037     -  8.43047      -5.2592278762        3               0.0101
68      8.44031     -  8.66037      -5.66328505087        12               0.22006
69      8.67032     -  8.67032      -5.2592278762        3               0.0
70      8.68033     -  9.33037      -5.66328505087        12               0.65004
71      9.34037     -  9.37033      -5.60660670812        4               0.02996
72      9.38052     -  9.55037      -5.66328505087        12               0.16985
73      9.56031     -  9.69037      -5.60660670812        4               0.13006
74      9.70037     -  9.76037      -5.66328505087        12               0.06
75      9.77032     -  9.87037      -5.70853690162        2               0.10005
76      9.88037     -  10.10037      -5.66328505087        12               0.22
77      10.11032     -  10.26033      -5.60660670812        4               0.15001
78      10.27037     -  10.83031      -5.66328505087        12               0.55994
79      10.84033     -  11.76033      -5.70853690162        2               0.92
80      11.77032     -  11.77032      -5.2592278762        3               0.0
81      11.78033     -  12.35033      -5.70853690162        2               0.57
82      12.36033     -  12.36033      -5.2592278762        3               0.0
83      12.37037     -  12.82033      -5.70853690162        2               0.44996
84      12.83032     -  12.84033      -5.66328505087        12               0.01001
85      12.85048     -  12.85048      -5.2592278762        3               0.0
86      12.86031     -  13.17036      -5.70853690162        2               0.31005
87      13.18032     -  13.22032      -5.66328505087        12               0.04
88      13.23032     -  13.24043      -5.2592278762        3               0.01011
89      13.25036     -  13.68032      -5.66328505087        12               0.42996
90      13.69037     -  14.28037      -5.70853690162        2               0.59
91      14.29037     -  14.35032      -5.66328505087        12               0.05995
92      14.36032     -  14.36032      -5.2592278762        3               0.0
93      14.37032     -  14.47046      -5.70853690162        2               0.10014
94      14.48032     -  14.48032      -5.2592278762        3               0.0
95      14.49048     -  14.57098      -5.75138928842        7               0.0805
96      14.58036     -  14.58036      -5.2592278762        3               0.0
97      14.59036     -  14.71164      -5.53723114483        8               0.12128
98      14.72031     -  14.77037      -5.46599737707        1               0.05006
99      14.78037     -  14.94032      -5.39985020155        10               0.15995
100      14.95032     -  15.07098      -5.2935509219        6               0.12066
101      15.08032     -  15.08032      -5.2592278762        3               0.0
102      15.09032     -  15.42032      -5.70853690162        2               0.33
103      15.43047     -  15.47032      -5.53723114483        8               0.03985
104      15.48036     -  15.64037      -5.60660670812        4               0.16001
105      15.65037     -  15.9616      -5.66328505087        12               0.31123
106      15.97035     -  15.97035      -5.2592278762        3               0.0
107      15.98037     -  16.11032      -5.66328505087        12               0.12995
108      16.12032     -  16.12032      -5.2592278762        3               0.0
109      16.13037     -  16.16032      -5.66328505087        12               0.02995
110      16.17032     -  16.35032      -5.70853690162        2               0.18
111      16.36032     -  16.36032      -5.66328505087        12               0.0
112      16.37037     -  16.55031      -5.60660670812        4               0.17994
113      16.56037     -  16.64032      -5.53723114483        8               0.07995
114      16.65037     -  16.84037      -5.60660670812        4               0.19
115      16.85032     -  17.32036      -5.66328505087        12               0.47004
116      17.33037     -  17.55037      -5.70853690162        2               0.22
117      17.56032     -  17.59033      -5.75138928842        7               0.03001
118      17.60036     -  17.60036      -5.2592278762        3               0.0
119      17.61032     -  17.64037      -5.75138928842        7               0.03005
120      17.65037     -  18.17037      -5.66328505087        12               0.52
121      18.18045     -  18.19032      -5.2592278762        3               0.00987
122      18.20032     -  18.67032      -5.66328505087        12               0.47
123      18.68036     -  19.14037      -5.70853690162        2               0.46001
124      19.15036     -  19.34037      -5.75138928842        7               0.19001
125      19.35032     -  19.37037      -5.2592278762        3               0.02005
126      19.38032     -  19.53035      -5.70853690162        2               0.15003
127      19.54037     -  19.54037      -5.2592278762        3               0.0
128      19.55036     -  20.38036      -5.70853690162        2               0.83
129      20.39032     -  20.52036      -5.66328505087        12               0.13004
130      20.53037     -  20.67037      -5.70853690162        2               0.14
131      20.68051     -  20.77037      -5.66328505087        12               0.08986
132      20.78037     -  21.09037      -5.60660670812        4               0.31
133      21.10036     -  21.11032      -5.2592278762        3               0.00996
134      21.12032     -  21.19031      -5.70853690162        2               0.06999
135      21.20037     -  21.20037      -5.66328505087        12               0.0
136      21.21167     -  21.55032      -5.60660670812        4               0.33865
137      21.56037     -  21.58032      -4.71303191382        9               0.01995
138      21.59036     -  21.96164      -5.66328505087        12               0.37128
139      21.97036     -  21.98037      -5.75138928842        7               0.01001
140      21.9904     -  22.30037      -5.70853690162        2               0.30997
141      22.31032     -  22.35036      -5.66328505087        12               0.04004
142      22.36037     -  22.36037      -5.2592278762        3               0.0
143      22.37032     -  22.48033      -5.75138928842        7               0.11001
144      22.4904     -  22.61031      -5.70853690162        2               0.11991
145      22.62032     -  22.69036      -5.66328505087        12               0.07004
146      22.70037     -  22.88032      -5.70853690162        2               0.17995
147      22.89032     -  22.94037      -5.75138928842        7               0.05005
148      22.95036     -  22.95036      -5.2592278762        3               0.0
149      22.99292     -  23.15033      -5.70853690162        2               0.15741
150      23.16036     -  23.24037      -5.66328505087        12               0.08001
151      23.25037     -  23.63031      -5.70853690162        2               0.37994
152      23.64037     -  23.64037      -5.53723114483        8               0.0
153      23.65037     -  24.08033      -5.60660670812        4               0.42996
154      24.09033     -  24.10033      -5.53723114483        8               0.01
155      24.11037     -  24.13033      -5.60660670812        4               0.01996
156      24.14031     -  24.36033      -5.66328505087        12               0.22002
157      24.37037     -  24.37037      -5.2592278762        3               0.0
158      24.38033     -  24.48037      -5.70853690162        2               0.10004
159      24.4904     -  24.50032      -5.66328505087        12               0.00992
160      24.51078     -  24.51078      -5.2592278762        3               0.0
161      24.52033     -  24.63033      -5.70853690162        2               0.11
162      24.64033     -  24.83033      -5.66328505087        12               0.19
163      24.84061     -  24.93053      -5.60660670812        4               0.08992
164      24.94035     -  25.10037      -5.66328505087        12               0.16002
165      25.11037     -  25.38037      -5.70853690162        2               0.27
166      25.39037     -  25.44033      -5.66328505087        12               0.04996
167      25.45037     -  25.45037      -5.2592278762        3               0.0
168      25.46174     -  25.52032      -5.66328505087        12               0.05858
169      25.53032     -  25.62037      -5.60660670812        4               0.09005
170      25.63037     -  25.66037      -5.66328505087        12               0.03
171      25.67033     -  25.79037      -5.70853690162        2               0.12004
172      25.80033     -  25.81033      -5.66328505087        12               0.01
173      25.82033     -  25.89037      -5.60660670812        4               0.07004
174      25.90056     -  25.92037      -5.75138928842        7               0.01981
175      25.93033     -  25.94032      -5.53723114483        8               0.00999
176      25.95033     -  26.22031      -5.60660670812        4               0.26998
177      26.23033     -  26.35041      -5.53723114483        8               0.12008
178      26.36079     -  26.40033      -5.60660670812        4               0.03954
179      26.41033     -  26.43037      -5.53723114483        8               0.02004
180      26.44037     -  26.51037      -5.2592278762        3               0.07
181      26.52033     -  26.98037      -4.71303191382        9               0.46004
182      26.99043     -  27.06037      -5.2592278762        3               0.06994
183      27.07032     -  27.49033      -4.71303191382        9               0.42001
184      27.50037     -  27.71033      -5.53723114483        8               0.20996
185      27.72033     -  27.84037      -5.60660670812        4               0.12004
186      27.85041     -  27.85041      -5.53723114483        8               0.0
187      27.86033     -  27.9305      -5.2592278762        3               0.07017
188      27.94035     -  28.09038      -4.71303191382        9               0.15003
189      28.10032     -  28.22036      -5.2592278762        3               0.12004
190      28.23037     -  28.26032      -5.46599737707        1               0.02995
191      28.27033     -  28.35033      -5.2592278762        3               0.08
192      28.36036     -  28.45033      -4.71303191382        9               0.08997
193      28.46171     -  28.79033      -5.2592278762        3               0.32862
194      28.80031     -  28.92036      -4.71303191382        9               0.12005
195      28.93037     -  28.95033      -5.53723114483        8               0.01996
196      28.96036     -  28.96036      -5.2592278762        3               0.0
197      28.97037     -  29.25037      -4.71303191382        9               0.28
198      29.26036     -  29.26036      -5.2592278762        3               0.0
199      29.27033     -  29.59037      -5.46599737707        1               0.32004
200      29.60032     -  29.70032      -5.39985020155        10               0.1
201      29.71033     -  30.02031      -5.2935509219        6               0.30998
202      30.03037     -  30.07106      -5.39985020155        10               0.04069
203      30.08031     -  30.13036      -5.2935509219        6               0.05005
204      30.14033     -  30.14033      -5.2592278762        3               0.0
205      30.15036     -  30.21031      -5.2935509219        6               0.05995
206      30.22037     -  30.43031      -5.39985020155        10               0.20994
207      30.44037     -  30.86033      -5.2935509219        6               0.41996
208      30.87032     -  30.96173      -5.39985020155        10               0.09141
209      30.97032     -  30.99039      -5.2935509219        6               0.02007
210      31.00033     -  31.11031      -5.39985020155        10               0.10998
211      31.1204     -  31.17032      -5.46599737707        1               0.04992
212      31.18059     -  31.20032      -5.39985020155        10               0.01973
213      31.21172     -  31.25035      -5.2935509219        6               0.03863
214      31.26036     -  31.36035      -5.39985020155        10               0.09999
215      31.37055     -  32.01036      -5.46599737707        1               0.63981
216      32.02033     -  32.09032      -5.39985020155        10               0.06999
217      32.10037     -  32.29031      -5.46599737707        1               0.18994
218      32.30033     -  32.30033      -5.2592278762        3               0.0
219      32.31036     -  32.50032      -5.39985020155        10               0.18996
220      32.51032     -  32.91037      -5.46599737707        1               0.40005
221      32.92037     -  32.98037      -5.53723114483        8               0.06
222      32.99046     -  33.02033      -5.46599737707        1               0.02987
223      33.03033     -  33.27033      -5.39985020155        10               0.24
224      33.28037     -  33.54033      -5.46599737707        1               0.25996
225      33.55033     -  33.70038      -5.53723114483        8               0.15005
226      33.71037     -  33.98032      -5.46599737707        1               0.26995
227      33.99044     -  34.11032      -5.53723114483        8               0.11988
228      34.12033     -  34.14037      -4.71303191382        9               0.02004
229      34.15036     -  34.15036      -5.53723114483        8               0.0
230      34.16037     -  34.36036      -5.60660670812        4               0.19999
231      34.37038     -  34.43062      -5.53723114483        8               0.06024
232      34.44038     -  34.44038      -5.46599737707        1               0.0
233      34.45033     -  34.61033      -5.39985020155        10               0.16
234      34.62033     -  34.67033      -5.2592278762        3               0.05
235      34.68037     -  34.76038      -5.53723114483        8               0.08001
236      34.77038     -  34.78033      -5.75138928842        7               0.00995
237      34.79033     -  35.23033      -5.53723114483        8               0.44
238      35.24033     -  35.44033      -5.60660670812        4               0.2
239      35.45037     -  35.52031      -5.53723114483        8               0.06994
240      35.53033     -  35.69033      -5.60660670812        4               0.16
241      35.70038     -  35.78038      -5.53723114483        8               0.08
242      35.79038     -  35.79038      -5.2592278762        3               0.0
243      35.80038     -  35.84038      -5.66328505087        12               0.04
244      35.85038     -  35.85038      -5.2592278762        3               0.0
245      35.86033     -  35.89033      -5.66328505087        12               0.03
246      35.90038     -  35.90038      -5.75138928842        7               0.0
247      35.91038     -  36.10041      -5.60660670812        4               0.19003
248      36.11031     -  36.20033      -5.75138928842        7               0.09002
249      36.21179     -  36.25033      -5.60660670812        4               0.03854
250      36.26036     -  36.31033      -5.53723114483        8               0.04997
251      36.32032     -  36.33033      -5.2592278762        3               0.01001
252      36.34036     -  36.37038      -5.53723114483        8               0.03002
253      36.38031     -  36.51033      -5.60660670812        4               0.13002
254      36.52036     -  36.65032      -5.53723114483        8               0.12996
255      36.66032     -  36.69036      -5.2592278762        3               0.03004
256      36.70031     -  36.79036      -5.53723114483        8               0.09005
257      36.80037     -  36.80037      -5.2592278762        3               0.0
258      36.81033     -  36.86032      -5.46599737707        1               0.04999
259      36.87037     -  36.90037      -5.53723114483        8               0.03
260      36.91035     -  36.99037      -5.75138928842        7               0.08002
261      37.00037     -  37.01037      -5.2592278762        3               0.01
262      37.02033     -  37.19033      -5.70853690162        2               0.17
263      37.20037     -  37.27033      -5.75138928842        7               0.06996
264      37.28037     -  37.28037      -5.2592278762        3               0.0
265      37.29037     -  37.30032      -5.94833883229        11               0.00995
266      37.31033     -  37.36037      -5.2592278762        3               0.05004
267      37.37041     -  37.39037      -5.75138928842        7               0.01996
268      37.4006     -  37.43037      -5.83443166334        5               0.02977
269      37.44033     -  37.53037      -5.2592278762        3               0.09004
270      37.54033     -  37.62054      -5.53723114483        8               0.08021
271      37.63037     -  37.63037      -5.2592278762        3               0.0
272      37.64033     -  37.68033      -5.46599737707        1               0.04
273      37.69037     -  37.69037      -5.2592278762        3               0.0
274      37.70037     -  37.77037      -5.53723114483        8               0.07
275      37.78037     -  37.78037      -5.2592278762        3               0.0
276      37.79037     -  37.88033      -5.53723114483        8               0.08996
277      37.89032     -  37.89032      -5.2592278762        3               0.0
278      37.90044     -  38.04037      -5.53723114483        8               0.13993
279      38.05037     -  38.19033      -5.46599737707        1               0.13996
280      38.20037     -  38.54037      -5.53723114483        8               0.34
281      38.55033     -  38.55033      -5.75138928842        7               0.0
282      38.56032     -  38.70037      -5.60660670812        4               0.14005
283      38.71171     -  39.01033      -5.53723114483        8               0.29862
284      39.02031     -  39.03032      -5.2592278762        3               0.01001
285      39.04037     -  39.14037      -5.46599737707        1               0.1
286      39.15037     -  39.18037      -5.53723114483        8               0.03
287      39.19037     -  39.26033      -5.75138928842        7               0.06996
288      39.27036     -  39.27036      -5.2592278762        3               0.0
289      39.28033     -  39.32033      -5.66328505087        12               0.04
290      39.33036     -  39.49041      -5.70853690162        2               0.16005
291      39.50036     -  39.56032      -5.75138928842        7               0.05996
292      39.57117     -  39.57117      -5.2592278762        3               0.0
293      39.58036     -  39.59033      -5.94833883229        11               0.00997
294      39.60036     -  39.98032      -6.09071680853        0               0.37996
295      39.99032     -  40.02032      -5.94833883229        11               0.03
296      40.03033     -  40.24041      -5.75138928842        7               0.21008
297      40.25033     -  40.31037      -6.09071680853        0               0.06004
298      40.32033     -  40.53033      -5.94833883229        11               0.21
299      40.54037     -  40.58033      -5.2592278762        3               0.03996
300      40.59033     -  40.76032      -5.94833883229        11               0.16999
301      40.77036     -  40.83031      -5.83443166334        5               0.05995
302      40.84033     -  40.85041      -5.2592278762        3               0.01008
303      40.86037     -  40.90032      -5.94833883229        11               0.03995
304      40.91037     -  40.92037      -5.2592278762        3               0.01
305      40.93088     -  41.48033      -5.94833883229        11               0.54945
306      41.49037     -  41.49037      -5.2592278762        3               0.0
307      41.50033     -  41.52037      -5.94833883229        11               0.02004
308      41.53037     -  41.56037      -5.2592278762        3               0.03
309      41.57033     -  41.67037      -5.94833883229        11               0.10004
310      41.68065     -  41.68065      -5.2592278762        3               0.0
311      41.69037     -  41.89033      -5.94833883229        11               0.19996
312      41.90032     -  42.41037      -6.09071680853        0               0.51005
313      42.42037     -  42.80037      -5.94833883229        11               0.38
314      42.81037     -  43.33035      -6.09071680853        0               0.51998
315      43.34037     -  43.59033      -5.94833883229        11               0.24996
316      43.60033     -  43.64037      -5.83443166334        5               0.04004
317      43.65037     -  43.66037      -5.94833883229        11               0.01
318      43.67033     -  43.68033      -5.2592278762        3               0.01
319      43.69033     -  43.81033      -5.94833883229        11               0.12
320      43.82119     -  43.82119      -5.2592278762        3               0.0
321      43.83037     -  43.85037      -5.94833883229        11               0.02
322      43.86033     -  43.86033      -5.2592278762        3               0.0
323      43.8705     -  44.06033      -5.94833883229        11               0.18983
324      44.07121     -  44.07121      -5.2592278762        3               0.0
325      44.08037     -  44.10033      -5.94833883229        11               0.01996
326      44.11033     -  44.18062      -6.09071680853        0               0.07029
327      44.19037     -  44.19037      -5.94833883229        11               0.0
328      44.20038     -  44.20038      -5.2592278762        3               0.0
329      44.21179     -  44.39036      -5.94833883229        11               0.17857
330      44.40037     -  44.54033      -6.09071680853        0               0.13996
331      44.55032     -  44.65031      -5.94833883229        11               0.09999
332      44.66033     -  44.67036      -5.53723114483        8               0.01003
333      44.68033     -  44.76037      -5.46599737707        1               0.08004
334      44.77032     -  44.78037      -5.53723114483        8               0.01005
335      44.79032     -  44.90037      -5.2592278762        3               0.11005
336      44.91032     -  45.20037      -5.94833883229        11               0.29005
337      45.21174     -  45.21174      -5.2592278762        3               0.0
338      45.22033     -  45.30036      -5.94833883229        11               0.08003
339      45.31037     -  45.31037      -5.2592278762        3               0.0
340      45.32032     -  45.36031      -5.83443166334        5               0.03999
341      45.37033     -  45.37033      -5.94833883229        11               0.0
342      45.38036     -  45.39037      -5.2592278762        3               0.01001
343      45.40036     -  45.43065      -5.94833883229        11               0.03029
344      45.44032     -  45.46179      -5.2592278762        3               0.02147
345      45.47032     -  45.50032      -5.94833883229        11               0.03
346      45.51032     -  45.51032      -5.2592278762        3               0.0
347      45.52032     -  45.57037      -5.75138928842        7               0.05005
348      45.58037     -  45.61032      -5.83443166334        5               0.02995
349      45.62032     -  45.62032      -5.2592278762        3               0.0
350      45.63037     -  45.66036      -5.94833883229        11               0.02999
351      45.67095     -  45.75032      -5.83443166334        5               0.07937
352      45.76032     -  45.80036      -5.94833883229        11               0.04004
353      45.81033     -  45.81033      -5.2592278762        3               0.0
354      45.8212     -  46.05032      -5.94833883229        11               0.22912
355      46.06037     -  46.11032      -6.09071680853        0               0.04995
356      46.12032     -  46.12032      -5.94833883229        11               0.0
357      46.13032     -  46.13032      -5.2592278762        3               0.0
358      46.14037     -  46.14037      -5.94833883229        11               0.0
359      46.15037     -  46.32116      -6.09071680853        0               0.17079
360      46.33031     -  46.4905      -5.94833883229        11               0.16019
361      46.50037     -  46.50037      -5.2592278762        3               0.0
362      46.51037     -  46.68037      -5.94833883229        11               0.17
363      46.69032     -  46.69032      -5.2592278762        3               0.0
364      46.70032     -  46.72032      -4.71303191382        9               0.02
365      46.73056     -  46.73056      -5.53723114483        8               0.0
366      46.7404     -  46.85041      -5.75138928842        7               0.11001
367      46.86033     -  46.87037      -5.2592278762        3               0.01004
368      46.88033     -  47.03037      -5.66328505087        12               0.15004
369      47.04052     -  47.04052      -5.2592278762        3               0.0
370      47.05032     -  47.08035      -5.75138928842        7               0.03003
371      47.09082     -  47.09082      -5.2592278762        3               0.0
372      47.10033     -  47.23036      -5.66328505087        12               0.13003
373      47.24037     -  47.52033      -5.60660670812        4               0.27996
374      47.53038     -  47.53038      -5.2592278762        3               0.0
375      47.54036     -  47.55037      -5.53723114483        8               0.01001
376      47.56032     -  47.59033      -5.75138928842        7               0.03001
377      47.60039     -  47.66038      -5.60660670812        4               0.05999
378      47.67032     -  47.72033      -5.66328505087        12               0.05001
379      47.73038     -  47.87031      -5.60660670812        4               0.13993
380      47.88037     -  47.92033      -5.53723114483        8               0.03996
381      47.93071     -  47.93071      -5.75138928842        7               0.0
382      47.94037     -  48.03038      -5.60660670812        4               0.09001
383      48.04033     -  48.09033      -5.53723114483        8               0.05
384      48.10037     -  48.26099      -5.60660670812        4               0.16062
385      48.27033     -  48.30032      -5.2592278762        3               0.02999
386      48.31033     -  48.34036      -5.53723114483        8               0.03003
387      48.35033     -  48.61038      -5.60660670812        4               0.26005
388      48.62032     -  48.79038      -5.53723114483        8               0.17006
389      48.80036     -  48.84036      -5.2592278762        3               0.04
390      48.85033     -  48.92061      -5.66328505087        12               0.07028
391      48.93033     -  48.99051      -5.2592278762        3               0.06018
392      49.00036     -  49.01033      -5.75138928842        7               0.00997
393      49.02036     -  49.04032      -5.53723114483        8               0.01996
394      49.05033     -  49.09033      -5.2592278762        3               0.04
395      49.1004     -  49.15033      -5.53723114483        8               0.04993
396      49.16036     -  49.23033      -5.60660670812        4               0.06997
397      49.24036     -  49.24036      -5.2592278762        3               0.0
398      49.25033     -  49.28031      -5.60660670812        4               0.02998
399      49.29033     -  49.34033      -5.2935509219        6               0.05
400      49.3504     -  49.38036      -5.2592278762        3               0.02996
401      49.39031     -  49.42033      -5.66328505087        12               0.03002
402      49.43065     -  49.59036      -5.60660670812        4               0.15971
403      49.60037     -  49.60037      -5.2592278762        3               0.0
404      49.61032     -  49.64037      -5.60660670812        4               0.03005
405      49.65036     -  49.72037      -5.66328505087        12               0.07001
406      49.73036     -  49.74033      -5.60660670812        4               0.00997
407      49.75036     -  49.77036      -5.53723114483        8               0.02
408      49.78037     -  49.86033      -4.71303191382        9               0.07996
409      49.87032     -  49.88033      -5.2592278762        3               0.01001
410      49.89032     -  49.93032      -5.66328505087        12               0.04
411      49.94037     -  49.98037      -5.60660670812        4               0.04
412      49.99046     -  50.09037      -5.53723114483        8               0.09991
413      50.10043     -  50.1807      -5.60660670812        4               0.08027
414      50.19032     -  50.25036      -5.2592278762        3               0.06004
415      50.26033     -  50.39037      -5.53723114483        8               0.13004
416      50.40032     -  50.40032      -5.2592278762        3               0.0
417      50.41037     -  50.46037      -5.60660670812        4               0.05
418      50.47033     -  50.48032      -5.53723114483        8               0.00999
419      50.49037     -  50.52037      -5.60660670812        4               0.03
420      50.53033     -  50.53033      -5.2592278762        3               0.0
421      50.54032     -  50.59032      -5.53723114483        8               0.05
422      50.60045     -  50.68072      -5.60660670812        4               0.08027
423      50.69033     -  50.70037      -5.75138928842        7               0.01004
424      50.71175     -  50.82038      -5.60660670812        4               0.10863
425      50.83038     -  50.91037      -5.53723114483        8               0.07999
426      50.92033     -  50.99048      -4.71303191382        9               0.07015
427      51.00037     -  51.04033      -5.66328505087        12               0.03996
428      51.05037     -  51.05037      -5.2592278762        3               0.0
429      51.06038     -  51.08037      -5.66328505087        12               0.01999
430      51.09032     -  51.09032      -5.2592278762        3               0.0
431      51.1004     -  51.20037      -5.66328505087        12               0.09997
432      51.21181     -  51.27036      -5.60660670812        4               0.05855
433      51.28037     -  51.38037      -5.66328505087        12               0.1
434      51.39038     -  51.48037      -5.60660670812        4               0.08999
435      51.49052     -  51.57033      -5.53723114483        8               0.07981
436      51.58033     -  51.61038      -5.75138928842        7               0.03005
437      51.62033     -  51.67037      -5.53723114483        8               0.05004
438      51.68076     -  51.75033      -5.60660670812        4               0.06957
439      51.76033     -  51.78037      -5.53723114483        8               0.02004
440      51.79038     -  51.81038      -5.2592278762        3               0.02
441      51.82038     -  51.96033      -5.53723114483        8               0.13995
442      51.97037     -  51.99033      -5.2592278762        3               0.01996
443      52.00038     -  52.06037      -5.53723114483        8               0.05999
444      52.07032     -  52.13032      -5.46599737707        1               0.06
445      52.14032     -  52.14032      -5.2592278762        3               0.0
446      52.15056     -  52.22032      -5.53723114483        8               0.06976
447      52.23032     -  52.25033      -5.75138928842        7               0.02001
448      52.26037     -  52.31038      -5.53723114483        8               0.05001
449      52.32125     -  52.38037      -5.46599737707        1               0.05912
450      52.39038     -  52.40046      -5.2592278762        3               0.01008
451      52.41037     -  52.46174      -5.46599737707        1               0.05137
452      52.47033     -  52.66033      -5.53723114483        8               0.19
453      52.67038     -  52.71037      -5.60660670812        4               0.03999
454      52.72037     -  52.73033      -5.53723114483        8               0.00996
455      52.74033     -  52.84037      -5.46599737707        1               0.10004
456      52.85041     -  52.85041      -5.2592278762        3               0.0
457      52.86037     -  52.96033      -5.46599737707        1               0.09996
458      52.97032     -  53.05036      -5.2592278762        3               0.08004
459      53.06033     -  53.12037      -5.53723114483        8               0.06004
460      53.13036     -  53.16037      -5.2592278762        3               0.03001
461      53.17036     -  53.29036      -5.53723114483        8               0.12
462      53.30033     -  53.34033      -5.2592278762        3               0.04
463      53.35036     -  53.40061      -5.46599737707        1               0.05025
464      53.41031     -  53.41031      -5.2592278762        3               0.0
465      53.42038     -  53.47031      -5.2935509219        6               0.04993
466      53.48033     -  53.57119      -5.39985020155        10               0.09086
467      53.58036     -  53.63032      -5.2592278762        3               0.04996
468      53.64031     -  53.85037      -4.71303191382        9               0.21006
469      53.86037     -  53.90033      -5.2592278762        3               0.03996
470      53.91033     -  53.93075      -4.71303191382        9               0.02042
471      53.94037     -  53.95037      -5.2592278762        3               0.01
472      53.96177     -  54.03036      -5.53723114483        8               0.06859
473      54.04041     -  54.05036      -4.71303191382        9               0.00995
474      54.06033     -  54.13031      -5.53723114483        8               0.06998
475      54.14033     -  54.19036      -4.71303191382        9               0.05003
476      54.20033     -  54.41031      -5.2592278762        3               0.20998
477      54.42037     -  54.43075      -5.83443166334        5               0.01038
478      54.44032     -  54.44032      -5.2592278762        3               0.0
479      54.45036     -  54.51036      -4.71303191382        9               0.06
480      54.52033     -  54.54033      -5.94833883229        11               0.02
481      54.55032     -  54.59032      -4.71303191382        9               0.04
482      54.60041     -  54.63031      -5.94833883229        11               0.0299
483      54.64038     -  54.64038      -5.2592278762        3               0.0
484      54.65032     -  54.67036      -5.75138928842        7               0.02004
485      54.68071     -  54.69036      -5.2592278762        3               0.00965
486      54.70038     -  54.72033      -5.94833883229        11               0.01995
487      54.73032     -  54.74051      -5.2592278762        3               0.01019
488      54.75032     -  54.85042      -5.46599737707        1               0.1001
489      54.86033     -  54.86033      -5.2592278762        3               0.0
490      54.87037     -  54.96033      -5.46599737707        1               0.08996
491      54.97033     -  55.01033      -5.39985020155        10               0.04
492      55.02037     -  55.04033      -5.2592278762        3               0.01996
493      55.05033     -  55.11038      -5.53723114483        8               0.06005
494      55.12038     -  55.17033      -5.46599737707        1               0.04995
495      55.18075     -  55.26033      -5.53723114483        8               0.07958
496      55.27033     -  55.62037      -5.46599737707        1               0.35004
497      55.63035     -  55.63035      -5.2592278762        3               0.0
498      55.64032     -  55.71176      -5.46599737707        1               0.07144
499      55.72031     -  55.72031      -5.2592278762        3               0.0
500      55.73085     -  55.78036      -5.46599737707        1               0.04951
501      55.79037     -  55.82032      -5.2592278762        3               0.02995
502      55.83037     -  55.85033      -5.46599737707        1               0.01996
503      55.86037     -  55.9406      -5.2592278762        3               0.08023
504      55.95037     -  56.04037      -5.53723114483        8               0.09
505      56.05036     -  56.05036      -5.2592278762        3               0.0
506      56.06032     -  56.19032      -5.46599737707        1               0.13
507      56.20036     -  56.20036      -5.2592278762        3               0.0
508      56.21033     -  56.25037      -5.46599737707        1               0.04004
509      56.26031     -  56.28032      -5.2592278762        3               0.02001
510      56.29036     -  56.50032      -5.53723114483        8               0.20996
511      56.51037     -  56.69032      -5.46599737707        1               0.17995
512      56.70032     -  56.77032      -5.53723114483        8               0.07
513      56.78032     -  56.78032      -5.2592278762        3               0.0
514      56.79083     -  56.81037      -5.46599737707        1               0.01954
515      56.82119     -  56.83032      -5.2592278762        3               0.00913
516      56.84032     -  56.89036      -5.53723114483        8               0.05004
517      56.90032     -  57.02037      -4.71303191382        9               0.12005
518      57.03036     -  57.03036      -5.2592278762        3               0.0
519      57.04037     -  57.06037      -5.53723114483        8               0.02
520      57.07123     -  57.13032      -5.46599737707        1               0.05909
521      57.14033     -  57.20033      -5.75138928842        7               0.06
522      57.21175     -  57.23036      -5.53723114483        8               0.01861
523      57.24051     -  57.39036      -5.46599737707        1               0.14985
524      57.40033     -  57.54032      -5.39985020155        10               0.13999
525      57.55036     -  57.63031      -5.46599737707        1               0.07995
526      57.64098     -  57.70033      -5.39985020155        10               0.05935
527      57.71176     -  57.75032      -5.2935509219        6               0.03856
528      57.76036     -  57.82122      -5.39985020155        10               0.06086
529      57.83032     -  57.87033      -5.2935509219        6               0.04001
530      57.88036     -  57.90036      -5.46599737707        1               0.02
531      57.91036     -  58.03032      -5.53723114483        8               0.11996
532      58.04033     -  58.16032      -5.2935509219        6               0.11999
533      58.17037     -  58.17037      -5.2592278762        3               0.0
534      58.18072     -  58.21032      -5.39985020155        10               0.0296
535      58.22037     -  58.36031      -5.46599737707        1               0.13994
536      58.37036     -  58.44036      -5.53723114483        8               0.07
537      58.45037     -  58.77037      -5.46599737707        1               0.32
538      58.78036     -  59.18032      -5.39985020155        10               0.39996
539      59.19037     -  59.28033      -5.46599737707        1               0.08996
540      59.29037     -  59.30032      -5.39985020155        10               0.00995
541      59.31032     -  59.43036      -5.2935509219        6               0.12004
542      59.44032     -  59.48033      -5.39985020155        10               0.04001
543      59.49036     -  59.69036      -5.2935509219        6               0.2
544      59.70057     -  59.75032      -5.39985020155        10               0.04975
545      59.76037     -  59.76037      -5.2592278762        3               0.0
546      59.77036     -  59.87036      -5.46599737707        1               0.1
547      59.88037     -  59.88037      -5.2592278762        3               0.0
548      59.89032     -  59.95036      -5.2935509219        6               0.06004
549      59.96177     -  60.06032      -5.46599737707        1               0.09855
550      60.07129     -  60.08035      -5.2592278762        3               0.00906000000001
551      60.09032     -  60.13036      -5.46599737707        1               0.04004
552      60.14032     -  60.14032      -5.2592278762        3               0.0
553      60.15036     -  60.19032      -5.2935509219        6               0.03996
554      60.20037     -  60.37036      -5.39985020155        10               0.16999
555      60.38037     -  60.91037      -5.75138928842        7               0.53
556      60.92032     -  60.93033      -5.2592278762        3               0.01001
557      60.94036     -  61.14032      -5.75138928842        7               0.19996
558      61.15037     -  61.17032      -5.53723114483        8               0.01995
559      61.18073     -  61.20032      -5.75138928842        7               0.01959
560      61.21176     -  61.22031      -5.2592278762        3               0.00855
561      61.23032     -  61.43033      -5.46599737707        1               0.20001
562      61.44032     -  61.47037      -5.39985020155        10               0.03005
563      61.48032     -  61.50032      -5.2592278762        3               0.02
564      61.51033     -  61.53032      -5.46599737707        1               0.01999
565      61.54036     -  61.61037      -5.53723114483        8               0.07001
566      61.62032     -  61.62032      -5.2592278762        3               0.0
567      61.63036     -  61.69037      -5.46599737707        1               0.06001
568      61.70037     -  61.74032      -5.2592278762        3               0.03995
569      61.75037     -  61.82126      -5.60660670812        4               0.07089
570      61.83036     -  61.88036      -5.66328505087        12               0.05
571      61.89033     -  61.90036      -5.2592278762        3               0.01003
572      61.91033     -  62.03037      -4.71303191382        9               0.12004
573      62.04032     -  62.14032      -5.2592278762        3               0.1
574      62.15037     -  62.18072      -5.53723114483        8               0.03035
575      62.19037     -  62.22032      -5.60660670812        4               0.02995
576      62.23033     -  62.29037      -5.2592278762        3               0.06004
577      62.30032     -  62.32124      -5.39985020155        10               0.02092
578      62.33032     -  62.34037      -5.2935509219        6               0.01005
579      62.35033     -  62.36036      -5.2592278762        3               0.01003
580      62.37037     -  62.48032      -4.71303191382        9               0.10995
581      62.49055     -  62.56037      -5.2592278762        3               0.06982
582      62.57128     -  62.59037      -5.75138928842        7               0.01909
583      62.60044     -  62.60044      -5.2592278762        3               0.0
584      62.61037     -  62.70036      -5.2935509219        6               0.08999
585      62.71176     -  62.80031      -5.2592278762        3               0.08855
586      62.81032     -  62.83031      -5.53723114483        8               0.01999
587      62.84037     -  62.87032      -5.75138928842        7               0.02995
588      62.88032     -  62.91033      -5.2592278762        3               0.03001
589      62.92036     -  63.05032      -4.71303191382        9               0.12996
590      63.06032     -  63.08036      -5.2592278762        3               0.02004
591      63.09037     -  63.11032      -4.71303191382        9               0.01995
592      63.12036     -  63.16032      -5.2592278762        3               0.03996
593      63.17032     -  63.23037      -4.71303191382        9               0.06005
594      63.24032     -  63.31037      -5.2592278762        3               0.07005
595      63.32032     -  63.36032      -5.66328505087        12               0.04
596      63.37032     -  63.37032      -5.75138928842        7               0.0
597      63.38032     -  63.55037      -5.53723114483        8               0.17005
598      63.56037     -  63.56037      -5.2592278762        3               0.0
599      63.57132     -  63.59033      -5.75138928842        7               0.01901
600      63.60046     -  63.61033      -5.53723114483        8               0.00987
601      63.62032     -  63.66036      -5.75138928842        7               0.04004
602      63.67033     -  64.01037      -5.83443166334        5               0.34004
603      64.02036     -  64.16032      -5.94833883229        11               0.13996
604      64.17037     -  64.19037      -4.71303191382        9               0.02
605      64.20032     -  64.22032      -5.2592278762        3               0.02
606      64.23033     -  64.27036      -5.94833883229        11               0.04003
607      64.28037     -  64.30032      -5.2592278762        3               0.01995
608      64.31032     -  64.34032      -5.83443166334        5               0.03
609      64.35032     -  64.38037      -5.2592278762        3               0.03005
610      64.39036     -  64.44037      -5.94833883229        11               0.05001
611      64.45032     -  64.45032      -5.2592278762        3               0.0
612      64.46037     -  64.65036      -5.94833883229        11               0.18999
613      64.66037     -  64.72032      -5.83443166334        5               0.05995
614      64.73036     -  64.81036      -5.94833883229        11               0.08
615      64.82037     -  64.83032      -5.2592278762        3               0.00995
616      64.84037     -  64.90037      -5.94833883229        11               0.06
617      64.91032     -  64.91032      -5.2592278762        3               0.0
618      64.92032     -  65.19032      -5.94833883229        11               0.27
619      65.20041     -  65.21037      -5.2592278762        3               0.00995999999999
620      65.22032     -  65.31032      -5.75138928842        7               0.09
621      65.32126     -  65.33032      -5.94833883229        11               0.00906000000001
622      65.34032     -  65.35042      -5.53723114483        8               0.0101
623      65.36032     -  65.4006      -5.75138928842        7               0.04028
624      65.41037     -  65.43077      -5.53723114483        8               0.0204
625      65.44032     -  65.48036      -5.75138928842        7               0.04004
626      65.49059     -  65.52037      -5.60660670812        4               0.02978
627      65.53037     -  65.60047      -5.53723114483        8               0.0701
628      65.61032     -  65.64037      -5.2935509219        6               0.03005
629      65.65056     -  65.65056      -5.39985020155        10               0.0
630      65.66036     -  65.67033      -5.75138928842        7               0.00997000000001
631      65.68077     -  65.70037      -5.53723114483        8               0.0196
632      65.71178     -  65.88036      -5.75138928842        7               0.16858
633      65.89032     -  65.9308      -5.53723114483        8               0.04048
634      65.94031     -  66.04055      -5.60660670812        4               0.10024
635      66.05035     -  66.09032      -5.53723114483        8               0.03997
636      66.10032     -  66.12036      -5.75138928842        7               0.02004
637      66.13033     -  66.27032      -5.66328505087        12               0.13999
638      66.28037     -  66.34032      -5.75138928842        7               0.05995
639      66.35048     -  66.37033      -5.2592278762        3               0.01985
640      66.38037     -  66.57131      -5.66328505087        12               0.19094
641      66.58031     -  66.67033      -5.75138928842        7               0.09002
642      66.68079     -  66.7118      -5.83443166334        5               0.03101
643      66.72032     -  66.77032      -5.94833883229        11               0.05
644      66.78032     -  66.83032      -5.75138928842        7               0.05
645      66.84032     -  66.91032      -5.60660670812        4               0.07
646      66.92032     -  66.95037      -5.66328505087        12               0.03005
647      66.9618     -  66.98032      -5.60660670812        4               0.01852
648      66.99052     -  67.11032      -5.53723114483        8               0.1198
649      67.12036     -  67.24052      -5.75138928842        7               0.12016
650      67.25032     -  67.32037      -5.60660670812        4               0.07005
651      67.33032     -  67.49059      -5.75138928842        7               0.16027
652      67.50033     -  67.55032      -5.94833883229        11               0.04999
653      67.56037     -  67.58037      -5.83443166334        5               0.02
654      67.59037     -  67.69032      -5.75138928842        7               0.09995
655      67.70037     -  67.72037      -5.53723114483        8               0.02
656      67.73032     -  67.73032      -5.2592278762        3               0.0
657      67.74052     -  67.79037      -5.66328505087        12               0.04985
658      67.80037     -  67.89032      -5.60660670812        4               0.08995
659      67.90033     -  67.94037      -5.66328505087        12               0.04004
660      67.95037     -  67.95037      -5.2592278762        3               0.0
661      67.96179     -  68.14033      -5.75138928842        7               0.17854
662      68.15036     -  68.28031      -5.66328505087        12               0.12995
663      68.29056     -  68.34037      -5.75138928842        7               0.04981
664      68.35032     -  68.4006      -5.83443166334        5               0.05028
665      68.41036     -  68.42037      -5.75138928842        7               0.01001
666      68.43077     -  68.47043      -5.83443166334        5               0.03966
667      68.48033     -  68.57131      -5.94833883229        11               0.09098
668      68.58037     -  68.62037      -5.83443166334        5               0.04
669      68.63032     -  68.64037      -5.94833883229        11               0.01005
670      68.65056     -  68.65056      -5.2592278762        3               0.0
671      68.66032     -  68.68081      -5.94833883229        11               0.02049
672      68.69032     -  69.00037      -5.75138928842        7               0.31005
673      69.01032     -  69.03037      -5.53723114483        8               0.02005
674      69.04033     -  69.04033      -5.75138928842        7               0.0
675      69.05032     -  69.09032      -5.83443166334        5               0.04
676      69.10043     -  69.20032      -5.94833883229        11               0.09989
677      69.21176     -  69.25032      -5.75138928842        7               0.03856
678      69.26033     -  69.32132      -5.53723114483        8               0.06099
679      69.33032     -  69.40037      -5.75138928842        7               0.07005
680      69.41036     -  69.60043      -5.83443166334        5               0.19007
681      69.61036     -  69.61036      -5.2592278762        3               0.0
682      69.62037     -  69.87037      -5.75138928842        7               0.25
683      69.88037     -  69.90037      -5.53723114483        8               0.02
684      69.91037     -  69.99051      -5.75138928842        7               0.08014
685      70.00037     -  70.07136      -5.53723114483        8               0.07099
686      70.08037     -  70.12037      -5.75138928842        7               0.04
687      70.13032     -  70.17032      -5.60660670812        4               0.04
688      70.18081     -  70.19037      -5.2592278762        3               0.00956000000001
689      70.20037     -  70.23032      -5.66328505087        12               0.02995
690      70.24059     -  70.26032      -5.60660670812        4               0.01973
691      70.27036     -  70.33035      -5.53723114483        8               0.05999
692      70.34032     -  70.64037      -5.75138928842        7               0.30005
693      70.65037     -  70.74037      -5.53723114483        8               0.09
694      70.75037     -  70.76037      -5.75138928842        7               0.00999999999999
695      70.77032     -  70.89037      -5.83443166334        5               0.12005
696      70.9006     -  70.9006      -5.2592278762        3               0.0
697      70.91037     -  70.97032      -5.83443166334        5               0.05995
698      70.98032     -  71.04037      -5.94833883229        11               0.06005
699      71.05032     -  71.05032      -5.2592278762        3               0.0
700      71.06037     -  71.28037      -5.2935509219        6               0.22
701      71.29032     -  71.38037      -5.39985020155        10               0.09005
702      71.39032     -  71.50031      -5.66328505087        12               0.10999
703      71.51032     -  71.52031      -5.2592278762        3               0.00999
704      71.53036     -  71.63036      -5.66328505087        12               0.1
705      71.64033     -  71.80032      -6.09071680853        0               0.15999
706      71.81036     -  72.01032      -5.94833883229        11               0.19996
707      72.02037     -  72.02037      -5.2592278762        3               0.0
708      72.03036     -  72.06033      -5.83443166334        5               0.02997
709      72.07135     -  72.28037      -5.94833883229        11               0.20902
710      72.29032     -  73.08037      -5.83443166334        5               0.79005
711      73.09032     -  73.09032      -5.2592278762        3               0.0
712      73.10037     -  73.32137      -5.83443166334        5               0.221
713      73.33032     -  73.34032      -5.2592278762        3               0.01
714      73.35047     -  73.40037      -5.94833883229        11               0.0499
715      73.41036     -  73.57137      -5.75138928842        7               0.16101
716      73.58037     -  73.62037      -6.09071680853        0               0.04
717      73.63036     -  73.70033      -5.94833883229        11               0.06997
718      73.71032     -  74.08036      -5.83443166334        5               0.37004
719      74.09032     -  74.21037      -5.94833883229        11               0.12005
720      74.22036     -  74.25032      -5.83443166334        5               0.02996
721      74.26061     -  74.35037      -5.94833883229        11               0.08976
722      74.36032     -  74.39037      -5.83443166334        5               0.03005
723      74.40032     -  74.49056      -5.2935509219        6               0.09024
724      74.50036     -  74.50036      -5.2592278762        3               0.0
725      74.51037     -  74.55036      -5.94833883229        11               0.03999
726      74.56037     -  74.86037      -5.83443166334        5               0.3
727      74.87037     -  74.88037      -5.2592278762        3               0.01
728      74.89033     -  76.06038      -5.94833883229        11               1.17005
729      76.07132     -  76.18082      -5.83443166334        5               0.1095
730      76.19037     -  76.21183      -5.2592278762        3               0.02146
731      76.22035     -  76.33037      -5.94833883229        11               0.11002
732      76.34037     -  76.48037      -5.83443166334        5               0.14
733      76.49051     -  76.77033      -5.94833883229        11               0.27982
734      76.78037     -  76.92038      -5.83443166334        5               0.14001
735      76.93033     -  76.93033      -5.2592278762        3               0.0
736      76.94037     -  77.52035      -5.94833883229        11               0.57998
737      77.53036     -  77.55032      -5.2592278762        3               0.01996
738      77.56032     -  77.84037      -5.83443166334        5               0.28005
739      77.85043     -  77.88032      -5.94833883229        11               0.02989
740      77.89032     -  77.89032      -5.2592278762        3               0.0
741      77.90033     -  78.06033      -5.83443166334        5               0.16
742      78.07138     -  78.10041      -5.94833883229        11               0.02903
743      78.11036     -  78.46115      -5.83443166334        5               0.35079
744      78.47036     -  78.48056      -5.2592278762        3               0.0102
745      78.49036     -  78.86037      -5.83443166334        5               0.37001
746      78.87033     -  78.97037      -5.75138928842        7               0.10004
747      78.98033     -  79.07141      -5.83443166334        5               0.09108
748      79.08032     -  79.08032      -5.2592278762        3               0.0
749      79.09037     -  79.19037      -5.75138928842        7               0.1
750      79.20033     -  79.35041      -5.83443166334        5               0.15008
751      79.36031     -  79.49033      -5.75138928842        7               0.13002
752      79.50037     -  79.63032      -5.94833883229        11               0.12995
753      79.64037     -  80.26033      -5.83443166334        5               0.61996
754      80.27032     -  80.27032      -5.2592278762        3               0.0
755      80.28037     -  80.61037      -5.83443166334        5               0.33
756      80.62037     -  80.65032      -5.75138928842        7               0.02995
757      80.66036     -  80.67032      -5.83443166334        5               0.00996000000001
758      80.68107     -  80.74052      -5.94833883229        11               0.05945
759      80.75032     -  80.75032      -5.2592278762        3               0.0
760      80.76036     -  80.77032      -5.94833883229        11               0.00995999999999
761      80.78036     -  80.85032      -5.83443166334        5               0.06996
762      80.86032     -  81.02037      -5.75138928842        7               0.16005
763      81.03036     -  81.05032      -5.2592278762        3               0.01996
764      81.06032     -  81.18037      -5.83443166334        5               0.12005
765      81.19032     -  81.41036      -5.94833883229        11               0.22004
766      81.42033     -  81.42033      -5.2592278762        3               0.0
767      81.43084     -  81.55036      -5.94833883229        11               0.11952
768      81.56032     -  81.56032      -5.2592278762        3               0.0
769      81.57142     -  81.91036      -5.46599737707        1               0.33894
770      81.92037     -  81.98038      -5.39985020155        10               0.06001
771      81.9905     -  82.10043      -5.46599737707        1               0.10993
772      82.11031     -  82.15036      -5.53723114483        8               0.04005
773      82.16036     -  82.19031      -5.46599737707        1               0.02995
774      82.20032     -  82.38032      -5.39985020155        10               0.18
775      82.39037     -  82.51038      -5.46599737707        1               0.12001
776      82.52033     -  82.61033      -5.39985020155        10               0.09
777      82.62037     -  82.62037      -5.2592278762        3               0.0
778      82.63037     -  82.81032      -5.39985020155        10               0.17995
779      82.82137     -  82.82137      -5.2592278762        3               0.0
780      82.83037     -  82.88037      -5.83443166334        5               0.05
781      82.89033     -  83.15032      -5.94833883229        11               0.25999
782      83.16036     -  83.37037      -5.83443166334        5               0.21001
783      83.38037     -  83.53033      -5.75138928842        7               0.14996
784      83.54037     -  83.54037      -5.2592278762        3               0.0
785      83.55037     -  83.64032      -5.94833883229        11               0.08995
786      83.65033     -  83.78037      -5.83443166334        5               0.13004
787      83.79037     -  83.81033      -5.94833883229        11               0.01996
788      83.82146     -  84.08032      -5.83443166334        5               0.25886
789      84.09037     -  84.24032      -5.94833883229        11               0.14995
790      84.25032     -  84.60032      -4.71303191382        9               0.35
791      84.61036     -  84.67031      -5.53723114483        8               0.05995
792      84.68081     -  84.74046      -5.75138928842        7               0.05965
793      84.75033     -  85.02035      -5.46599737707        1               0.27002
794      85.03068     -  85.08037      -5.39985020155        10               0.04969
795      85.09037     -  85.22032      -5.46599737707        1               0.12995
796      85.23037     -  85.25037      -5.75138928842        7               0.02
797      85.26032     -  85.45032      -5.83443166334        5               0.19
798      85.46036     -  85.51032      -5.75138928842        7               0.04996
799      85.52036     -  85.84032      -5.53723114483        8               0.31996
800      85.85037     -  85.94032      -5.46599737707        1               0.08995
801      85.95032     -  85.95032      -5.2592278762        3               0.0
802      85.96032     -  85.97032      -5.46599737707        1               0.01
803      85.98036     -  85.99032      -5.39985020155        10               0.00995999999999
804      86.00032     -  86.27032      -5.2592278762        3               0.27
805      86.28032     -  86.39032      -5.53723114483        8               0.11
806      86.40033     -  86.43037      -5.46599737707        1               0.03004
807      86.44037     -  86.47037      -5.39985020155        10               0.03
808      86.48037     -  86.48037      -5.2592278762        3               0.0
809      86.49051     -  86.70033      -5.46599737707        1               0.20982
810      86.71115     -  86.71115      -5.53723114483        8               0.0
811      86.72032     -  86.82144      -5.60660670812        4               0.10112
812      86.83032     -  86.84036      -5.53723114483        8               0.01004
813      86.85041     -  86.91032      -5.75138928842        7               0.05991
814      86.92032     -  87.03032      -5.46599737707        1               0.11
815      87.04032     -  87.13037      -5.53723114483        8               0.09005
816      87.14032     -  87.14032      -5.75138928842        7               0.0
817      87.15061     -  87.51036      -5.94833883229        11               0.35975
818      87.52037     -  87.53033      -5.2592278762        3               0.00996000000001
819      87.54037     -  87.67033      -5.94833883229        11               0.12996
820      87.6809     -  87.70037      -4.71303191382        9               0.01947
821      87.71116     -  87.73037      -5.83443166334        5               0.01921
822      87.74033     -  87.84033      -5.2592278762        3               0.1
823      87.85043     -  87.94041      -5.94833883229        11               0.08998
824      87.95037     -  87.95037      -5.2592278762        3               0.0
825      87.96033     -  87.99032      -5.46599737707        1               0.02999
826      88.00037     -  88.00037      -5.2592278762        3               0.0
827      88.01045     -  88.08033      -5.94833883229        11               0.06988
828      88.09033     -  88.16036      -5.2592278762        3               0.07003
829      88.17037     -  88.19033      -5.94833883229        11               0.01996
830      88.20037     -  88.22037      -5.2592278762        3               0.02
831      88.23036     -  88.30037      -5.94833883229        11               0.07001
832      88.31037     -  88.32144      -5.2592278762        3               0.01107
833      88.33037     -  88.40031      -5.94833883229        11               0.06994
834      88.41037     -  88.42036      -5.2592278762        3               0.00999
835      88.4309     -  88.51033      -5.94833883229        11               0.07943
836      88.52031     -  88.56037      -5.2592278762        3               0.04006
837      88.57141     -  88.85042      -5.94833883229        11               0.27901
838      88.86036     -  89.36037      -6.09071680853        0               0.50001
839      89.37032     -  89.57037      -5.94833883229        11               0.20005
840      89.58033     -  89.58033      -5.2592278762        3               0.0
841      89.59032     -  89.66037      -5.39985020155        10               0.07005
842      89.67037     -  89.71119      -5.75138928842        7               0.04082
843      89.72037     -  89.80031      -5.46599737707        1               0.07994
844      89.81036     -  89.81036      -5.2592278762        3               0.0
845      89.82142     -  89.97037      -5.46599737707        1               0.14895
846      89.98036     -  90.00036      -5.75138928842        7               0.02
847      90.01057     -  90.01057      -5.2592278762        3               0.0
848      90.02032     -  90.05033      -5.66328505087        12               0.03001
849      90.06037     -  90.06037      -5.2592278762        3               0.0
850      90.07148     -  90.14032      -4.71303191382        9               0.06884
851      90.15033     -  90.29032      -5.94833883229        11               0.13999
852      90.30033     -  90.30033      -5.2592278762        3               0.0
853      90.31036     -  90.32149      -5.94833883229        11               0.01113
854      90.33036     -  90.33036      -5.2592278762        3               0.0
855      90.34033     -  90.35045      -5.53723114483        8               0.01012
856      90.36031     -  90.37097      -5.75138928842        7               0.01066
857      90.38037     -  90.40037      -5.53723114483        8               0.02
858      90.41037     -  90.47036      -5.75138928842        7               0.05999
859      90.48033     -  90.49032      -5.2592278762        3               0.00999
860      90.50033     -  90.74057      -5.94833883229        11               0.24024
861      90.75038     -  90.80033      -5.53723114483        8               0.04995
862      90.81033     -  90.81033      -5.2592278762        3               0.0
863      90.82143     -  90.98037      -5.53723114483        8               0.15894
864      90.99048     -  91.00032      -5.75138928842        7               0.00984
865      91.01044     -  91.01044      -5.2592278762        3               0.0
866      91.02033     -  91.09033      -5.94833883229        11               0.07
867      91.1004     -  91.1004      -5.2592278762        3               0.0
868      91.11038     -  91.38033      -5.94833883229        11               0.26995
869      91.39037     -  91.41037      -5.2592278762        3               0.02
870      91.42033     -  91.47038      -5.46599737707        1               0.05005
871      91.48037     -  91.62033      -5.39985020155        10               0.13996
872      91.63037     -  91.63037      -5.2592278762        3               0.0
873      91.64033     -  91.85046      -5.46599737707        1               0.21013
874      91.86033     -  91.86033      -5.2592278762        3               0.0
875      91.87033     -  92.24038      -5.46599737707        1               0.37005
876      92.25032     -  92.27037      -5.2592278762        3               0.02005
877      92.28033     -  92.29036      -5.2935509219        6               0.01003
878      92.30038     -  92.31032      -5.39985020155        10               0.00994
879      92.32148     -  92.44033      -5.83443166334        5               0.11885
880      92.45036     -  92.45036      -5.2592278762        3               0.0
881      92.46118     -  92.60047      -5.94833883229        11               0.13929
882      92.61033     -  92.68093      -5.83443166334        5               0.0706
883      92.69037     -  92.72037      -5.94833883229        11               0.03
884      92.73037     -  92.83031      -6.09071680853        0               0.09994
885      92.84033     -  93.07148      -5.94833883229        11               0.23115
886      93.08032     -  93.09032      -5.2592278762        3               0.01
887      93.10043     -  93.12033      -5.94833883229        11               0.0199
888      93.13032     -  93.19036      -5.46599737707        1               0.06004
889      93.20033     -  93.52037      -6.09071680853        0               0.32004
890      93.53032     -  93.75037      -5.94833883229        11               0.22005
891      93.76045     -  93.78032      -4.71303191382        9               0.01987
892      93.79032     -  93.79032      -5.2592278762        3               0.0
893      93.80032     -  93.81032      -5.94833883229        11               0.01
894      93.82146     -  93.82146      -5.2592278762        3               0.0
895      93.83031     -  93.94035      -5.53723114483        8               0.11004
896      93.95037     -  93.96119      -5.75138928842        7               0.01082
897      93.97035     -  94.16032      -5.83443166334        5               0.18997
898      94.17037     -  94.18036      -5.2592278762        3               0.00998999999999
899      94.19037     -  94.20036      -5.75138928842        7               0.00999
900      94.21037     -  94.32032      -5.83443166334        5               0.10995
901      94.33037     -  94.36037      -5.39985020155        10               0.03
902      94.37032     -  94.43032      -5.83443166334        5               0.06
903      94.44037     -  94.67032      -5.39985020155        10               0.22995
904      94.68093     -  94.98036      -5.75138928842        7               0.29943
905      94.99043     -  95.00036      -5.2592278762        3               0.00993
906      95.01032     -  95.12037      -5.66328505087        12               0.11005
907      95.13037     -  95.13037      -5.2592278762        3               0.0
908      95.14032     -  95.32144      -5.2935509219        6               0.18112
909      95.33032     -  95.40036      -5.39985020155        10               0.07004
910      95.41032     -  95.45037      -5.75138928842        7               0.04005
911      95.46032     -  95.49048      -5.53723114483        8               0.03016
912      95.50036     -  95.53032      -5.2592278762        3               0.02996
913      95.54032     -  95.60042      -5.53723114483        8               0.0601
914      95.61032     -  95.63037      -5.75138928842        7               0.02005
915      95.64037     -  95.66037      -5.53723114483        8               0.02
916      95.67037     -  95.67037      -5.75138928842        7               0.0
917      95.6809     -  95.71117      -5.60660670812        4               0.03027
918      95.72032     -  95.75032      -5.66328505087        12               0.03
919      95.76036     -  95.78032      -5.75138928842        7               0.01996
920      95.79046     -  95.81037      -5.2592278762        3               0.01991
921      95.82147     -  95.87037      -5.39985020155        10               0.0489
922      95.88037     -  95.93032      -5.75138928842        7               0.04995
923      95.94032     -  95.94032      -5.2592278762        3               0.0
924      95.95032     -  96.57032      -5.83443166334        5               0.62
925      96.58032     -  96.75032      -5.75138928842        7               0.17
926      96.76032     -  96.90037      -5.83443166334        5               0.14005
927      96.91032     -  97.14036      -5.94833883229        11               0.23004
928      97.15037     -  97.24056      -5.83443166334        5               0.09019
929      97.25032     -  97.31032      -5.39985020155        10               0.06
930      97.32148     -  97.33036      -5.2935509219        6               0.00888
931      97.34037     -  97.41033      -5.39985020155        10               0.06996
932      97.42032     -  97.65033      -5.83443166334        5               0.23001
933      97.66037     -  97.66037      -5.2592278762        3               0.0
934      97.67037     -  97.71037      -5.83443166334        5               0.04
935      97.72033     -  97.72033      -5.94833883229        11               0.0
936      97.73037     -  97.74038      -5.2592278762        3               0.01001
937      97.75037     -  97.82144      -5.83443166334        5               0.07107
938      97.83037     -  97.85049      -5.2592278762        3               0.02012
939      97.86033     -  98.06033      -5.94833883229        11               0.2
940      98.07033     -  98.09037      -5.2592278762        3               0.02004
941      98.10043     -  98.16033      -5.46599737707        1               0.0599
942      98.17038     -  98.26033      -5.39985020155        10               0.08995
943      98.27037     -  98.43037      -5.83443166334        5               0.16
944      98.44037     -  98.44037      -5.2592278762        3               0.0
945      98.45033     -  98.94037      -5.39985020155        10               0.49004
946      98.95037     -  98.95037      -5.2592278762        3               0.0
947      98.96037     -  99.07149      -5.46599737707        1               0.11112
948      99.08037     -  99.08037      -5.2592278762        3               0.0
949      99.09033     -  99.17037      -5.94833883229        11               0.08004
950      99.18099     -  99.31032      -5.83443166334        5               0.12933
951      99.32154     -  99.62033      -5.94833883229        11               0.29879
952      99.63031     -  99.89033      -6.09071680853        0               0.26002
953      99.90033     -  99.99049      -5.94833883229        11               0.09016
 
Means and total domain of each hidden state
---------------------------------------
0th hidden state
total number with this hidden state =  14
mean =  [-6.09071681]
total time_domain =  3.28102

1th hidden state
total number with this hidden state =  66
mean =  [-5.46599738]
total time_domain =  8.11694

2th hidden state
total number with this hidden state =  31
mean =  [-5.7085369]
total time_domain =  8.71753

3th hidden state
total number with this hidden state =  224
mean =  [-5.25922788]
total time_domain =  3.81815

4th hidden state
total number with this hidden state =  70
mean =  [-5.60660671]
total time_domain =  7.31852

5th hidden state
total number with this hidden state =  60
mean =  [-5.83443166]
total time_domain =  9.15112

6th hidden state
total number with this hidden state =  24
mean =  [-5.29355092]
total time_domain =  2.37819

7th hidden state
total number with this hidden state =  103
mean =  [-5.75138929]
total time_domain =  8.3575

8th hidden state
total number with this hidden state =  114
mean =  [-5.53723114]
total time_domain =  8.54418

9th hidden state
total number with this hidden state =  28
mean =  [-4.71303191]
total time_domain =  3.15884

10th hidden state
total number with this hidden state =  45
mean =  [-5.3998502]
total time_domain =  4.63138

11th hidden state
total number with this hidden state =  99
mean =  [-5.94833883]
total time_domain =  12.64263

12th hidden state
total number with this hidden state =  76
mean =  [-5.66328505]
total time_domain =  10.25377

