Number of Rows
--------------
100000
 
Hidden States
-------------
[11 11 11 ... 13 13 13]
 
Record of all hidden state
**********************************
No.     TIME Start  -  TIME End      VALUE           Hidden State {}th       Time domain
0      600.01032     -  600.32037      -5.29828649075        11               0.31005
1      600.33038     -  600.33038      -5.26455683246        2               0.0
2      600.34037     -  600.43033      -5.29828649075        11               0.08996
3      600.44032     -  600.55057      -5.33780669002        3               0.11025
4      600.56036     -  600.58122      -5.38408805453        14               0.0208600000001
5      600.59031     -  600.59031      -5.32057789498        12               0.0
6      600.60038     -  600.60038      -5.38408805453        14               0.0
7      600.61047     -  600.61047      -5.32057789498        12               0.0
8      600.62036     -  600.62036      -5.38408805453        14               0.0
9      600.63033     -  600.73037      -5.29828649075        11               0.10004
10      600.74037     -  600.74037      -5.26455683246        2               0.0
11      600.75053     -  600.93032      -5.40222248952        13               0.17979
12      600.94077     -  601.02036      -5.29828649075        11               0.0795899999999
13      601.03037     -  601.03037      -5.26455683246        2               0.0
14      601.04037     -  601.13033      -5.29828649075        11               0.0899599999999
15      601.14036     -  601.14036      -5.26455683246        2               0.0
16      601.15038     -  601.54037      -5.29828649075        11               0.38999
17      601.55037     -  601.71032      -5.33780669002        3               0.15995
18      601.72179     -  601.73032      -5.38408805453        14               0.00852999999995
19      601.74032     -  601.74032      -5.32057789498        12               0.0
20      601.75054     -  601.75054      -5.40607549366        0               0.0
21      601.76036     -  601.76036      -5.37026353731        4               0.0
22      601.77032     -  601.77032      -5.40607549366        0               0.0
23      601.78032     -  601.79036      -5.37026353731        4               0.01004
24      601.8006     -  601.8006      -5.40607549366        0               0.0
25      601.81039     -  601.81039      -5.37026353731        4               0.0
26      601.82032     -  601.82032      -5.40607549366        0               0.0
27      601.83037     -  601.86037      -5.37026353731        4               0.03
28      601.87032     -  601.87032      -5.40607549366        0               0.0
29      601.88037     -  601.88037      -5.32057789498        12               0.0
30      601.89032     -  601.92032      -5.38408805453        14               0.03
31      601.93037     -  602.03037      -5.33780669002        3               0.0999999999999
32      602.04037     -  602.77033      -5.40222248952        13               0.72996
33      602.78037     -  602.80037      -5.37026353731        4               0.0200000000001
34      602.81037     -  602.81037      -5.40607549366        0               0.0
35      602.82032     -  602.82032      -5.32057789498        12               0.0
36      602.83037     -  602.83037      -5.38408805453        14               0.0
37      602.84036     -  602.84036      -5.32057789498        12               0.0
38      602.85037     -  602.85037      -5.38408805453        14               0.0
39      602.86037     -  602.86037      -5.32057789498        12               0.0
40      602.87037     -  602.87037      -5.38408805453        14               0.0
41      602.88032     -  602.99032      -5.33780669002        3               0.11
42      603.00032     -  603.33126      -5.40222248952        13               0.33094
43      603.34036     -  603.40032      -5.29828649075        11               0.0599599999999
44      603.41037     -  603.41037      -5.26455683246        2               0.0
45      603.42032     -  603.93037      -5.40222248952        13               0.51005
46      603.94075     -  603.94075      -5.37026353731        4               0.0
47      603.95031     -  603.95031      -5.40607549366        0               0.0
48      603.96037     -  603.96037      -5.32057789498        12               0.0
49      603.97175     -  603.97175      -5.38408805453        14               0.0
50      603.98036     -  604.08032      -5.33780669002        3               0.09996
51      604.09037     -  604.10032      -5.38408805453        14               0.00995
52      604.11032     -  604.11032      -5.32057789498        12               0.0
53      604.12032     -  604.12032      -5.38408805453        14               0.0
54      604.13037     -  604.13037      -5.32057789498        12               0.0
55      604.14032     -  604.17032      -5.38408805453        14               0.03
56      604.18032     -  604.80037      -5.33780669002        3               0.62005
57      604.81036     -  604.82032      -5.29828649075        11               0.00996000000009
58      604.83032     -  604.97037      -5.25081198656        8               0.14005
59      604.98037     -  605.06032      -5.20727802506        5               0.0799500000001
60      605.07037     -  605.07037      -5.25081198656        8               0.0
61      605.08128     -  605.13037      -5.29828649075        11               0.04909
62      605.14032     -  605.39037      -5.33780669002        3               0.25005
63      605.40032     -  605.46037      -5.29828649075        11               0.06005
64      605.47032     -  605.47032      -5.38408805453        14               0.0
65      605.48032     -  605.48032      -5.32057789498        12               0.0
66      605.49036     -  605.49036      -5.38408805453        14               0.0
67      605.50032     -  605.50032      -5.32057789498        12               0.0
68      605.51032     -  605.54033      -4.7253830082        1               0.0300100000001
69      605.55032     -  605.55032      -5.32057789498        12               0.0
70      605.56032     -  605.56032      -5.38408805453        14               0.0
71      605.57037     -  605.59036      -5.33780669002        3               0.01999
72      605.60033     -  606.83036      -5.40222248952        13               1.23003
73      606.84036     -  606.84036      -5.37026353731        4               0.0
74      606.85036     -  606.85036      -5.40607549366        0               0.0
75      606.86031     -  606.86031      -5.37026353731        4               0.0
76      606.87033     -  606.87033      -5.40607549366        0               0.0
77      606.88033     -  606.88033      -5.32057789498        12               0.0
78      606.89036     -  606.90037      -5.38408805453        14               0.01001
79      606.91033     -  606.91033      -5.32057789498        12               0.0
80      606.92031     -  606.92031      -5.38408805453        14               0.0
81      606.93033     -  606.93033      -5.32057789498        12               0.0
82      606.94101     -  606.96033      -5.38408805453        14               0.01932
83      606.97038     -  607.15033      -5.33780669002        3               0.17995
84      607.16038     -  607.32037      -5.29828649075        11               0.15999
85      607.33134     -  607.86046      -5.33780669002        3               0.52912
86      607.87037     -  608.40032      -5.40222248952        13               0.52995
87      608.41037     -  608.41037      -5.29828649075        11               0.0
88      608.42037     -  608.52032      -5.25081198656        8               0.0999499999999
89      608.53033     -  608.75037      -5.20727802506        5               0.22004
90      608.76032     -  608.91037      -5.25081198656        8               0.15005
91      608.92037     -  609.20037      -5.20727802506        5               0.28
92      609.21032     -  609.44032      -5.25081198656        8               0.23
93      609.45032     -  609.47182      -5.29828649075        11               0.0214999999999
94      609.48037     -  609.48037      -5.26455683246        2               0.0
95      609.49033     -  609.55045      -5.29828649075        11               0.06012
96      609.56037     -  609.67037      -5.33780669002        3               0.11
97      609.68032     -  609.69082      -5.29828649075        11               0.0105
98      609.70037     -  609.70037      -5.26455683246        2               0.0
99      609.71037     -  610.05037      -5.29828649075        11               0.34
100      610.06032     -  610.11037      -5.33780669002        3               0.0500499999999
101      610.12037     -  610.48032      -5.29828649075        11               0.35995
102      610.49032     -  610.54032      -5.33780669002        3               0.05
103      610.55032     -  610.56037      -5.29828649075        11               0.01005
104      610.57032     -  610.57032      -5.26455683246        2               0.0
105      610.58032     -  610.70037      -5.29828649075        11               0.12005
106      610.71037     -  610.88032      -5.33780669002        3               0.16995
107      610.89031     -  611.05033      -5.29828649075        11               0.16002
108      611.06037     -  611.21032      -5.33780669002        3               0.14995
109      611.22033     -  611.22033      -5.38408805453        14               0.0
110      611.23032     -  611.24037      -5.32057789498        12               0.01005
111      611.25032     -  611.27032      -5.38408805453        14               0.02
112      611.28037     -  611.28037      -5.32057789498        12               0.0
113      611.29032     -  611.30037      -5.38408805453        14               0.0100500000001
114      611.31037     -  611.31037      -5.32057789498        12               0.0
115      611.32037     -  611.41037      -5.33780669002        3               0.0899999999999
116      611.42033     -  611.42033      -5.38408805453        14               0.0
117      611.43037     -  611.43037      -5.32057789498        12               0.0
118      611.44077     -  611.44077      -5.38408805453        14               0.0
119      611.45032     -  611.45032      -5.32057789498        12               0.0
120      611.46037     -  611.46037      -5.40607549366        0               0.0
121      611.47181     -  611.48032      -5.37026353731        4               0.00851
122      611.49037     -  611.49037      -5.40607549366        0               0.0
123      611.50051     -  611.50051      -5.37026353731        4               0.0
124      611.51032     -  611.51032      -5.40607549366        0               0.0
125      611.52061     -  611.53032      -5.37026353731        4               0.00970999999993
126      611.54032     -  611.54032      -5.40607549366        0               0.0
127      611.55032     -  611.57037      -5.37026353731        4               0.02005
128      611.58032     -  611.58032      -5.40607549366        0               0.0
129      611.59037     -  611.59037      -5.37026353731        4               0.0
130      611.60032     -  611.60032      -5.40607549366        0               0.0
131      611.61048     -  611.61048      -5.37026353731        4               0.0
132      611.62037     -  611.62037      -5.40607549366        0               0.0
133      611.63032     -  611.65032      -5.37026353731        4               0.02
134      611.66037     -  611.66037      -5.40607549366        0               0.0
135      611.67036     -  611.68054      -5.37026353731        4               0.01018
136      611.69037     -  611.69037      -5.40607549366        0               0.0
137      611.70032     -  611.70032      -5.32057789498        12               0.0
138      611.71037     -  611.75054      -5.38408805453        14               0.04017
139      611.76037     -  611.76037      -5.32057789498        12               0.0
140      611.77037     -  611.77037      -5.38408805453        14               0.0
141      611.78032     -  611.86032      -5.33780669002        3               0.08
142      611.87046     -  612.15032      -5.29828649075        11               0.27986
143      612.16037     -  612.17032      -5.33780669002        3               0.00995
144      612.18033     -  612.35037      -5.40222248952        13               0.17004
145      612.36037     -  612.41032      -5.29828649075        11               0.04995
146      612.42032     -  612.42032      -5.26455683246        2               0.0
147      612.43032     -  612.56032      -5.29828649075        11               0.13
148      612.57037     -  612.81032      -5.25081198656        8               0.23995
149      612.82037     -  614.11032      -4.36386826726        9               1.28995
150      614.12037     -  614.12037      -4.7253830082        1               0.0
151      614.13037     -  614.16033      -4.36386826726        9               0.0299600000001
152      614.17031     -  614.17031      -4.7253830082        1               0.0
153      614.18033     -  614.22037      -4.36386826726        9               0.04004
154      614.23032     -  614.23032      -4.7253830082        1               0.0
155      614.24033     -  614.38033      -5.13661610358        15               0.14
156      614.39036     -  614.54037      -5.20727802506        5               0.15001
157      614.55036     -  614.55036      -5.13661610358        15               0.0
158      614.56033     -  614.64033      -5.20727802506        5               0.0799999999999
159      614.65037     -  614.65037      -5.25081198656        8               0.0
160      614.66037     -  614.74037      -5.29828649075        11               0.08
161      614.75032     -  614.80033      -5.25081198656        8               0.05001
162      614.81036     -  616.63037      -5.43236193963        6               1.82001
163      616.64036     -  618.98037      -5.40222248952        13               2.34001
164      618.99032     -  619.00033      -5.37026353731        4               0.01001
165      619.01037     -  619.01037      -5.40607549366        0               0.0
166      619.02033     -  619.02033      -5.37026353731        4               0.0
167      619.03037     -  619.03037      -4.7253830082        1               0.0
168      619.04037     -  619.12037      -4.4878217039        7               0.0799999999999
169      619.13037     -  619.13037      -4.7253830082        1               0.0
170      619.14033     -  619.37032      -4.4878217039        7               0.22999
171      619.38037     -  619.38037      -5.26455683246        2               0.0
172      619.39033     -  620.76032      -5.40222248952        13               1.36999
173      620.77033     -  620.78036      -5.29828649075        11               0.01003
174      620.79033     -  620.88037      -5.33780669002        3               0.0900399999999
175      620.89037     -  621.39038      -5.40222248952        13               0.50001
176      621.40036     -  621.40036      -5.29828649075        11               0.0
177      621.41038     -  621.53033      -5.33780669002        3               0.11995
178      621.54031     -  621.54031      -5.38408805453        14               0.0
179      621.55033     -  621.55033      -5.32057789498        12               0.0
180      621.56032     -  621.56032      -5.38408805453        14               0.0
181      621.57033     -  621.57033      -5.32057789498        12               0.0
182      621.58135     -  621.58135      -5.40607549366        0               0.0
183      621.59032     -  621.61033      -5.37026353731        4               0.02001
184      621.62032     -  621.62032      -5.40607549366        0               0.0
185      621.63033     -  621.63033      -5.37026353731        4               0.0
186      621.64036     -  621.64036      -5.40607549366        0               0.0
187      621.65033     -  621.65033      -5.32057789498        12               0.0
188      621.66032     -  621.66032      -5.38408805453        14               0.0
189      621.67037     -  621.82036      -5.33780669002        3               0.14999
190      621.83037     -  621.93033      -5.29828649075        11               0.09996
191      621.94087     -  621.99037      -5.33780669002        3               0.0495
192      622.00055     -  622.03037      -5.38408805453        14               0.02982
193      622.04032     -  622.06032      -5.33780669002        3               0.0200000000001
194      622.07033     -  622.09033      -5.13661610358        15               0.02
195      622.10036     -  622.12032      -5.33780669002        3               0.01996
196      622.13033     -  622.1604      -5.38408805453        14               0.03007
197      622.17033     -  622.17033      -5.32057789498        12               0.0
198      622.18032     -  622.19087      -5.38408805453        14               0.01055
199      622.20037     -  622.20037      -5.32057789498        12               0.0
200      622.21033     -  622.24032      -5.38408805453        14               0.02999
201      622.25037     -  622.25037      -5.32057789498        12               0.0
202      622.26032     -  622.26032      -5.38408805453        14               0.0
203      622.27033     -  622.27033      -5.32057789498        12               0.0
204      622.28036     -  622.32032      -5.20727802506        5               0.0399600000001
205      622.33033     -  622.59033      -5.13661610358        15               0.26
206      622.60032     -  622.64033      -4.96168674255        10               0.0400099999999
207      622.65036     -  623.15033      -5.13661610358        15               0.49997
208      623.16032     -  623.37036      -5.20727802506        5               0.21004
209      623.38036     -  623.43036      -5.13661610358        15               0.05
210      623.44037     -  623.52033      -5.20727802506        5               0.0799599999999
211      623.53032     -  623.56037      -5.13661610358        15               0.0300500000001
212      623.57032     -  623.70037      -5.33780669002        3               0.13005
213      623.71036     -  623.78033      -5.29828649075        11               0.06997
214      623.79036     -  623.92037      -5.25081198656        8               0.13001
215      623.93032     -  624.39036      -5.20727802506        5               0.46004
216      624.40037     -  624.80037      -5.25081198656        8               0.4
217      624.81032     -  625.03032      -5.29828649075        11               0.22
218      625.04032     -  625.11041      -5.33780669002        3               0.0700900000001
219      625.12032     -  625.31036      -5.29828649075        11               0.19004
220      625.32037     -  625.43032      -5.25081198656        8               0.10995
221      625.44086     -  625.62032      -5.29828649075        11               0.17946
222      625.63032     -  625.65036      -5.38408805453        14               0.02004
223      625.66037     -  625.66037      -5.32057789498        12               0.0
224      625.67036     -  625.68032      -5.38408805453        14               0.00996000000009
225      625.69084     -  625.73032      -5.29828649075        11               0.03948
226      625.74033     -  625.74033      -5.26455683246        2               0.0
227      625.75032     -  625.98031      -5.29828649075        11               0.22999
228      625.99032     -  625.99032      -5.26455683246        2               0.0
229      626.00057     -  626.68037      -5.29828649075        11               0.6798
230      626.69033     -  626.69033      -5.26455683246        2               0.0
231      626.70037     -  626.86042      -4.4878217039        7               0.16005
232      626.87031     -  626.87031      -4.7253830082        1               0.0
233      626.88067     -  627.01032      -4.4878217039        7               0.12965
234      627.02037     -  627.03037      -4.7253830082        1               0.00999999999999
235      627.04037     -  627.12033      -4.4878217039        7               0.0799599999999
236      627.13037     -  627.13037      -4.7253830082        1               0.0
237      627.14037     -  627.17037      -5.13661610358        15               0.0300000000001
238      627.18033     -  627.26032      -5.20727802506        5               0.07999
239      627.27032     -  627.93037      -5.40222248952        13               0.66005
240      627.94082     -  627.95036      -5.20727802506        5               0.00954000000002
241      627.96037     -  628.11047      -5.13661610358        15               0.1501
242      628.12037     -  628.12037      -5.26455683246        2               0.0
243      628.13036     -  628.14032      -5.29828649075        11               0.00995999999998
244      628.15039     -  628.15039      -5.26455683246        2               0.0
245      628.16037     -  628.50037      -4.4878217039        7               0.34
246      628.51036     -  628.51036      -4.7253830082        1               0.0
247      628.52033     -  628.60037      -4.4878217039        7               0.0800400000001
248      628.61032     -  628.61032      -4.7253830082        1               0.0
249      628.62032     -  628.64037      -4.4878217039        7               0.02005
250      628.65032     -  628.75032      -4.36386826726        9               0.1
251      628.76037     -  628.92032      -4.4878217039        7               0.15995
252      628.93033     -  628.93033      -4.7253830082        1               0.0
253      628.94036     -  628.95037      -4.4878217039        7               0.01001
254      628.96036     -  628.96036      -4.7253830082        1               0.0
255      628.97121     -  629.10032      -4.4878217039        7               0.12911
256      629.11037     -  629.11037      -4.7253830082        1               0.0
257      629.12036     -  629.17033      -5.13661610358        15               0.04997
258      629.18032     -  629.18032      -4.7253830082        1               0.0
259      629.19088     -  629.32036      -4.36386826726        9               0.12948
260      629.3314     -  629.41036      -4.4878217039        7               0.0789599999999
261      629.42037     -  629.50056      -4.36386826726        9               0.0801899999999
262      629.51032     -  629.51032      -5.26455683246        2               0.0
263      629.52042     -  630.22113      -5.40222248952        13               0.70071
264      630.23037     -  630.30041      -5.29828649075        11               0.0700400000001
265      630.31033     -  630.32037      -5.38408805453        14               0.01004
266      630.33138     -  630.36043      -5.20727802506        5               0.02905
267      630.37037     -  630.38037      -5.13661610358        15               0.00999999999999
268      630.39037     -  630.42036      -5.20727802506        5               0.02999
269      630.43037     -  630.52036      -5.25081198656        8               0.0899899999999
270      630.53037     -  630.54032      -5.38408805453        14               0.00995
271      630.55032     -  630.60036      -5.20727802506        5               0.05004
272      630.61043     -  630.82032      -5.13661610358        15               0.20989
273      630.83032     -  630.85032      -5.20727802506        5               0.02
274      630.86037     -  630.94037      -5.13661610358        15               0.08
275      630.95032     -  631.01037      -5.25081198656        8               0.0600499999999
276      631.02032     -  631.75056      -5.20727802506        5               0.73024
277      631.76032     -  631.83144      -5.13661610358        15               0.0711200000001
278      631.84032     -  631.85037      -5.20727802506        5               0.01005
279      631.86042     -  632.03032      -5.25081198656        8               0.1699
280      632.04037     -  632.34037      -5.20727802506        5               0.3
281      632.35032     -  632.35032      -5.25081198656        8               0.0
282      632.36032     -  632.39037      -5.29828649075        11               0.03005
283      632.40032     -  632.44037      -5.25081198656        8               0.0400500000001
284      632.45037     -  632.45037      -4.7253830082        1               0.0
285      632.46037     -  632.62032      -4.4878217039        7               0.15995
286      632.63033     -  632.63033      -4.7253830082        1               0.0
287      632.64036     -  632.90037      -4.4878217039        7               0.26001
288      632.91032     -  632.91032      -5.26455683246        2               0.0
289      632.92032     -  632.99032      -5.29828649075        11               0.0700000000001
290      633.00057     -  633.00057      -5.25081198656        8               0.0
291      633.01036     -  633.10031      -5.20727802506        5               0.08995
292      633.11033     -  633.14036      -5.25081198656        8               0.03003
293      633.15032     -  633.70036      -5.29828649075        11               0.55004
294      633.71032     -  633.71032      -5.26455683246        2               0.0
295      633.72037     -  634.07036      -4.4878217039        7               0.34999
296      634.08149     -  634.09031      -4.36386826726        9               0.00882000000001
297      634.10036     -  634.18037      -4.4878217039        7               0.08001
298      634.19037     -  634.19037      -4.7253830082        1               0.0
299      634.20044     -  634.78037      -4.4878217039        7               0.57993
300      634.79037     -  634.79037      -4.7253830082        1               0.0
301      634.80037     -  634.89037      -5.20727802506        5               0.0899999999999
302      634.90037     -  635.37037      -5.13661610358        15               0.47
303      635.38038     -  635.46037      -5.20727802506        5               0.0799900000001
304      635.47032     -  635.69096      -5.25081198656        8               0.22064
305      635.70033     -  635.73037      -5.13661610358        15               0.03004
306      635.74033     -  635.87032      -5.20727802506        5               0.12999
307      635.88038     -  635.99037      -5.40222248952        13               0.10999
308      636.00037     -  636.23037      -5.29828649075        11               0.23
309      636.24037     -  636.53036      -5.33780669002        3               0.28999
310      636.54032     -  637.10036      -5.29828649075        11               0.56004
311      637.11048     -  637.11048      -5.26455683246        2               0.0
312      637.12032     -  637.25033      -5.13661610358        15               0.13001
313      637.26036     -  637.30037      -5.25081198656        8               0.0400100000001
314      637.31037     -  637.45031      -5.29828649075        11               0.13994
315      637.46055     -  637.70036      -5.33780669002        3               0.23981
316      637.71032     -  638.14033      -5.40222248952        13               0.43001
317      638.15036     -  638.15036      -5.37026353731        4               0.0
318      638.16033     -  638.16033      -5.40607549366        0               0.0
319      638.17032     -  638.17032      -5.32057789498        12               0.0
320      638.18037     -  638.18037      -5.38408805453        14               0.0
321      638.19032     -  638.19032      -5.32057789498        12               0.0
322      638.20037     -  638.21036      -5.38408805453        14               0.00999000000002
323      638.22037     -  638.22037      -5.32057789498        12               0.0
324      638.23036     -  638.24037      -5.38408805453        14               0.01001
325      638.2505     -  638.2505      -5.32057789498        12               0.0
326      638.26033     -  638.26033      -5.38408805453        14               0.0
327      638.27036     -  638.27036      -5.32057789498        12               0.0
328      638.28033     -  638.28033      -5.40607549366        0               0.0
329      638.29037     -  638.31032      -5.37026353731        4               0.01995
330      638.32033     -  638.32033      -5.40607549366        0               0.0
331      638.33152     -  638.33152      -5.37026353731        4               0.0
332      638.34032     -  638.34032      -5.40607549366        0               0.0
333      638.35032     -  638.35032      -5.37026353731        4               0.0
334      638.36044     -  638.36044      -5.40607549366        0               0.0
335      638.37031     -  638.37031      -5.37026353731        4               0.0
336      638.38036     -  638.38036      -5.40607549366        0               0.0
337      638.39032     -  638.40036      -5.37026353731        4               0.01004
338      638.41033     -  638.41033      -5.40607549366        0               0.0
339      638.42036     -  638.42036      -5.32057789498        12               0.0
340      638.43037     -  638.73037      -5.33780669002        3               0.3
341      638.74036     -  638.75037      -5.29828649075        11               0.01001
342      638.76036     -  638.76036      -5.26455683246        2               0.0
343      638.77037     -  638.79037      -5.29828649075        11               0.0200000000001
344      638.80036     -  639.17037      -5.33780669002        3               0.37001
345      639.18036     -  639.18036      -5.38408805453        14               0.0
346      639.19037     -  639.20032      -5.32057789498        12               0.00995
347      639.21033     -  639.21033      -5.38408805453        14               0.0
348      639.22036     -  639.22036      -5.32057789498        12               0.0
349      639.23033     -  639.23033      -5.38408805453        14               0.0
350      639.24032     -  639.24032      -5.32057789498        12               0.0
351      639.25037     -  639.26036      -5.38408805453        14               0.00999000000002
352      639.27033     -  639.33033      -5.33780669002        3               0.0600000000001
353      639.34032     -  639.36036      -5.38408805453        14               0.02004
354      639.37033     -  639.69032      -5.29828649075        11               0.31999
355      639.70033     -  639.81032      -5.33780669002        3               0.10999
356      639.82038     -  640.18036      -5.29828649075        11               0.35998
357      640.19037     -  640.68037      -5.33780669002        3               0.49
358      640.69095     -  640.79036      -5.29828649075        11               0.0994099999999
359      640.80044     -  640.8604      -5.33780669002        3               0.05996
360      640.87036     -  641.00048      -5.29828649075        11               0.13012
361      641.01036     -  641.08036      -5.33780669002        3               0.0700000000001
362      641.09032     -  641.15037      -5.29828649075        11               0.0600499999999
363      641.16052     -  641.59032      -5.33780669002        3               0.4298
364      641.60032     -  641.62032      -5.38408805453        14               0.02
365      641.63037     -  641.63037      -5.32057789498        12               0.0
366      641.64037     -  641.68032      -5.38408805453        14               0.0399500000001
367      641.69032     -  641.84032      -5.33780669002        3               0.15
368      641.85037     -  641.85037      -5.38408805453        14               0.0
369      641.86032     -  641.86032      -5.32057789498        12               0.0
370      641.87032     -  641.88032      -5.38408805453        14               0.00999999999999
371      641.89036     -  642.01036      -5.33780669002        3               0.12
372      642.02037     -  642.05036      -5.38408805453        14               0.02999
373      642.06037     -  642.24037      -4.4878217039        7               0.18
374      642.25036     -  642.25036      -4.7253830082        1               0.0
375      642.26037     -  642.30037      -4.4878217039        7               0.0400000000001
376      642.31036     -  642.31036      -5.26455683246        2               0.0
377      642.32037     -  643.13036      -5.29828649075        11               0.80999
378      643.14032     -  643.41032      -5.25081198656        8               0.27
379      643.42036     -  644.87032      -5.20727802506        5               1.44996
380      644.88037     -  644.89045      -4.4878217039        7               0.01008
381      644.90037     -  644.91032      -4.7253830082        1               0.00995
382      644.92032     -  645.10037      -5.20727802506        5               0.18005
383      645.1104     -  645.19033      -5.25081198656        8               0.07993
384      645.20037     -  645.22037      -5.20727802506        5               0.02
385      645.23037     -  646.0208      -5.13661610358        15               0.79043
386      646.03032     -  646.12037      -5.20727802506        5               0.09005
387      646.13037     -  646.25047      -5.13661610358        15               0.1201
388      646.26037     -  646.41032      -5.20727802506        5               0.14995
389      646.42032     -  646.55032      -5.25081198656        8               0.13
390      646.56032     -  646.65032      -5.20727802506        5               0.0899999999999
391      646.66037     -  646.74033      -5.13661610358        15               0.07996
392      646.75037     -  646.77037      -5.20727802506        5               0.02
393      646.78037     -  646.89037      -5.13661610358        15               0.11
394      646.90032     -  647.41032      -5.20727802506        5               0.51
395      647.42033     -  647.53036      -5.25081198656        8               0.11003
396      647.54037     -  647.55043      -4.7253830082        1               0.01006
397      647.56032     -  647.58156      -4.4878217039        7               0.0212399999999
398      647.59032     -  647.59032      -4.7253830082        1               0.0
399      647.60033     -  647.61036      -4.4878217039        7               0.01003
400      647.62037     -  647.62037      -4.7253830082        1               0.0
401      647.63036     -  647.64037      -4.4878217039        7               0.01001
402      647.65036     -  647.65036      -4.7253830082        1               0.0
403      647.66033     -  647.67032      -5.13661610358        15               0.0099899999999
404      647.68037     -  647.68037      -4.7253830082        1               0.0
405      647.69036     -  647.73036      -4.4878217039        7               0.04
406      647.74032     -  647.75052      -4.7253830082        1               0.0102000000001
407      647.76037     -  647.77036      -4.4878217039        7               0.00999000000002
408      647.78032     -  647.78032      -4.7253830082        1               0.0
409      647.79032     -  647.87032      -4.4878217039        7               0.08
410      647.88037     -  647.88037      -4.7253830082        1               0.0
411      647.89036     -  647.89036      -4.4878217039        7               0.0
412      647.90033     -  647.92037      -4.7253830082        1               0.02004
413      647.93032     -  647.93032      -4.4878217039        7               0.0
414      647.94097     -  647.96037      -4.7253830082        1               0.0194
415      647.97039     -  648.03032      -4.4878217039        7               0.05993
416      648.04037     -  648.04037      -4.7253830082        1               0.0
417      648.05036     -  648.10038      -4.4878217039        7               0.05002
418      648.1104     -  648.1104      -4.7253830082        1               0.0
419      648.12033     -  648.12033      -4.4878217039        7               0.0
420      648.13032     -  648.14037      -4.7253830082        1               0.01005
421      648.15036     -  648.21037      -4.4878217039        7               0.06001
422      648.22037     -  648.22037      -4.7253830082        1               0.0
423      648.23032     -  648.27044      -4.4878217039        7               0.04012
424      648.28032     -  648.28032      -4.7253830082        1               0.0
425      648.29032     -  648.30037      -4.4878217039        7               0.0100500000001
426      648.31032     -  648.31032      -4.7253830082        1               0.0
427      648.32032     -  648.34037      -4.4878217039        7               0.02005
428      648.35037     -  648.35037      -5.26455683246        2               0.0
429      648.36032     -  649.24037      -4.96168674255        10               0.88005
430      649.25047     -  649.35037      -5.20727802506        5               0.0999
431      649.36032     -  649.50036      -5.13661610358        15               0.14004
432      649.51032     -  649.55037      -5.20727802506        5               0.0400500000001
433      649.56032     -  649.6604      -5.13661610358        15               0.10008
434      649.67032     -  649.67032      -5.26455683246        2               0.0
435      649.68032     -  650.32037      -5.29828649075        11               0.64005
436      650.33033     -  650.33033      -5.26455683246        2               0.0
437      650.34037     -  650.38032      -5.25081198656        8               0.03995
438      650.39037     -  650.61037      -5.29828649075        11               0.22
439      650.62037     -  650.62037      -5.26455683246        2               0.0
440      650.63037     -  650.71037      -5.29828649075        11               0.08
441      650.72037     -  650.72037      -5.26455683246        2               0.0
442      650.73037     -  650.98037      -5.29828649075        11               0.25
443      650.99032     -  651.08153      -5.25081198656        8               0.09121
444      651.09036     -  651.37037      -5.29828649075        11               0.28001
445      651.38032     -  651.38032      -5.26455683246        2               0.0
446      651.39032     -  651.59032      -5.13661610358        15               0.2
447      651.60032     -  651.60032      -5.26455683246        2               0.0
448      651.61037     -  651.75037      -5.13661610358        15               0.14
449      651.76032     -  651.77032      -4.7253830082        1               0.00999999999999
450      651.78032     -  651.79138      -4.4878217039        7               0.01106
451      651.80037     -  651.84037      -4.7253830082        1               0.04
452      651.85037     -  651.86045      -4.4878217039        7               0.01008
453      651.87037     -  651.87037      -5.26455683246        2               0.0
454      651.88037     -  651.88037      -5.29828649075        11               0.0
455      651.89032     -  651.89032      -5.26455683246        2               0.0
456      651.90032     -  652.08152      -5.29828649075        11               0.1812
457      652.09037     -  652.09037      -5.25081198656        8               0.0
458      652.10037     -  652.16037      -5.20727802506        5               0.0599999999999
459      652.17032     -  652.21037      -5.25081198656        8               0.0400500000001
460      652.22037     -  652.24032      -5.29828649075        11               0.01995
461      652.25037     -  652.50037      -5.33780669002        3               0.25
462      652.51033     -  652.55037      -5.29828649075        11               0.0400400000001
463      652.56036     -  652.56036      -5.26455683246        2               0.0
464      652.57033     -  652.60032      -5.25081198656        8               0.02999
465      652.61032     -  652.61032      -4.7253830082        1               0.0
466      652.62037     -  652.64037      -4.4878217039        7               0.02
467      652.65036     -  652.65036      -4.7253830082        1               0.0
468      652.66037     -  652.69032      -4.4878217039        7               0.0299500000001
469      652.70033     -  652.70033      -4.7253830082        1               0.0
470      652.71032     -  652.72037      -4.4878217039        7               0.01005
471      652.73037     -  652.73037      -4.7253830082        1               0.0
472      652.74032     -  652.74032      -4.4878217039        7               0.0
473      652.75036     -  652.75036      -4.7253830082        1               0.0
474      652.76037     -  652.76037      -5.32057789498        12               0.0
475      652.77032     -  652.77032      -5.38408805453        14               0.0
476      652.78037     -  652.80033      -5.29828649075        11               0.0199600000001
477      652.81032     -  652.81032      -5.26455683246        2               0.0
478      652.82033     -  652.88033      -5.13661610358        15               0.0599999999999
479      652.89032     -  653.05036      -5.20727802506        5               0.16004
480      653.06037     -  653.16037      -5.25081198656        8               0.0999999999999
481      653.17032     -  653.17032      -5.29828649075        11               0.0
482      653.18037     -  653.28037      -5.33780669002        3               0.0999999999999
483      653.29036     -  653.32033      -5.13661610358        15               0.02997
484      653.33032     -  653.33032      -5.26455683246        2               0.0
485      653.34037     -  653.40033      -5.29828649075        11               0.05996
486      653.41036     -  653.48037      -5.33780669002        3               0.07001
487      653.49036     -  653.50033      -5.38408805453        14               0.00996999999995
488      653.51032     -  653.51032      -5.32057789498        12               0.0
489      653.52042     -  653.52042      -5.38408805453        14               0.0
490      653.53036     -  653.53036      -5.32057789498        12               0.0
491      653.54037     -  653.55036      -5.38408805453        14               0.0099899999999
492      653.56033     -  653.56033      -5.32057789498        12               0.0
493      653.57036     -  653.62037      -5.38408805453        14               0.0500099999999
494      653.63037     -  653.63037      -5.32057789498        12               0.0
495      653.64032     -  653.66061      -5.38408805453        14               0.02029
496      653.67037     -  653.76032      -5.29828649075        11               0.0899499999999
497      653.77037     -  653.86036      -5.33780669002        3               0.0899900000001
498      653.87032     -  653.87032      -5.38408805453        14               0.0
499      653.88056     -  653.88056      -5.32057789498        12               0.0
500      653.89032     -  653.92032      -5.38408805453        14               0.03
501      653.93037     -  653.93037      -5.32057789498        12               0.0
502      653.94096     -  653.94096      -5.38408805453        14               0.0
503      653.95037     -  654.15037      -5.33780669002        3               0.2
504      654.16037     -  654.25032      -5.29828649075        11               0.08995
505      654.26036     -  654.26036      -5.26455683246        2               0.0
506      654.27037     -  654.70037      -5.29828649075        11               0.43
507      654.71036     -  654.71036      -5.26455683246        2               0.0
508      654.72043     -  654.86032      -5.40222248952        13               0.13989
509      654.87037     -  655.32032      -5.29828649075        11               0.44995
510      655.33032     -  655.33032      -5.26455683246        2               0.0
511      655.34032     -  655.42036      -5.40222248952        13               0.0800399999999
512      655.43032     -  655.45037      -5.29828649075        11               0.02005
513      655.46032     -  655.59031      -5.33780669002        3               0.12999
514      655.60037     -  655.87037      -5.40222248952        13               0.27
515      655.8804     -  655.99037      -5.29828649075        11               0.10997
516      656.00032     -  656.06031      -5.25081198656        8               0.05999
517      656.07037     -  656.37031      -5.40222248952        13               0.29994
518      656.38036     -  656.50037      -5.29828649075        11               0.12001
519      656.51037     -  656.66032      -5.33780669002        3               0.14995
520      656.67032     -  656.67032      -5.38408805453        14               0.0
521      656.68032     -  656.68032      -5.32057789498        12               0.0
522      656.69032     -  656.73036      -5.38408805453        14               0.04004
523      656.74032     -  657.17032      -5.33780669002        3               0.43
524      657.18037     -  657.45037      -5.29828649075        11               0.27
525      657.46037     -  657.55036      -5.25081198656        8               0.0899899999999
526      657.56036     -  657.57032      -4.7253830082        1               0.00996000000009
527      657.58037     -  657.60032      -4.4878217039        7               0.01995
528      657.61031     -  657.64036      -4.7253830082        1               0.03005
529      657.65036     -  657.67036      -4.4878217039        7               0.02
530      657.68037     -  657.68037      -4.7253830082        1               0.0
531      657.69097     -  657.70037      -4.4878217039        7               0.00940000000003
532      657.71032     -  657.74032      -4.7253830082        1               0.03
533      657.75037     -  657.77036      -4.4878217039        7               0.01999
534      657.78032     -  657.79036      -4.7253830082        1               0.01004
535      657.80045     -  657.83161      -4.4878217039        7               0.03116
536      657.84032     -  657.84032      -4.7253830082        1               0.0
537      657.85032     -  657.96033      -5.25081198656        8               0.11001
538      657.97032     -  658.11048      -5.29828649075        11               0.14016
539      658.12032     -  658.12032      -5.26455683246        2               0.0
540      658.13032     -  658.26032      -5.29828649075        11               0.13
541      658.27032     -  658.27032      -5.26455683246        2               0.0
542      658.28036     -  658.39032      -5.29828649075        11               0.10996
543      658.40036     -  658.40036      -5.26455683246        2               0.0
544      658.41037     -  658.62032      -5.40222248952        13               0.20995
545      658.63032     -  658.69097      -5.29828649075        11               0.06065
546      658.70037     -  658.70037      -5.26455683246        2               0.0
547      658.71037     -  658.87036      -5.40222248952        13               0.15999
548      658.88081     -  658.89032      -5.29828649075        11               0.00950999999998
549      658.90032     -  658.92036      -5.25081198656        8               0.02004
550      658.93037     -  659.00052      -5.13661610358        15               0.07015
551      659.01032     -  659.01032      -5.26455683246        2               0.0
552      659.02036     -  659.37037      -5.29828649075        11               0.35001
553      659.38032     -  659.58036      -5.33780669002        3               0.20004
554      659.59032     -  659.60037      -5.38408805453        14               0.01005
555      659.61043     -  659.76036      -5.29828649075        11               0.14993
556      659.77032     -  659.91032      -5.33780669002        3               0.14
557      659.92032     -  660.02037      -5.29828649075        11               0.10005
558      660.03037     -  660.23032      -5.25081198656        8               0.19995
559      660.24037     -  660.32036      -5.29828649075        11               0.0799900000001
560      660.33162     -  660.60032      -5.25081198656        8               0.2687
561      660.61033     -  660.77033      -5.29828649075        11               0.16
562      660.78037     -  660.96032      -5.25081198656        8               0.17995
563      660.97033     -  660.97033      -5.29828649075        11               0.0
564      660.98036     -  661.07032      -5.33780669002        3               0.08996
565      661.08159     -  661.08159      -5.29828649075        11               0.0
566      661.09033     -  661.09033      -5.26455683246        2               0.0
567      661.10032     -  661.10032      -4.4878217039        7               0.0
568      661.11037     -  661.11037      -4.7253830082        1               0.0
569      661.12036     -  661.30053      -5.29828649075        11               0.18017
570      661.31037     -  661.52033      -5.25081198656        8               0.20996
571      661.53033     -  661.60037      -5.20727802506        5               0.0700399999999
572      661.61033     -  661.83159      -5.25081198656        8               0.22126
573      661.84037     -  662.1104      -5.29828649075        11               0.27003
574      662.12031     -  662.12031      -5.26455683246        2               0.0
575      662.13032     -  662.32037      -5.29828649075        11               0.19005
576      662.33159     -  662.54077      -5.25081198656        8               0.20918
577      662.55037     -  662.63037      -5.29828649075        11               0.0799999999999
578      662.64033     -  662.70037      -5.33780669002        3               0.0600400000001
579      662.71032     -  662.73037      -5.38408805453        14               0.02005
580      662.74032     -  662.74032      -5.32057789498        12               0.0
581      662.75032     -  662.75032      -5.38408805453        14               0.0
582      662.76032     -  662.76032      -5.32057789498        12               0.0
583      662.77047     -  662.77047      -5.38408805453        14               0.0
584      662.78032     -  662.78032      -5.32057789498        12               0.0
585      662.79032     -  662.82033      -5.33780669002        3               0.0300100000001
586      662.83163     -  662.88033      -5.29828649075        11               0.0486999999999
587      662.89032     -  662.89032      -5.26455683246        2               0.0
588      662.90031     -  662.95036      -5.29828649075        11               0.0500500000001
589      662.96037     -  662.96037      -5.26455683246        2               0.0
590      662.97043     -  663.30053      -5.40222248952        13               0.3301
591      663.31032     -  663.33161      -5.29828649075        11               0.0212899999999
592      663.34036     -  663.34036      -5.38408805453        14               0.0
593      663.35037     -  663.35037      -5.32057789498        12               0.0
594      663.36048     -  663.37037      -5.38408805453        14               0.00988999999993
595      663.38037     -  663.72032      -5.33780669002        3               0.33995
596      663.73032     -  663.78037      -5.29828649075        11               0.0500499999999
597      663.79037     -  663.80032      -5.33780669002        3               0.00995
598      663.81032     -  663.82037      -5.38408805453        14               0.01005
599      663.83032     -  664.03037      -5.43236193963        6               0.20005
600      664.04036     -  664.10031      -5.29828649075        11               0.0599500000001
601      664.11031     -  664.11031      -5.26455683246        2               0.0
602      664.12031     -  664.20031      -5.40222248952        13               0.0799999999999
603      664.21031     -  664.37032      -5.29828649075        11               0.16001
604      664.38036     -  664.38036      -5.26455683246        2               0.0
605      664.39031     -  664.39031      -5.29828649075        11               0.0
606      664.40032     -  664.40032      -5.26455683246        2               0.0
607      664.41037     -  664.59032      -5.40222248952        13               0.17995
608      664.6006     -  664.85037      -5.29828649075        11               0.24977
609      664.86037     -  664.86037      -5.26455683246        2               0.0
610      664.87037     -  664.92032      -5.40222248952        13               0.04995
611      664.93033     -  665.03032      -5.29828649075        11               0.0999899999999
612      665.04032     -  665.15036      -5.33780669002        3               0.11004
613      665.16037     -  665.49032      -5.40222248952        13               0.32995
614      665.50032     -  665.53037      -5.29828649075        11               0.03005
615      665.54037     -  665.54037      -5.26455683246        2               0.0
616      665.55036     -  665.60037      -4.4878217039        7               0.05001
617      665.61042     -  665.61042      -4.7253830082        1               0.0
618      665.62031     -  665.63032      -4.4878217039        7               0.01001
619      665.64032     -  665.65038      -4.7253830082        1               0.0100600000001
620      665.66037     -  665.67037      -4.4878217039        7               0.0100000000001
621      665.68037     -  665.68037      -5.26455683246        2               0.0
622      665.69032     -  665.84032      -5.29828649075        11               0.15
623      665.85033     -  665.86041      -5.38408805453        14               0.01008
624      665.87037     -  665.87037      -5.32057789498        12               0.0
625      665.88032     -  665.91037      -5.38408805453        14               0.03005
626      665.92037     -  665.92037      -5.32057789498        12               0.0
627      665.93033     -  665.93033      -5.38408805453        14               0.0
628      665.94032     -  665.94032      -4.7253830082        1               0.0
629      665.95037     -  666.06032      -4.4878217039        7               0.10995
630      666.07037     -  666.08165      -4.7253830082        1               0.0112799999999
631      666.09031     -  666.41032      -4.4878217039        7               0.32001
632      666.42037     -  666.42037      -4.7253830082        1               0.0
633      666.43037     -  666.53033      -5.25081198656        8               0.09996
634      666.54033     -  666.55033      -5.38408805453        14               0.00999999999999
635      666.56033     -  666.57033      -5.32057789498        12               0.00999999999999
636      666.58168     -  666.62032      -5.38408805453        14               0.03864
637      666.63037     -  666.63037      -5.32057789498        12               0.0
638      666.64033     -  666.65031      -5.38408805453        14               0.00998000000004
639      666.66078     -  666.66078      -5.32057789498        12               0.0
640      666.67037     -  666.67037      -5.38408805453        14               0.0
641      666.68037     -  666.68037      -5.32057789498        12               0.0
642      666.69033     -  666.72037      -5.38408805453        14               0.03004
643      666.73033     -  666.73033      -5.32057789498        12               0.0
644      666.74036     -  666.75033      -5.38408805453        14               0.00996999999995
645      666.76036     -  666.76036      -5.32057789498        12               0.0
646      666.77052     -  666.77052      -5.38408805453        14               0.0
647      666.78036     -  666.78036      -5.32057789498        12               0.0
648      666.79033     -  666.82032      -5.33780669002        3               0.02999
649      666.83037     -  666.90036      -5.29828649075        11               0.06999
650      666.91033     -  666.93037      -5.33780669002        3               0.02004
651      666.94107     -  667.15037      -5.40222248952        13               0.2093
652      667.16061     -  667.17037      -5.29828649075        11               0.00976000000003
653      667.18037     -  667.43037      -5.33780669002        3               0.25
654      667.44033     -  667.47037      -5.38408805453        14               0.03004
655      667.48037     -  667.48037      -5.32057789498        12               0.0
656      667.49037     -  667.53033      -5.38408805453        14               0.0399600000001
657      667.54033     -  667.54033      -5.32057789498        12               0.0
658      667.55033     -  667.57033      -5.38408805453        14               0.02
659      667.58037     -  667.58037      -5.32057789498        12               0.0
660      667.59037     -  667.59037      -5.40607549366        0               0.0
661      667.60037     -  667.61033      -5.37026353731        4               0.00995999999998
662      667.62033     -  667.62033      -5.40607549366        0               0.0
663      667.63033     -  667.64033      -5.37026353731        4               0.00999999999999
664      667.65037     -  667.65037      -5.40607549366        0               0.0
665      667.66037     -  667.67037      -5.37026353731        4               0.0100000000001
666      667.68033     -  667.68033      -5.40607549366        0               0.0
667      667.69109     -  667.69109      -5.37026353731        4               0.0
668      667.70031     -  667.70031      -5.40607549366        0               0.0
669      667.71037     -  667.71037      -5.37026353731        4               0.0
670      667.72041     -  667.72041      -5.40607549366        0               0.0
671      667.73033     -  667.73033      -5.37026353731        4               0.0
672      667.74033     -  667.74033      -5.40607549366        0               0.0
673      667.75037     -  667.75037      -5.32057789498        12               0.0
674      667.76037     -  667.77033      -5.38408805453        14               0.00995999999998
675      667.78033     -  667.78033      -5.32057789498        12               0.0
676      667.79033     -  667.88037      -5.33780669002        3               0.0900399999999
677      667.89032     -  668.43032      -5.40222248952        13               0.54
678      668.44032     -  668.44032      -5.37026353731        4               0.0
679      668.45037     -  668.47047      -4.4878217039        7               0.0201
680      668.48032     -  668.48032      -4.7253830082        1               0.0
681      668.49037     -  669.19109      -4.4878217039        7               0.70072
682      669.20037     -  669.21033      -4.7253830082        1               0.00995999999998
683      669.22041     -  669.35037      -4.4878217039        7               0.12996
684      669.36031     -  669.37031      -4.7253830082        1               0.00999999999999
685      669.3808     -  669.77037      -5.29828649075        11               0.38957
686      669.78036     -  670.06033      -5.25081198656        8               0.27997
687      670.07037     -  670.45032      -5.29828649075        11               0.37995
688      670.46037     -  670.46037      -5.26455683246        2               0.0
689      670.47032     -  670.74037      -5.29828649075        11               0.27005
690      670.75032     -  670.75032      -5.26455683246        2               0.0
691      670.76037     -  670.94036      -5.25081198656        8               0.17999
692      670.95037     -  671.06036      -5.29828649075        11               0.10999
693      671.07033     -  671.14031      -5.25081198656        8               0.06998
694      671.15031     -  671.15031      -5.38408805453        14               0.0
695      671.16032     -  671.16032      -5.32057789498        12               0.0
696      671.17032     -  671.17032      -5.38408805453        14               0.0
697      671.18036     -  671.18036      -5.32057789498        12               0.0
698      671.19036     -  671.19036      -5.38408805453        14               0.0
699      671.20036     -  671.20036      -5.32057789498        12               0.0
700      671.21036     -  671.21036      -5.38408805453        14               0.0
701      671.22036     -  671.22036      -4.7253830082        1               0.0
702      671.23031     -  671.26031      -4.4878217039        7               0.03
703      671.27036     -  671.27036      -5.26455683246        2               0.0
704      671.28036     -  671.74038      -5.29828649075        11               0.46002
705      671.75038     -  671.75038      -5.26455683246        2               0.0
706      671.76033     -  671.94037      -5.29828649075        11               0.18004
707      671.95032     -  672.52033      -5.25081198656        8               0.57001
708      672.53033     -  672.58173      -5.20727802506        5               0.0513999999999
709      672.59033     -  672.71032      -5.13661610358        15               0.11999
710      672.72037     -  672.74033      -5.20727802506        5               0.01996
711      672.75036     -  673.01038      -5.25081198656        8               0.26002
712      673.02033     -  673.02033      -5.20727802506        5               0.0
713      673.03033     -  673.11033      -5.13661610358        15               0.0799999999999
714      673.12061     -  673.23037      -5.20727802506        5               0.10976
715      673.24037     -  673.27038      -5.25081198656        8               0.0300100000001
716      673.28036     -  673.33166      -5.29828649075        11               0.0513000000001
717      673.34033     -  673.45036      -5.25081198656        8               0.11003
718      673.46033     -  673.86042      -5.29828649075        11               0.40009
719      673.87037     -  673.87037      -5.26455683246        2               0.0
720      673.88032     -  673.88032      -5.29828649075        11               0.0
721      673.89037     -  673.98037      -5.33780669002        3               0.09
722      673.99033     -  674.03037      -5.38408805453        14               0.04004
723      674.04037     -  674.07037      -5.29828649075        11               0.03
724      674.08032     -  674.08032      -5.26455683246        2               0.0
725      674.09037     -  674.11044      -4.36386826726        9               0.02007
726      674.12037     -  674.19032      -4.4878217039        7               0.0699500000001
727      674.20038     -  674.30059      -4.36386826726        9               0.10021
728      674.31037     -  674.31037      -4.7253830082        1               0.0
729      674.32037     -  674.34032      -5.20727802506        5               0.01995
730      674.35032     -  674.53032      -5.25081198656        8               0.18
731      674.54038     -  674.73037      -5.29828649075        11               0.18999
732      674.74032     -  674.78036      -5.33780669002        3               0.04004
733      674.79033     -  675.67033      -5.29828649075        11               0.88
734      675.68037     -  675.74037      -5.33780669002        3               0.0599999999999
735      675.75038     -  675.77037      -5.29828649075        11               0.01999
736      675.78032     -  676.27032      -5.25081198656        8               0.49
737      676.28038     -  676.37032      -4.36386826726        9               0.08994
738      676.38038     -  676.38038      -4.4878217039        7               0.0
739      676.39037     -  676.39037      -5.26455683246        2               0.0
740      676.40033     -  676.47037      -5.25081198656        8               0.0700399999999
741      676.48033     -  676.52033      -5.20727802506        5               0.04
742      676.53032     -  676.55057      -5.13661610358        15               0.02025
743      676.56037     -  676.56037      -5.26455683246        2               0.0
744      676.57032     -  677.22032      -5.29828649075        11               0.65
745      677.23038     -  677.52084      -5.33780669002        3               0.29046
746      677.53033     -  677.72042      -5.29828649075        11               0.19009
747      677.73032     -  677.73032      -5.26455683246        2               0.0
748      677.74037     -  678.06037      -5.29828649075        11               0.32
749      678.07073     -  678.07073      -5.26455683246        2               0.0
750      678.08038     -  678.24036      -5.29828649075        11               0.15998
751      678.25037     -  678.25037      -5.26455683246        2               0.0
752      678.26036     -  678.31038      -5.25081198656        8               0.05002
753      678.32032     -  678.49038      -5.29828649075        11               0.17006
754      678.50032     -  678.50032      -5.26455683246        2               0.0
755      678.51033     -  678.55038      -5.29828649075        11               0.0400500000001
756      678.56031     -  678.56031      -5.26455683246        2               0.0
757      678.57038     -  678.82037      -5.29828649075        11               0.24999
758      678.83174     -  678.83174      -5.26455683246        2               0.0
759      678.84036     -  678.96038      -5.29828649075        11               0.12002
760      678.97033     -  679.01038      -5.33780669002        3               0.0400500000001
761      679.02038     -  679.02038      -5.38408805453        14               0.0
762      679.03033     -  679.22033      -5.33780669002        3               0.19
763      679.23033     -  679.45033      -5.29828649075        11               0.22
764      679.46033     -  679.46033      -5.26455683246        2               0.0
765      679.47033     -  679.64038      -5.29828649075        11               0.17005
766      679.65033     -  679.65033      -5.26455683246        2               0.0
767      679.66033     -  679.68038      -5.29828649075        11               0.02005
768      679.69111     -  679.69111      -5.26455683246        2               0.0
769      679.70033     -  679.84038      -5.29828649075        11               0.14005
770      679.85038     -  680.03033      -5.25081198656        8               0.17995
771      680.04033     -  680.28033      -5.29828649075        11               0.24
772      680.29038     -  680.47038      -5.25081198656        8               0.18
773      680.48038     -  680.68033      -5.29828649075        11               0.19995
774      680.69033     -  680.75038      -5.33780669002        3               0.0600499999999
775      680.76033     -  680.82038      -5.29828649075        11               0.06005
776      680.83172     -  680.83172      -5.26455683246        2               0.0
777      680.84031     -  680.86045      -5.29828649075        11               0.02014
778      680.87031     -  681.09033      -5.25081198656        8               0.22002
779      681.10032     -  681.27033      -5.29828649075        11               0.17001
780      681.28038     -  681.69115      -5.25081198656        8               0.41077
781      681.70038     -  682.20038      -5.29828649075        11               0.5
782      682.21038     -  682.21038      -5.26455683246        2               0.0
783      682.22033     -  682.89033      -5.29828649075        11               0.67
784      682.90037     -  683.36033      -5.25081198656        8               0.45996
785      683.37037     -  683.63037      -5.20727802506        5               0.26
786      683.64033     -  683.73036      -5.25081198656        8               0.0900300000001
787      683.74033     -  683.88032      -5.29828649075        11               0.13999
788      683.89033     -  683.89033      -5.26455683246        2               0.0
789      683.90032     -  683.99045      -5.29828649075        11               0.09013
790      684.00037     -  684.05037      -5.25081198656        8               0.0500000000001
791      684.06037     -  684.06037      -4.7253830082        1               0.0
792      684.07037     -  684.2104      -4.36386826726        9               0.14003
793      684.22042     -  684.26038      -4.4878217039        7               0.0399600000001
794      684.27037     -  684.4105      -4.36386826726        9               0.14013
795      684.42032     -  684.42032      -4.7253830082        1               0.0
796      684.43038     -  684.66033      -5.13661610358        15               0.22995
797      684.67032     -  684.75032      -5.25081198656        8               0.08
798      684.76037     -  685.05038      -5.29828649075        11               0.29001
799      685.06037     -  685.06037      -5.26455683246        2               0.0
800      685.07033     -  685.19037      -5.13661610358        15               0.12004
801      685.20036     -  685.20036      -5.26455683246        2               0.0
802      685.21036     -  685.34033      -5.29828649075        11               0.12997
803      685.35032     -  685.49033      -5.33780669002        3               0.14001
804      685.50037     -  685.61032      -5.29828649075        11               0.10995
805      685.62032     -  685.68032      -5.33780669002        3               0.0600000000001
806      685.69113     -  685.70032      -5.38408805453        14               0.00918999999999
807      685.71032     -  685.71032      -5.32057789498        12               0.0
808      685.7204     -  685.7204      -5.38408805453        14               0.0
809      685.73037     -  685.73037      -5.32057789498        12               0.0
810      685.74037     -  685.74037      -5.38408805453        14               0.0
811      685.75036     -  685.82036      -5.33780669002        3               0.0700000000001
812      685.83178     -  685.92037      -5.29828649075        11               0.0885900000001
813      685.93032     -  685.93032      -5.26455683246        2               0.0
814      685.94037     -  686.10037      -5.40222248952        13               0.16
815      686.11049     -  686.20037      -5.29828649075        11               0.08988
816      686.21032     -  686.38037      -5.33780669002        3               0.17005
817      686.39032     -  686.40032      -5.38408805453        14               0.00999999999999
818      686.41032     -  686.41032      -5.32057789498        12               0.0
819      686.42032     -  686.42032      -5.38408805453        14               0.0
820      686.43032     -  686.62032      -5.29828649075        11               0.19
821      686.63037     -  686.63037      -5.26455683246        2               0.0
822      686.64037     -  686.67037      -4.36386826726        9               0.0300000000001
823      686.68037     -  686.80093      -4.4878217039        7               0.12056
824      686.81032     -  686.81032      -5.26455683246        2               0.0
825      686.82037     -  686.96033      -5.29828649075        11               0.13996
826      686.97047     -  686.99036      -5.25081198656        8               0.01989
827      687.00037     -  687.02033      -5.38408805453        14               0.01996
828      687.03032     -  687.03032      -5.32057789498        12               0.0
829      687.04033     -  687.06033      -5.38408805453        14               0.02
830      687.07036     -  687.33037      -5.33780669002        3               0.26001
831      687.34036     -  687.35037      -5.29828649075        11               0.01001
832      687.36036     -  687.43037      -5.25081198656        8               0.07001
833      687.44032     -  687.54032      -5.29828649075        11               0.0999999999999
834      687.55038     -  687.57037      -5.25081198656        8               0.01999
835      687.58036     -  687.73032      -5.20727802506        5               0.14996
836      687.74032     -  687.77038      -5.25081198656        8               0.03006
837      687.78032     -  688.29037      -5.29828649075        11               0.51005
838      688.30036     -  688.30036      -5.26455683246        2               0.0
839      688.31033     -  688.34036      -5.29828649075        11               0.03003
840      688.35033     -  688.35033      -5.26455683246        2               0.0
841      688.36032     -  688.68084      -5.40222248952        13               0.32052
842      688.69033     -  688.71038      -5.29828649075        11               0.02005
843      688.72037     -  688.72037      -5.38408805453        14               0.0
844      688.73038     -  688.73038      -5.32057789498        12               0.0
845      688.74037     -  688.74037      -5.38408805453        14               0.0
846      688.75033     -  688.75033      -5.32057789498        12               0.0
847      688.76037     -  688.77037      -5.38408805453        14               0.00999999999999
848      688.78032     -  688.78032      -5.32057789498        12               0.0
849      688.79037     -  688.79037      -5.38408805453        14               0.0
850      688.80032     -  688.80032      -5.32057789498        12               0.0
851      688.81033     -  688.87038      -5.38408805453        14               0.0600499999999
852      688.88037     -  688.88037      -5.32057789498        12               0.0
853      688.89038     -  688.89038      -5.38408805453        14               0.0
854      688.90037     -  688.90037      -5.32057789498        12               0.0
855      688.91056     -  688.92032      -5.38408805453        14               0.00975999999991
856      688.93033     -  688.93033      -5.32057789498        12               0.0
857      688.94117     -  688.94117      -5.38408805453        14               0.0
858      688.95032     -  688.95032      -5.32057789498        12               0.0
859      688.96032     -  688.96032      -5.40607549366        0               0.0
860      688.97049     -  688.98031      -5.37026353731        4               0.00981999999999
861      688.99063     -  688.99063      -5.40607549366        0               0.0
862      689.00037     -  689.01032      -5.37026353731        4               0.00995
863      689.02037     -  689.02037      -5.40607549366        0               0.0
864      689.03036     -  689.03036      -5.37026353731        4               0.0
865      689.04037     -  689.04037      -5.40607549366        0               0.0
866      689.05036     -  689.05036      -5.37026353731        4               0.0
867      689.06033     -  689.06033      -5.40607549366        0               0.0
868      689.07032     -  689.08178      -5.37026353731        4               0.0114599999999
869      689.09032     -  689.09032      -5.40607549366        0               0.0
870      689.10038     -  689.15037      -5.37026353731        4               0.04999
871      689.16033     -  689.25036      -4.4878217039        7               0.09003
872      689.26037     -  689.26037      -4.7253830082        1               0.0
873      689.27032     -  689.38033      -4.4878217039        7               0.11001
874      689.39037     -  689.39037      -4.7253830082        1               0.0
875      689.40033     -  689.65032      -4.4878217039        7               0.24999
876      689.66037     -  689.66037      -4.7253830082        1               0.0
877      689.67036     -  689.75032      -4.4878217039        7               0.07996
878      689.76038     -  689.76038      -4.7253830082        1               0.0
879      689.77032     -  689.80061      -4.4878217039        7               0.03029
880      689.81032     -  689.81032      -5.26455683246        2               0.0
881      689.82033     -  689.88033      -5.29828649075        11               0.0599999999999
882      689.89036     -  689.89036      -5.33780669002        3               0.0
883      689.90036     -  689.90036      -5.38408805453        14               0.0
884      689.91062     -  689.91062      -5.32057789498        12               0.0
885      689.92037     -  689.92037      -5.38408805453        14               0.0
886      689.93033     -  689.93033      -5.32057789498        12               0.0
887      689.94037     -  689.94037      -5.40607549366        0               0.0
888      689.95037     -  689.96037      -5.37026353731        4               0.00999999999999
889      689.97033     -  689.97033      -5.40607549366        0               0.0
890      689.98037     -  689.98037      -5.37026353731        4               0.0
891      689.99037     -  689.99037      -5.40607549366        0               0.0
892      690.00032     -  690.01037      -5.37026353731        4               0.01005
893      690.02032     -  690.02032      -5.40607549366        0               0.0
894      690.03037     -  690.04032      -5.37026353731        4               0.00995
895      690.05037     -  690.05037      -5.40607549366        0               0.0
896      690.06032     -  690.06032      -5.37026353731        4               0.0
897      690.07033     -  690.07033      -5.40607549366        0               0.0
898      690.08178     -  690.08178      -5.37026353731        4               0.0
899      690.09033     -  690.09033      -5.40607549366        0               0.0
900      690.10032     -  690.13038      -5.37026353731        4               0.0300599999999
901      690.14037     -  690.14037      -5.40607549366        0               0.0
902      690.15033     -  690.16032      -5.32057789498        12               0.0099899999999
903      690.17037     -  690.18037      -5.38408805453        14               0.00999999999999
904      690.19037     -  690.19037      -5.32057789498        12               0.0
905      690.20032     -  690.21037      -5.38408805453        14               0.01005
906      690.2204     -  690.2204      -5.32057789498        12               0.0
907      690.23037     -  690.24037      -5.38408805453        14               0.00999999999999
908      690.25037     -  690.25037      -5.32057789498        12               0.0
909      690.26037     -  690.27033      -5.38408805453        14               0.00995999999998
910      690.28037     -  690.36047      -5.33780669002        3               0.0801
911      690.37032     -  690.37032      -5.38408805453        14               0.0
912      690.38032     -  690.38032      -5.32057789498        12               0.0
913      690.39032     -  690.40036      -5.38408805453        14               0.01004
914      690.41036     -  690.45032      -5.29828649075        11               0.0399600000001
915      690.46033     -  690.75032      -5.33780669002        3               0.28999
916      690.76033     -  690.84036      -5.29828649075        11               0.0800300000001
917      690.85033     -  691.03037      -5.33780669002        3               0.18004
918      691.04032     -  691.04032      -5.38408805453        14               0.0
919      691.05068     -  691.05068      -5.32057789498        12               0.0
920      691.06032     -  691.07038      -5.38408805453        14               0.01006
921      691.08037     -  691.08037      -5.32057789498        12               0.0
922      691.09033     -  691.09033      -5.38408805453        14               0.0
923      691.10036     -  691.10036      -5.32057789498        12               0.0
924      691.11033     -  691.14036      -5.38408805453        14               0.03003
925      691.15033     -  691.15033      -5.32057789498        12               0.0
926      691.16032     -  691.18032      -5.38408805453        14               0.0200000000001
927      691.19119     -  691.19119      -5.32057789498        12               0.0
928      691.20036     -  691.43036      -5.33780669002        3               0.23
929      691.44124     -  691.54031      -5.40222248952        13               0.09907
930      691.55031     -  691.58031      -5.29828649075        11               0.0300000000001
931      691.59031     -  691.64031      -5.25081198656        8               0.05
932      691.65036     -  691.69033      -5.29828649075        11               0.03997
933      691.70036     -  691.70036      -5.26455683246        2               0.0
934      691.71033     -  691.75033      -5.29828649075        11               0.04
935      691.76036     -  691.79032      -5.33780669002        3               0.02996
936      691.80063     -  691.93033      -5.40222248952        13               0.1297
937      691.94119     -  691.96032      -5.29828649075        11               0.01913
938      691.97036     -  691.97036      -5.26455683246        2               0.0
939      691.98036     -  692.10037      -5.29828649075        11               0.12001
940      692.11037     -  692.43032      -5.33780669002        3               0.31995
941      692.44032     -  692.44032      -5.38408805453        14               0.0
942      692.45033     -  692.45033      -5.32057789498        12               0.0
943      692.46032     -  692.48037      -5.38408805453        14               0.02005
944      692.49032     -  692.49032      -5.32057789498        12               0.0
945      692.50032     -  692.52032      -5.38408805453        14               0.02
946      692.53032     -  692.79037      -5.33780669002        3               0.26005
947      692.80037     -  693.53037      -5.40222248952        13               0.73
948      693.54033     -  693.54033      -5.29828649075        11               0.0
949      693.55037     -  693.55037      -5.26455683246        2               0.0
950      693.56037     -  693.78033      -5.40222248952        13               0.21996
951      693.79032     -  693.84037      -5.20727802506        5               0.0500500000001
952      693.85037     -  693.86032      -5.40222248952        13               0.00995
953      693.87037     -  694.16037      -5.29828649075        11               0.29
954      694.17036     -  694.17036      -5.26455683246        2               0.0
955      694.18038     -  694.19121      -5.29828649075        11               0.0108299999999
956      694.20037     -  694.20037      -5.26455683246        2               0.0
957      694.21037     -  694.28037      -5.29828649075        11               0.0699999999999
958      694.29032     -  694.29032      -5.26455683246        2               0.0
959      694.30033     -  694.32033      -5.25081198656        8               0.02
960      694.33032     -  694.43037      -5.20727802506        5               0.10005
961      694.44033     -  694.51032      -5.25081198656        8               0.06999
962      694.52033     -  694.52033      -5.38408805453        14               0.0
963      694.53037     -  694.53037      -5.32057789498        12               0.0
964      694.54037     -  694.54037      -5.40607549366        0               0.0
965      694.55037     -  694.56033      -5.37026353731        4               0.00995999999998
966      694.57032     -  694.57032      -5.40607549366        0               0.0
967      694.58175     -  694.58175      -5.37026353731        4               0.0
968      694.59032     -  694.59032      -5.40607549366        0               0.0
969      694.60037     -  694.61052      -5.37026353731        4               0.01015
970      694.62033     -  694.62033      -5.40607549366        0               0.0
971      694.63032     -  694.65037      -5.37026353731        4               0.02005
972      694.66037     -  694.66037      -5.40607549366        0               0.0
973      694.67032     -  694.67032      -5.37026353731        4               0.0
974      694.68032     -  694.68032      -5.40607549366        0               0.0
975      694.69032     -  694.69032      -5.37026353731        4               0.0
976      694.70037     -  694.70037      -5.40607549366        0               0.0
977      694.71036     -  694.72033      -5.37026353731        4               0.00996999999995
978      694.73036     -  694.73036      -5.40607549366        0               0.0
979      694.74037     -  694.74037      -5.37026353731        4               0.0
980      694.75036     -  694.75036      -5.40607549366        0               0.0
981      694.76033     -  694.77032      -5.37026353731        4               0.00999000000002
982      694.78033     -  694.78033      -5.40607549366        0               0.0
983      694.79032     -  694.79032      -5.37026353731        4               0.0
984      694.80075     -  694.80075      -5.40607549366        0               0.0
985      694.81032     -  694.82033      -5.37026353731        4               0.01001
986      694.83173     -  694.83173      -5.40607549366        0               0.0
987      694.84032     -  694.91036      -5.37026353731        4               0.0700399999999
988      694.92037     -  694.92037      -5.40607549366        0               0.0
989      694.93037     -  694.96037      -5.37026353731        4               0.03
990      694.97032     -  694.97032      -5.40607549366        0               0.0
991      694.98037     -  694.98037      -5.37026353731        4               0.0
992      694.99032     -  694.99032      -5.40607549366        0               0.0
993      695.00033     -  695.00033      -5.37026353731        4               0.0
994      695.01036     -  695.01036      -5.40607549366        0               0.0
995      695.02037     -  695.03032      -5.37026353731        4               0.00995
996      695.04037     -  695.04037      -5.40607549366        0               0.0
997      695.0507     -  695.0507      -5.32057789498        12               0.0
998      695.06037     -  695.16037      -5.33780669002        3               0.0999999999999
999      695.17037     -  695.67037      -5.40222248952        13               0.5
1000      695.68037     -  695.68037      -5.37026353731        4               0.0
1001      695.69037     -  695.69037      -5.40607549366        0               0.0
1002      695.70033     -  695.70033      -5.32057789498        12               0.0
1003      695.71032     -  695.71032      -5.38408805453        14               0.0
1004      695.72043     -  696.04037      -5.33780669002        3               0.31994
1005      696.05064     -  696.15032      -5.29828649075        11               0.0996799999999
1006      696.16073     -  696.57037      -5.33780669002        3               0.40964
1007      696.58173     -  696.59037      -5.38408805453        14               0.00864000000001
1008      696.60037     -  696.60037      -5.32057789498        12               0.0
1009      696.61053     -  696.62036      -5.38408805453        14               0.00982999999997
1010      696.63037     -  696.63037      -5.32057789498        12               0.0
1011      696.64032     -  696.64032      -5.38408805453        14               0.0
1012      696.65033     -  696.65033      -5.32057789498        12               0.0
1013      696.66032     -  696.66032      -5.38408805453        14               0.0
1014      696.67032     -  696.67032      -5.32057789498        12               0.0
1015      696.68056     -  696.6912      -5.38408805453        14               0.01064
1016      696.70031     -  696.86037      -5.33780669002        3               0.16006
1017      696.87032     -  696.87032      -5.38408805453        14               0.0
1018      696.88037     -  696.88037      -5.32057789498        12               0.0
1019      696.89032     -  696.89032      -5.38408805453        14               0.0
1020      696.90033     -  696.90033      -5.32057789498        12               0.0
1021      696.91032     -  696.91032      -5.38408805453        14               0.0
1022      696.92033     -  696.93037      -5.29828649075        11               0.01004
1023      696.94037     -  697.03032      -5.25081198656        8               0.0899499999999
1024      697.04037     -  697.04037      -4.7253830082        1               0.0
1025      697.0507     -  697.28037      -4.4878217039        7               0.22967
1026      697.29032     -  697.29032      -4.7253830082        1               0.0
1027      697.30072     -  697.34037      -4.4878217039        7               0.0396500000001
1028      697.35037     -  697.35037      -4.7253830082        1               0.0
1029      697.36037     -  697.45037      -4.4878217039        7               0.09
1030      697.46033     -  697.46033      -5.26455683246        2               0.0
1031      697.4704     -  697.4704      -5.32057789498        12               0.0
1032      697.48037     -  697.48037      -5.38408805453        14               0.0
1033      697.49032     -  697.49032      -5.32057789498        12               0.0
1034      697.50033     -  697.52037      -5.38408805453        14               0.02004
1035      697.53037     -  697.53037      -5.32057789498        12               0.0
1036      697.54032     -  697.54032      -5.38408805453        14               0.0
1037      697.55032     -  697.55032      -5.32057789498        12               0.0
1038      697.56032     -  697.56032      -5.38408805453        14               0.0
1039      697.57032     -  697.57032      -5.32057789498        12               0.0
1040      697.58178     -  697.59032      -5.38408805453        14               0.00854000000004
1041      697.60033     -  697.60033      -5.32057789498        12               0.0
1042      697.61032     -  697.61032      -5.38408805453        14               0.0
1043      697.62036     -  697.71037      -5.33780669002        3               0.09001
1044      697.72033     -  697.95037      -5.29828649075        11               0.23004
1045      697.96036     -  698.11052      -5.33780669002        3               0.15016
1046      698.12032     -  698.12032      -5.38408805453        14               0.0
1047      698.13037     -  698.13037      -5.32057789498        12               0.0
1048      698.14036     -  698.14036      -5.38408805453        14               0.0
1049      698.15036     -  698.15036      -5.32057789498        12               0.0
1050      698.1606     -  698.1606      -5.38408805453        14               0.0
1051      698.17032     -  698.17032      -5.32057789498        12               0.0
1052      698.18037     -  698.18037      -5.38408805453        14               0.0
1053      698.19037     -  698.24033      -5.33780669002        3               0.0499599999999
1054      698.25037     -  698.47041      -5.40222248952        13               0.22004
1055      698.48037     -  698.48037      -5.37026353731        4               0.0
1056      698.49037     -  698.49037      -5.40607549366        0               0.0
1057      698.50037     -  698.53037      -5.37026353731        4               0.03
1058      698.54033     -  698.54033      -5.40607549366        0               0.0
1059      698.55068     -  698.56032      -5.37026353731        4               0.00963999999999
1060      698.57045     -  698.57045      -5.40607549366        0               0.0
1061      698.58174     -  698.58174      -5.37026353731        4               0.0
1062      698.59032     -  698.59032      -5.40607549366        0               0.0
1063      698.60036     -  698.60036      -5.32057789498        12               0.0
1064      698.61036     -  698.72033      -5.33780669002        3               0.10997
1065      698.73032     -  698.73032      -5.29828649075        11               0.0
1066      698.74033     -  698.78032      -5.25081198656        8               0.03999
1067      698.79037     -  698.80072      -4.7253830082        1               0.0103499999999
1068      698.81032     -  698.81032      -5.32057789498        12               0.0
1069      698.82037     -  698.83175      -5.38408805453        14               0.01138
1070      698.84031     -  698.84031      -5.32057789498        12               0.0
1071      698.85032     -  698.85032      -5.38408805453        14               0.0
1072      698.86037     -  698.86037      -5.32057789498        12               0.0
1073      698.87037     -  698.89032      -5.38408805453        14               0.01995
1074      698.90037     -  698.90037      -5.32057789498        12               0.0
1075      698.91032     -  698.91032      -5.38408805453        14               0.0
1076      698.92032     -  698.92032      -5.32057789498        12               0.0
1077      698.93037     -  698.93037      -5.38408805453        14               0.0
1078      698.94126     -  698.94126      -5.32057789498        12               0.0
1079      698.95037     -  698.95037      -5.38408805453        14               0.0
1080      698.96032     -  699.02037      -5.33780669002        3               0.0600499999999
1081      699.03033     -  699.15031      -5.40222248952        13               0.11998
1082      699.16037     -  699.16037      -5.37026353731        4               0.0
1083      699.17032     -  699.17032      -5.40607549366        0               0.0
1084      699.18032     -  699.18032      -5.32057789498        12               0.0
1085      699.19122     -  699.19122      -5.38408805453        14               0.0
1086      699.20057     -  699.20057      -5.32057789498        12               0.0
1087      699.21033     -  699.21033      -5.38408805453        14               0.0
1088      699.22036     -  699.22036      -5.32057789498        12               0.0
1089      699.23037     -  699.24032      -5.38408805453        14               0.00995
1090      699.25033     -  699.25033      -5.32057789498        12               0.0
1091      699.26036     -  699.26036      -5.38408805453        14               0.0
1092      699.27037     -  699.33033      -5.33780669002        3               0.05996
 
Means and total domain of each hidden state
---------------------------------------
0th hidden state
total number with this hidden state =  73
mean =  [-5.40607549]
total time_domain =  0.0

1th hidden state
total number with this hidden state =  71
mean =  [-4.72538301]
total time_domain =  0.30141

2th hidden state
total number with this hidden state =  86
mean =  [-5.26455683]
total time_domain =  0.0

3th hidden state
total number with this hidden state =  88
mean =  [-5.33780669]
total time_domain =  13.38887

4th hidden state
total number with this hidden state =  68
mean =  [-5.37026354]
total time_domain =  0.579499999999

5th hidden state
total number with this hidden state =  45
mean =  [-5.20727803]
total time_domain =  6.99

6th hidden state
total number with this hidden state =  2
mean =  [-5.43236194]
total time_domain =  2.02006

7th hidden state
total number with this hidden state =  68
mean =  [-4.4878217]
total time_domain =  6.28166

8th hidden state
total number with this hidden state =  69
mean =  [-5.25081199]
total time_domain =  9.13147

9th hidden state
total number with this hidden state =  13
mean =  [-4.36386827]
total time_domain =  2.19882

10th hidden state
total number with this hidden state =  2
mean =  [-4.96168674]
total time_domain =  0.92006

11th hidden state
total number with this hidden state =  161
mean =  [-5.29828649]
total time_domain =  25.33995

12th hidden state
total number with this hidden state =  126
mean =  [-5.32057789]
total time_domain =  0.0399899999999

13th hidden state
total number with this hidden state =  37
mean =  [-5.40222249]
total time_domain =  15.17981

14th hidden state
total number with this hidden state =  150
mean =  [-5.38408805]
total time_domain =  1.3765

15th hidden state
total number with this hidden state =  34
mean =  [-5.1366161]
total time_domain =  4.6521

