Number of Rows
--------------
100000
 
Hidden States
-------------
[12 12 12 ...  8  8  8]
 
Record of all hidden state
**********************************
No.     TIME Start  -  TIME End      VALUE           Hidden State {}th       Time domain
0      600.01038     -  600.06171      -5.22027916292        12               0.0513299999999
1      600.07039     -  600.20033      -5.27926747047        2               0.12994
2      600.21032     -  600.23037      -5.22027916292        12               0.02005
3      600.24033     -  600.52089      -5.32592846584        6               0.28056
4      600.53038     -  600.60036      -5.38978341922        10               0.06998
5      600.61038     -  600.64032      -5.32592846584        6               0.02994
6      600.65033     -  600.66036      -5.17044599829        3               0.0100299999999
7      600.67038     -  600.7004      -5.27926747047        2               0.0300199999999
8      600.71038     -  600.72037      -5.22027916292        12               0.00999000000002
9      600.73038     -  600.85033      -5.32592846584        6               0.11995
10      600.86032     -  601.13033      -5.38978341922        10               0.27001
11      601.14037     -  601.14037      -5.22027916292        12               0.0
12      601.15033     -  601.23037      -5.27926747047        2               0.0800399999999
13      601.24032     -  601.30037      -5.22027916292        12               0.06005
14      601.31173     -  601.35037      -5.27926747047        2               0.03864
15      601.36037     -  601.4211      -5.32592846584        6               0.06073
16      601.43037     -  601.58037      -5.27926747047        2               0.15
17      601.59037     -  601.62033      -5.22027916292        12               0.02996
18      601.63032     -  601.76037      -5.27926747047        2               0.13005
19      601.77037     -  601.90033      -5.22027916292        12               0.12996
20      601.91037     -  601.99032      -5.27926747047        2               0.0799500000001
21      602.00033     -  602.02037      -5.22027916292        12               0.02004
22      602.03032     -  602.17037      -5.27926747047        2               0.14005
23      602.18033     -  602.33037      -5.32592846584        6               0.15004
24      602.34032     -  602.39037      -5.17044599829        3               0.0500499999999
25      602.40037     -  602.40037      -4.80557912573        0               0.0
26      602.41037     -  602.55037      -5.27926747047        2               0.14
27      602.56172     -  602.58037      -5.22027916292        12               0.01865
28      602.59033     -  602.66032      -5.27926747047        2               0.06999
29      602.67112     -  602.69033      -5.22027916292        12               0.01921
30      602.70041     -  602.81038      -5.17044599829        3               0.10997
31      602.82032     -  602.91038      -5.27926747047        2               0.09006
32      602.92036     -  602.93031      -5.22027916292        12               0.00995
33      602.94033     -  603.03055      -5.17044599829        3               0.0902199999999
34      603.04035     -  603.26036      -5.22027916292        12               0.22001
35      603.27033     -  603.39033      -5.17044599829        3               0.12
36      603.40037     -  603.45038      -5.22027916292        12               0.05001
37      603.46032     -  603.77033      -5.32592846584        6               0.31001
38      603.78064     -  604.04032      -5.27926747047        2               0.25968
39      604.05038     -  604.1304      -5.32592846584        6               0.08002
40      604.14032     -  604.14032      -5.17044599829        3               0.0
41      604.15037     -  604.15037      -5.04932951402        15               0.0
42      604.16036     -  604.32033      -5.11060955388        8               0.15997
43      604.33037     -  604.34037      -5.04932951402        15               0.00999999999999
44      604.35037     -  604.46038      -5.17044599829        3               0.11001
45      604.47037     -  604.60037      -5.04932951402        15               0.13
46      604.6104     -  604.68033      -5.17044599829        3               0.06993
47      604.69032     -  604.70037      -5.04932951402        15               0.01005
48      604.71032     -  604.79031      -5.11060955388        8               0.07999
49      604.80037     -  604.82031      -5.15856035555        9               0.0199399999999
50      604.83068     -  604.98037      -4.94557275791        4               0.14969
51      604.99036     -  605.00037      -5.27926747047        2               0.01001
52      605.01032     -  605.27036      -4.94557275791        4               0.26004
53      605.28083     -  605.28083      -5.17044599829        3               0.0
54      605.29032     -  605.70037      -4.94557275791        4               0.41005
55      605.71035     -  605.77031      -4.78590563903        14               0.05996
56      605.78031     -  605.89035      -4.94557275791        4               0.11004
57      605.90035     -  606.01037      -5.15856035555        9               0.11002
58      606.02037     -  606.35036      -5.18928709464        5               0.32999
59      606.36038     -  606.57037      -5.15856035555        9               0.20999
60      606.58038     -  606.76031      -5.22860359313        13               0.17993
61      606.77091     -  607.00037      -5.18928709464        5               0.22946
62      607.01037     -  607.06172      -5.32592846584        6               0.0513500000001
63      607.07037     -  607.66083      -5.18928709464        5               0.59046
64      607.67033     -  607.70032      -5.11060955388        8               0.02999
65      607.71037     -  607.72032      -5.22027916292        12               0.00995
66      607.73037     -  607.84032      -5.27926747047        2               0.10995
67      607.85033     -  607.88036      -5.22027916292        12               0.03003
68      607.89033     -  607.89033      -5.17044599829        3               0.0
69      607.90037     -  607.92037      -5.04932951402        15               0.0200000000001
70      607.93037     -  607.94037      -5.17044599829        3               0.00999999999999
71      607.95038     -  608.03062      -5.27926747047        2               0.08024
72      608.04032     -  608.05038      -5.22027916292        12               0.0100600000001
73      608.06168     -  608.14037      -5.17044599829        3               0.0786899999999
74      608.15037     -  608.28067      -5.22027916292        12               0.1303
75      608.29037     -  608.33032      -5.27926747047        2               0.03995
76      608.34046     -  608.74032      -5.22027916292        12               0.39986
77      608.75033     -  608.81033      -5.27926747047        2               0.0600000000001
78      608.82032     -  608.85033      -5.22027916292        12               0.0300099999999
79      608.86038     -  609.18038      -4.5773118924        7               0.32
80      609.19038     -  609.19038      -5.15856035555        9               0.0
81      609.20033     -  609.29038      -5.18928709464        5               0.09005
82      609.30038     -  609.48033      -5.22860359313        13               0.17995
83      609.49033     -  609.60033      -5.18928709464        5               0.11
84      609.61038     -  609.65037      -5.15856035555        9               0.03999
85      609.66033     -  609.68038      -4.94557275791        4               0.02005
86      609.69033     -  609.74038      -5.04932951402        15               0.0500499999999
87      609.75033     -  609.77038      -4.94557275791        4               0.0200500000001
88      609.78033     -  609.78033      -5.04932951402        15               0.0
89      609.79038     -  609.89038      -5.11060955388        8               0.1
90      609.90038     -  609.93033      -5.15856035555        9               0.02995
91      609.94033     -  609.95049      -5.11060955388        8               0.0101599999999
92      609.96033     -  610.29038      -5.15856035555        9               0.33005
93      610.30033     -  610.42038      -5.04932951402        15               0.12005
94      610.43038     -  610.58038      -5.11060955388        8               0.15
95      610.59033     -  610.61033      -4.5773118924        7               0.02
96      610.62037     -  610.64038      -4.94557275791        4               0.0200100000001
97      610.65033     -  610.80033      -5.04932951402        15               0.15
98      610.81033     -  610.88038      -5.11060955388        8               0.0700499999999
99      610.89038     -  610.99037      -5.15856035555        9               0.0999899999999
100      611.00032     -  611.05033      -5.11060955388        8               0.05001
101      611.06033     -  611.12033      -5.04932951402        15               0.0599999999999
102      611.13033     -  611.30033      -5.11060955388        8               0.17
103      611.31038     -  611.31038      -4.80557912573        0               0.0
104      611.32033     -  611.45047      -5.18928709464        5               0.13014
105      611.46031     -  611.52038      -5.11060955388        8               0.06007
106      611.53069     -  611.78091      -5.15856035555        9               0.25022
107      611.79033     -  611.88038      -5.11060955388        8               0.0900499999999
108      611.89033     -  612.04038      -5.04932951402        15               0.15005
109      612.05038     -  612.05038      -5.11060955388        8               0.0
110      612.06038     -  612.51038      -5.15856035555        9               0.45
111      612.52038     -  612.54038      -5.17044599829        3               0.02
112      612.55038     -  612.74032      -4.94557275791        4               0.18994
113      612.75033     -  612.90038      -5.17044599829        3               0.15005
114      612.91038     -  612.94038      -5.04932951402        15               0.03
115      612.95033     -  612.97038      -5.11060955388        8               0.02005
116      612.98033     -  613.00038      -5.15856035555        9               0.02005
117      613.01038     -  613.13038      -5.18928709464        5               0.12
118      613.14038     -  613.30038      -5.15856035555        9               0.16
119      613.31038     -  613.34033      -4.94557275791        4               0.02995
120      613.35038     -  613.59033      -5.04932951402        15               0.23995
121      613.60033     -  613.76036      -5.11060955388        8               0.16003
122      613.77094     -  613.83033      -5.04932951402        15               0.05939
123      613.84033     -  613.95038      -4.94557275791        4               0.11005
124      613.96038     -  613.98033      -5.04932951402        15               0.01995
125      613.99033     -  614.09048      -5.17044599829        3               0.10015
126      614.10032     -  614.33033      -5.04932951402        15               0.23001
127      614.34046     -  614.38032      -5.17044599829        3               0.03986
128      614.39038     -  614.63033      -5.04932951402        15               0.23995
129      614.64032     -  614.72032      -5.11060955388        8               0.08
130      614.73036     -  614.89031      -5.04932951402        15               0.15995
131      614.90054     -  614.91073      -5.11060955388        8               0.01019
132      614.92032     -  614.99037      -5.22860359313        13               0.07005
133      615.00032     -  615.16037      -5.18928709464        5               0.16005
134      615.17037     -  615.28037      -5.15856035555        9               0.11
135      615.29038     -  615.30032      -5.11060955388        8               0.00994000000003
136      615.31038     -  615.43037      -5.04932951402        15               0.11999
137      615.44037     -  615.48036      -5.11060955388        8               0.03999
138      615.49033     -  615.53042      -4.5773118924        7               0.0400900000001
139      615.54036     -  615.67122      -5.15856035555        9               0.13086
140      615.68036     -  615.71033      -5.11060955388        8               0.02997
141      615.72036     -  615.88032      -5.15856035555        9               0.15996
142      615.89033     -  616.46036      -5.18928709464        5               0.57003
143      616.47038     -  616.66036      -5.22860359313        13               0.18998
144      616.67038     -  617.36032      -5.18928709464        5               0.68994
145      617.37033     -  617.48033      -5.22860359313        13               0.11
146      617.49036     -  617.71036      -5.18928709464        5               0.22
147      617.72038     -  617.79031      -5.22860359313        13               0.06993
148      617.80033     -  617.91038      -5.18928709464        5               0.11005
149      617.92032     -  617.97038      -5.22860359313        13               0.05006
150      617.98036     -  618.05032      -5.18928709464        5               0.06996
151      618.0618     -  618.25033      -5.15856035555        9               0.18853
152      618.26031     -  618.36036      -5.11060955388        8               0.10005
153      618.37038     -  618.49038      -5.15856035555        9               0.12
154      618.50036     -  618.56033      -5.11060955388        8               0.05997
155      618.57032     -  618.63036      -5.15856035555        9               0.06004
156      618.64033     -  618.75033      -5.18928709464        5               0.11
157      618.76033     -  618.90033      -5.22860359313        13               0.14
158      618.91031     -  619.33033      -5.18928709464        5               0.42002
159      619.34054     -  619.84038      -5.15856035555        9               0.49984
160      619.85038     -  620.05033      -5.18928709464        5               0.19995
161      620.06033     -  620.17129      -5.22860359313        13               0.11096
162      620.18037     -  620.28037      -5.18928709464        5               0.0999999999999
163      620.29032     -  620.29032      -4.80557912573        0               0.0
164      620.30037     -  620.46033      -4.47933474347        1               0.15996
165      620.47037     -  620.50037      -4.80557912573        0               0.03
166      620.51032     -  620.74037      -5.18928709464        5               0.23005
167      620.75037     -  620.75037      -4.80557912573        0               0.0
168      620.76036     -  621.00037      -5.15856035555        9               0.24001
169      621.01032     -  621.32037      -5.18928709464        5               0.31005
170      621.33032     -  621.88032      -5.15856035555        9               0.55
171      621.89033     -  622.03033      -5.18928709464        5               0.14
172      622.04037     -  622.15037      -5.22860359313        13               0.11
173      622.16037     -  622.73032      -5.18928709464        5               0.56995
174      622.74036     -  622.86033      -5.22860359313        13               0.11997
175      622.87032     -  622.90033      -5.27926747047        2               0.0300100000001
176      622.91032     -  623.11037      -5.22027916292        12               0.20005
177      623.12033     -  623.21032      -5.27926747047        2               0.0899900000001
178      623.22082     -  623.51032      -5.22860359313        13               0.2895
179      623.52033     -  624.04033      -5.18928709464        5               0.52
180      624.05037     -  624.13036      -5.32592846584        6               0.07999
181      624.14037     -  624.25032      -5.17044599829        3               0.10995
182      624.26032     -  624.29033      -5.22027916292        12               0.0300100000001
183      624.30037     -  624.31032      -5.32592846584        6               0.00995
184      624.32032     -  624.48037      -5.17044599829        3               0.16005
185      624.49037     -  624.50032      -5.11060955388        8               0.00995
186      624.51033     -  624.66037      -5.15856035555        9               0.15004
187      624.67033     -  624.80037      -5.18928709464        5               0.13004
188      624.81037     -  624.82031      -5.11060955388        8               0.00993999999992
189      624.83032     -  624.84033      -5.04932951402        15               0.01001
190      624.85037     -  624.98037      -5.17044599829        3               0.13
191      624.99032     -  625.12033      -4.94557275791        4               0.13001
192      625.13032     -  625.17037      -5.04932951402        15               0.0400500000001
193      625.18037     -  625.19037      -4.94557275791        4               0.00999999999999
194      625.20037     -  625.27032      -4.78590563903        14               0.0699499999999
195      625.28037     -  625.44037      -4.94557275791        4               0.16
196      625.45032     -  625.69032      -4.78590563903        14               0.24
197      625.70037     -  625.79037      -4.94557275791        4               0.09
198      625.80033     -  625.92037      -4.78590563903        14               0.12004
199      625.93037     -  625.93037      -4.94557275791        4               0.0
200      625.94033     -  625.97059      -5.15856035555        9               0.03026
201      625.98037     -  626.00038      -4.39667787407        11               0.02001
202      626.01037     -  626.01037      -4.80557912573        0               0.0
203      626.02033     -  626.12037      -5.22027916292        12               0.10004
204      626.13032     -  626.15037      -4.47933474347        1               0.02005
205      626.16033     -  626.17128      -4.80557912573        0               0.01095
206      626.18037     -  626.20043      -4.47933474347        1               0.0200599999999
207      626.21032     -  626.21032      -4.80557912573        0               0.0
208      626.22037     -  626.26033      -5.15856035555        9               0.03996
209      626.27032     -  626.43032      -5.11060955388        8               0.16
210      626.44033     -  626.54037      -5.22027916292        12               0.10004
211      626.55037     -  626.67032      -5.27926747047        2               0.11995
212      626.68037     -  626.76037      -5.22027916292        12               0.0799999999999
213      626.77033     -  626.81033      -5.17044599829        3               0.0400000000001
214      626.82037     -  626.95041      -5.27926747047        2               0.13004
215      626.96037     -  627.04032      -5.32592846584        6               0.0799499999999
216      627.05032     -  627.22037      -5.38978341922        10               0.17005
217      627.23032     -  627.30037      -5.32592846584        6               0.07005
218      627.31037     -  627.43037      -5.27926747047        2               0.12
219      627.44036     -  627.74033      -5.22027916292        12               0.29997
220      627.75037     -  627.80033      -5.17044599829        3               0.0499600000001
221      627.81032     -  627.85032      -5.27926747047        2               0.04
222      627.86032     -  627.89032      -5.22027916292        12               0.03
223      627.90031     -  627.94037      -5.17044599829        3               0.04006
224      627.95047     -  628.00032      -5.22027916292        12               0.04985
225      628.01032     -  628.05037      -5.27926747047        2               0.0400500000001
226      628.06032     -  628.13032      -5.22027916292        12               0.0699999999999
227      628.14032     -  628.23037      -5.17044599829        3               0.09005
228      628.24037     -  628.35037      -5.22027916292        12               0.11
229      628.36037     -  628.39037      -5.17044599829        3               0.03
230      628.40037     -  628.40037      -4.80557912573        0               0.0
231      628.41032     -  628.45042      -5.15856035555        9               0.0401000000001
232      628.46032     -  628.55037      -5.11060955388        8               0.09005
233      628.56037     -  628.67122      -5.22027916292        12               0.11085
234      628.68037     -  628.74032      -5.17044599829        3               0.05995
235      628.75037     -  628.75037      -4.80557912573        0               0.0
236      628.76037     -  628.76037      -4.39667787407        11               0.0
237      628.77033     -  628.94032      -4.5773118924        7               0.16999
238      628.95041     -  629.20033      -5.15856035555        9               0.24992
239      629.21032     -  629.34033      -5.17044599829        3               0.13001
240      629.35032     -  629.47037      -5.27926747047        2               0.12005
241      629.48033     -  629.57032      -5.22027916292        12               0.0899900000001
242      629.58037     -  629.62037      -5.32592846584        6               0.04
243      629.63032     -  629.68037      -5.17044599829        3               0.0500500000001
244      629.69032     -  629.71032      -4.80557912573        0               0.02
245      629.72061     -  629.89033      -5.27926747047        2               0.16972
246      629.90033     -  629.95043      -5.22027916292        12               0.0500999999999
247      629.96031     -  630.10033      -5.27926747047        2               0.14002
248      630.11033     -  630.1406      -5.22027916292        12               0.03027
249      630.15037     -  630.30038      -5.27926747047        2               0.15001
250      630.31175     -  630.51037      -5.32592846584        6               0.19862
251      630.52036     -  630.94031      -5.27926747047        2               0.41995
252      630.95038     -  630.97033      -5.22027916292        12               0.01995
253      630.98036     -  631.34038      -5.17044599829        3               0.36002
254      631.35036     -  631.44038      -5.04932951402        15               0.09002
255      631.45036     -  631.60038      -5.11060955388        8               0.15002
256      631.61036     -  631.97033      -5.04932951402        15               0.35997
257      631.98037     -  632.11033      -5.11060955388        8               0.12996
258      632.12033     -  632.13033      -4.94557275791        4               0.00999999999999
259      632.14033     -  632.14033      -5.04932951402        15               0.0
260      632.15033     -  632.35033      -5.11060955388        8               0.2
261      632.36033     -  632.53081      -5.15856035555        9               0.17048
262      632.54031     -  632.59031      -5.11060955388        8               0.0500000000001
263      632.60092     -  632.74033      -5.15856035555        9               0.13941
264      632.75033     -  632.77033      -4.39667787407        11               0.02
265      632.78033     -  632.78033      -4.80557912573        0               0.0
266      632.79033     -  632.87037      -5.15856035555        9               0.0800399999999
267      632.88037     -  633.10037      -5.11060955388        8               0.22
268      633.11036     -  633.19032      -4.94557275791        4               0.07996
269      633.20047     -  633.23036      -4.78590563903        14               0.02989
270      633.24033     -  633.29032      -4.94557275791        4               0.04999
271      633.30037     -  633.32032      -5.15856035555        9               0.01995
272      633.33031     -  633.40037      -5.11060955388        8               0.0700599999999
273      633.41036     -  633.49032      -5.15856035555        9               0.07996
274      633.50037     -  633.51036      -5.11060955388        8               0.00999000000002
275      633.52038     -  633.57036      -5.04932951402        15               0.04998
276      633.58037     -  633.66032      -5.17044599829        3               0.0799499999999
277      633.67033     -  633.70032      -5.04932951402        15               0.02999
278      633.71033     -  633.82032      -5.17044599829        3               0.10999
279      633.83032     -  633.83032      -4.80557912573        0               0.0
280      633.84032     -  633.86037      -5.11060955388        8               0.02005
281      633.87032     -  633.87032      -4.80557912573        0               0.0
282      633.88032     -  634.00032      -5.15856035555        9               0.12
283      634.01037     -  634.04037      -5.11060955388        8               0.0300000000001
284      634.05037     -  634.07037      -4.47933474347        1               0.02
285      634.08032     -  634.09037      -5.17044599829        3               0.01005
286      634.10036     -  634.19037      -5.22027916292        12               0.09001
287      634.20042     -  634.21032      -5.17044599829        3               0.00990000000002
288      634.22032     -  634.30036      -4.94557275791        4               0.0800399999999
289      634.31037     -  634.37034      -5.04932951402        15               0.05997
290      634.38036     -  634.40036      -5.17044599829        3               0.02
291      634.41032     -  634.43037      -4.94557275791        4               0.0200500000001
292      634.44032     -  634.56036      -4.78590563903        14               0.12004
293      634.57032     -  634.59037      -5.22027916292        12               0.02005
294      634.60036     -  634.60036      -5.17044599829        3               0.0
295      634.61032     -  634.61032      -4.94557275791        4               0.0
296      634.62032     -  634.89032      -4.78590563903        14               0.27
297      634.90032     -  634.92036      -4.94557275791        4               0.02004
298      634.93032     -  634.9406      -5.17044599829        3               0.01028
299      634.95032     -  634.95032      -4.94557275791        4               0.0
300      634.96032     -  635.06036      -4.78590563903        14               0.10004
301      635.07037     -  635.11037      -4.94557275791        4               0.04
302      635.12036     -  635.53037      -4.78590563903        14               0.41001
303      635.54036     -  635.61032      -4.5773118924        7               0.06996
304      635.62032     -  635.65032      -4.94557275791        4               0.03
305      635.66032     -  635.68037      -4.5773118924        7               0.0200500000001
306      635.69032     -  635.72032      -4.94557275791        4               0.03
307      635.73037     -  635.73037      -5.04932951402        15               0.0
308      635.74036     -  635.79037      -5.11060955388        8               0.05001
309      635.80032     -  635.97032      -5.04932951402        15               0.17
310      635.98037     -  636.07037      -5.11060955388        8               0.09
311      636.08032     -  636.11036      -5.04932951402        15               0.03004
312      636.12037     -  636.17037      -5.11060955388        8               0.0500000000001
313      636.18037     -  636.23036      -5.04932951402        15               0.04999
314      636.24032     -  636.28037      -5.11060955388        8               0.04005
315      636.29036     -  636.33032      -4.47933474347        1               0.0399600000001
316      636.3405     -  636.35032      -4.80557912573        0               0.00981999999999
317      636.36037     -  636.37032      -5.17044599829        3               0.00995
318      636.38043     -  636.43032      -5.04932951402        15               0.04989
319      636.44037     -  636.47032      -4.94557275791        4               0.02995
320      636.48036     -  636.51032      -5.04932951402        15               0.02996
321      636.52037     -  636.54037      -5.17044599829        3               0.0200000000001
322      636.55037     -  636.64032      -4.94557275791        4               0.0899499999999
323      636.65037     -  636.69037      -4.78590563903        14               0.0400000000001
324      636.70036     -  636.79037      -4.94557275791        4               0.09001
325      636.80032     -  636.83037      -4.78590563903        14               0.03005
326      636.84032     -  636.86037      -4.39667787407        11               0.02005
327      636.87037     -  636.94036      -4.5773118924        7               0.0699900000001
328      636.95043     -  636.99037      -4.39667787407        11               0.03994
329      637.00032     -  637.05037      -4.78590563903        14               0.0500500000001
330      637.06032     -  637.09032      -4.39667787407        11               0.03
331      637.10032     -  637.10032      -4.5773118924        7               0.0
332      637.11032     -  637.14037      -4.39667787407        11               0.03005
333      637.15037     -  637.47037      -4.78590563903        14               0.32
334      637.48037     -  637.49032      -4.94557275791        4               0.00995
335      637.50032     -  637.55032      -4.78590563903        14               0.0500000000001
336      637.56179     -  637.56179      -4.94557275791        4               0.0
337      637.57032     -  637.65037      -5.15856035555        9               0.0800499999999
338      637.66037     -  637.67037      -4.80557912573        0               0.0100000000001
339      637.68032     -  637.68032      -4.47933474347        1               0.0
340      637.69037     -  637.69037      -4.80557912573        0               0.0
341      637.70047     -  637.77037      -5.22027916292        12               0.0699
342      637.78077     -  637.85032      -5.27926747047        2               0.06955
343      637.86037     -  637.91032      -5.22027916292        12               0.04995
344      637.92037     -  637.96032      -4.47933474347        1               0.03995
345      637.97037     -  638.03036      -4.39667787407        11               0.05999
346      638.04036     -  638.12032      -4.47933474347        1               0.07996
347      638.13032     -  638.13032      -4.80557912573        0               0.0
348      638.14037     -  638.42037      -4.47933474347        1               0.28
349      638.43032     -  638.43032      -4.80557912573        0               0.0
350      638.44032     -  638.46037      -4.47933474347        1               0.02005
351      638.47037     -  638.47037      -4.80557912573        0               0.0
352      638.48032     -  638.52037      -5.18928709464        5               0.04005
353      638.53037     -  638.60037      -4.5773118924        7               0.0700000000001
354      638.61048     -  638.63037      -5.22860359313        13               0.0198899999999
355      638.64037     -  638.70048      -4.39667787407        11               0.06011
356      638.71036     -  638.74037      -4.5773118924        7               0.0300099999999
357      638.75037     -  638.80033      -5.22860359313        13               0.0499600000001
358      638.81033     -  638.94033      -4.39667787407        11               0.13
359      638.95048     -  638.95048      -4.80557912573        0               0.0
360      638.96033     -  639.18037      -4.39667787407        11               0.22004
361      639.19046     -  639.20037      -4.80557912573        0               0.00990999999999
362      639.21037     -  639.24033      -5.11060955388        8               0.02996
363      639.25033     -  639.33033      -5.04932951402        15               0.08
364      639.34055     -  639.34055      -5.17044599829        3               0.0
365      639.35032     -  639.37036      -4.80557912573        0               0.02004
366      639.38037     -  639.60033      -4.47933474347        1               0.21996
367      639.61033     -  639.61033      -4.80557912573        0               0.0
368      639.62033     -  639.87033      -4.39667787407        11               0.25
369      639.88038     -  639.88038      -4.80557912573        0               0.0
370      639.89033     -  639.96037      -4.39667787407        11               0.0700400000001
371      639.97033     -  639.97033      -4.80557912573        0               0.0
372      639.98037     -  639.99037      -5.15856035555        9               0.00999999999999
373      640.00037     -  640.04037      -4.39667787407        11               0.0400000000001
374      640.05037     -  640.05037      -4.80557912573        0               0.0
375      640.06176     -  640.21036      -4.39667787407        11               0.1486
376      640.22033     -  640.22033      -4.80557912573        0               0.0
377      640.23031     -  640.26031      -4.39667787407        11               0.03
378      640.27032     -  640.27032      -4.80557912573        0               0.0
379      640.28082     -  640.39037      -5.15856035555        9               0.10955
380      640.40032     -  640.51037      -5.17044599829        3               0.11005
381      640.52032     -  640.67037      -5.04932951402        15               0.15005
382      640.68032     -  640.74033      -5.17044599829        3               0.0600099999999
383      640.75036     -  640.75036      -4.80557912573        0               0.0
384      640.76033     -  640.92036      -4.39667787407        11               0.16003
385      640.93038     -  640.93038      -4.80557912573        0               0.0
386      640.94032     -  641.21032      -5.17044599829        3               0.27
387      641.22033     -  641.22033      -4.80557912573        0               0.0
388      641.23032     -  641.35037      -4.47933474347        1               0.12005
389      641.36033     -  641.36033      -4.80557912573        0               0.0
390      641.37037     -  641.40037      -4.47933474347        1               0.03
391      641.41037     -  641.44037      -5.17044599829        3               0.0300000000001
392      641.45043     -  641.56182      -5.22027916292        12               0.11139
393      641.57037     -  641.72032      -4.5773118924        7               0.14995
394      641.73036     -  642.00036      -4.39667787407        11               0.27
395      642.01032     -  642.22036      -4.5773118924        7               0.21004
396      642.23032     -  642.45033      -4.39667787407        11               0.22001
397      642.46032     -  642.55033      -4.5773118924        7               0.09001
398      642.56032     -  643.10037      -4.39667787407        11               0.54005
399      643.11033     -  643.23032      -4.5773118924        7               0.11999
400      643.24032     -  643.42036      -4.39667787407        11               0.18004
401      643.43037     -  643.43037      -4.80557912573        0               0.0
402      643.44037     -  643.63032      -4.39667787407        11               0.18995
403      643.64033     -  643.67037      -4.5773118924        7               0.0300400000001
404      643.68032     -  643.68032      -5.15856035555        9               0.0
405      643.69037     -  643.69037      -4.80557912573        0               0.0
406      643.70049     -  643.70049      -4.47933474347        1               0.0
407      643.71032     -  643.74032      -4.80557912573        0               0.03
408      643.75037     -  643.89032      -4.39667787407        11               0.13995
409      643.90032     -  644.01032      -4.47933474347        1               0.11
410      644.02033     -  644.03036      -4.80557912573        0               0.01003
411      644.04033     -  644.13036      -5.22027916292        12               0.09003
412      644.14033     -  644.18032      -5.17044599829        3               0.0399900000001
413      644.19032     -  644.27036      -5.22027916292        12               0.0800399999999
414      644.2808     -  644.36032      -4.47933474347        1               0.07952
415      644.37037     -  644.37037      -4.80557912573        0               0.0
416      644.38036     -  644.39038      -4.47933474347        1               0.0100200000001
417      644.40036     -  644.41033      -4.80557912573        0               0.00997000000007
418      644.42137     -  644.61033      -4.47933474347        1               0.18896
419      644.62036     -  644.63033      -4.80557912573        0               0.00996999999995
420      644.64036     -  644.65033      -4.47933474347        1               0.00997000000007
421      644.66032     -  644.67037      -4.80557912573        0               0.0100500000001
422      644.68035     -  644.74033      -4.47933474347        1               0.05998
423      644.75037     -  644.78033      -5.27926747047        2               0.0299600000001
424      644.79037     -  644.85032      -4.47933474347        1               0.05995
425      644.86037     -  644.98037      -5.17044599829        3               0.12
426      644.99032     -  644.99032      -4.80557912573        0               0.0
427      645.00037     -  645.04033      -5.22027916292        12               0.0399600000001
428      645.05037     -  645.05037      -5.17044599829        3               0.0
429      645.06033     -  645.08037      -5.04932951402        15               0.02004
430      645.09052     -  645.12037      -5.17044599829        3               0.02985
431      645.13037     -  645.13037      -4.80557912573        0               0.0
432      645.14033     -  645.15032      -5.22027916292        12               0.00999000000002
433      645.16033     -  645.26033      -5.27926747047        2               0.0999999999999
434      645.27032     -  645.30033      -5.22860359313        13               0.0300100000001
435      645.31037     -  645.70041      -5.18928709464        5               0.39004
436      645.71032     -  645.86033      -5.22860359313        13               0.15001
437      645.87032     -  645.92033      -5.27926747047        2               0.05001
438      645.93032     -  645.97032      -4.94557275791        4               0.04
439      645.98033     -  645.98033      -5.27926747047        2               0.0
440      645.99032     -  646.04036      -5.22027916292        12               0.05004
441      646.05033     -  646.18036      -5.27926747047        2               0.13003
442      646.19037     -  646.29037      -5.22027916292        12               0.1
443      646.30032     -  646.50033      -5.32592846584        6               0.20001
444      646.51032     -  646.5611      -5.38978341922        10               0.05078
445      646.57032     -  646.66033      -5.32592846584        6               0.09001
446      646.67138     -  647.13037      -5.38978341922        10               0.45899
447      647.14037     -  647.18032      -5.32592846584        6               0.0399500000001
448      647.19037     -  647.23037      -5.27926747047        2               0.04
449      647.24037     -  647.25037      -5.22027916292        12               0.00999999999999
450      647.26037     -  647.41033      -5.27926747047        2               0.14996
451      647.42138     -  647.70033      -5.22027916292        12               0.27895
452      647.71036     -  648.82037      -5.27926747047        2               1.11001
453      648.83033     -  648.88033      -5.32592846584        6               0.05
454      648.89033     -  648.90037      -5.17044599829        3               0.01004
455      648.91037     -  649.09038      -5.27926747047        2               0.18001
456      649.10038     -  649.14033      -5.22027916292        12               0.03995
457      649.15037     -  649.36038      -5.27926747047        2               0.21001
458      649.37033     -  649.40033      -5.22027916292        12               0.0300000000001
459      649.41033     -  649.51033      -5.27926747047        2               0.0999999999999
460      649.52038     -  649.67143      -5.22027916292        12               0.15105
461      649.68036     -  649.72038      -5.17044599829        3               0.04002
462      649.73033     -  649.74036      -4.80557912573        0               0.01003
463      649.75031     -  649.87038      -5.27926747047        2               0.12007
464      649.88038     -  649.91037      -5.32592846584        6               0.02999
465      649.92037     -  650.10038      -5.27926747047        2               0.18001
466      650.11033     -  650.19033      -5.22027916292        12               0.08
467      650.20037     -  650.31038      -5.27926747047        2               0.11001
468      650.32037     -  650.34033      -4.94557275791        4               0.01996
469      650.35037     -  650.37033      -5.17044599829        3               0.01996
470      650.38033     -  650.44033      -4.94557275791        4               0.0600000000001
471      650.45045     -  650.54033      -5.17044599829        3               0.08988
472      650.55032     -  650.60033      -5.22027916292        12               0.0500099999999
473      650.61036     -  650.66036      -5.27926747047        2               0.05
474      650.67033     -  650.68032      -4.94557275791        4               0.00999000000002
475      650.69038     -  650.71038      -5.27926747047        2               0.02
476      650.72036     -  650.72036      -5.22027916292        12               0.0
477      650.73037     -  650.75061      -4.47933474347        1               0.0202400000001
478      650.76032     -  650.76032      -4.80557912573        0               0.0
479      650.77038     -  650.82032      -5.22027916292        12               0.04994
480      650.83038     -  650.86037      -5.32592846584        6               0.02999
481      650.87038     -  650.89038      -4.80557912573        0               0.0200000000001
482      650.90032     -  650.91038      -5.22027916292        12               0.0100600000001
483      650.92032     -  651.05033      -5.27926747047        2               0.13001
484      651.06032     -  651.06032      -4.47933474347        1               0.0
485      651.07033     -  651.07033      -4.80557912573        0               0.0
486      651.08032     -  651.09038      -4.47933474347        1               0.01006
487      651.10036     -  651.10036      -4.80557912573        0               0.0
488      651.11038     -  651.14036      -5.22027916292        12               0.02998
489      651.15033     -  651.15033      -4.47933474347        1               0.0
490      651.16036     -  651.16036      -4.80557912573        0               0.0
491      651.17038     -  651.24031      -5.27926747047        2               0.06993
492      651.25038     -  651.29032      -5.22027916292        12               0.03994
493      651.30033     -  651.33041      -5.32592846584        6               0.03008
494      651.34033     -  651.34033      -4.80557912573        0               0.0
495      651.35036     -  651.36038      -4.47933474347        1               0.0100199999999
496      651.37032     -  651.37032      -4.80557912573        0               0.0
497      651.38032     -  651.50032      -5.32592846584        6               0.12
498      651.51032     -  651.52033      -4.47933474347        1               0.01001
499      651.531     -  651.63032      -5.17044599829        3               0.09932
500      651.64032     -  651.64032      -4.80557912573        0               0.0
501      651.65037     -  651.68032      -5.22027916292        12               0.0299500000001
502      651.69037     -  651.76033      -5.27926747047        2               0.0699599999999
503      651.77032     -  651.88033      -5.22027916292        12               0.11001
504      651.89032     -  651.92037      -5.27926747047        2               0.0300500000001
505      651.93032     -  651.97034      -5.22027916292        12               0.0400199999999
506      651.98037     -  652.11037      -4.47933474347        1               0.13
507      652.12032     -  652.12032      -4.80557912573        0               0.0
508      652.13032     -  652.19032      -5.15856035555        9               0.0600000000001
509      652.20037     -  652.23036      -5.18928709464        5               0.02999
510      652.24033     -  652.36032      -5.32592846584        6               0.11999
511      652.37031     -  652.40032      -5.17044599829        3               0.0300099999999
512      652.41032     -  652.42149      -5.22027916292        12               0.01117
513      652.43036     -  652.64037      -5.27926747047        2               0.21001
514      652.65037     -  652.71037      -5.32592846584        6               0.0600000000001
515      652.72032     -  652.72032      -4.80557912573        0               0.0
516      652.73036     -  652.75037      -5.22027916292        12               0.02001
517      652.76037     -  652.79037      -4.47933474347        1               0.0300000000001
518      652.80037     -  652.81037      -5.17044599829        3               0.00999999999999
519      652.82037     -  652.82037      -4.80557912573        0               0.0
520      652.83032     -  652.88033      -5.27926747047        2               0.0500099999999
521      652.89032     -  652.95037      -5.22027916292        12               0.06005
522      652.96037     -  653.12033      -5.27926747047        2               0.15996
523      653.13037     -  653.15033      -5.22027916292        12               0.0199600000001
524      653.16033     -  653.23037      -5.32592846584        6               0.0700399999999
525      653.24037     -  653.27037      -5.27926747047        2               0.03
526      653.28086     -  653.42037      -5.32592846584        6               0.13951
527      653.43037     -  653.44033      -4.47933474347        1               0.00995999999998
528      653.45033     -  653.47037      -4.80557912573        0               0.02004
529      653.48037     -  653.48037      -4.47933474347        1               0.0
530      653.49037     -  653.50033      -5.32592846584        6               0.00995999999998
531      653.51037     -  653.51037      -4.80557912573        0               0.0
532      653.52037     -  653.59037      -4.47933474347        1               0.0700000000001
533      653.60037     -  653.60037      -4.80557912573        0               0.0
534      653.61037     -  653.63033      -5.27926747047        2               0.01996
535      653.64037     -  653.69033      -5.32592846584        6               0.0499600000001
536      653.70043     -  653.80033      -5.38978341922        10               0.0999
537      653.81037     -  654.08036      -5.32592846584        6               0.26999
538      654.09052     -  654.20046      -5.38978341922        10               0.10994
539      654.21031     -  654.25074      -5.11060955388        8               0.0404299999999
540      654.26037     -  654.50033      -5.04932951402        15               0.23996
541      654.51036     -  654.51036      -5.11060955388        8               0.0
542      654.52032     -  654.62037      -5.22027916292        12               0.10005
543      654.63037     -  654.98037      -5.32592846584        6               0.35
544      654.99033     -  655.26037      -5.27926747047        2               0.27004
545      655.27037     -  655.28037      -5.22027916292        12               0.00999999999999
546      655.29032     -  655.29032      -4.47933474347        1               0.0
547      655.30054     -  655.68037      -5.27926747047        2               0.37983
548      655.69032     -  655.70047      -5.22027916292        12               0.01015
549      655.71037     -  655.95032      -5.27926747047        2               0.23995
550      655.96032     -  656.09037      -5.22027916292        12               0.13005
551      656.10037     -  656.14036      -5.27926747047        2               0.03999
552      656.15033     -  656.16037      -4.47933474347        1               0.0100399999999
553      656.17148     -  656.39033      -5.27926747047        2               0.21885
554      656.40037     -  656.41037      -5.22027916292        12               0.00999999999999
555      656.42032     -  656.42032      -5.17044599829        3               0.0
556      656.43032     -  656.43032      -4.80557912573        0               0.0
557      656.44037     -  656.49033      -5.15856035555        9               0.0499599999999
558      656.50037     -  656.50037      -5.11060955388        8               0.0
559      656.51033     -  656.58032      -5.22860359313        13               0.0699900000001
560      656.59032     -  656.7004      -5.18928709464        5               0.11008
561      656.71032     -  656.71032      -4.80557912573        0               0.0
562      656.72032     -  656.85037      -5.27926747047        2               0.13005
563      656.86037     -  657.06032      -5.32592846584        6               0.19995
564      657.07037     -  657.18032      -5.27926747047        2               0.10995
565      657.19032     -  657.39032      -5.22027916292        12               0.2
566      657.40032     -  657.45041      -5.27926747047        2               0.0500900000001
567      657.46036     -  657.53091      -5.22027916292        12               0.0705499999999
568      657.54032     -  657.54032      -5.32592846584        6               0.0
569      657.55037     -  657.66032      -5.38978341922        10               0.10995
570      657.67033     -  657.67033      -4.80557912573        0               0.0
571      657.68036     -  657.68036      -4.47933474347        1               0.0
572      657.69037     -  657.76032      -5.32592846584        6               0.0699499999999
573      657.77033     -  657.85037      -5.38978341922        10               0.0800400000001
574      657.86032     -  657.86032      -4.80557912573        0               0.0
575      657.87032     -  657.87032      -5.22027916292        12               0.0
576      657.88036     -  658.01032      -5.32592846584        6               0.12996
577      658.02033     -  658.22032      -5.27926747047        2               0.19999
578      658.23037     -  658.25032      -4.94557275791        4               0.01995
579      658.26037     -  658.30037      -5.04932951402        15               0.0400000000001
580      658.31121     -  658.31121      -5.17044599829        3               0.0
581      658.32033     -  658.43032      -5.22027916292        12               0.10999
582      658.44033     -  658.75037      -5.27926747047        2               0.31004
583      658.76036     -  658.93036      -5.22027916292        12               0.17
584      658.94037     -  659.00032      -5.27926747047        2               0.05995
585      659.01037     -  659.01037      -5.32592846584        6               0.0
586      659.02032     -  659.02032      -4.80557912573        0               0.0
587      659.03037     -  659.07037      -5.22027916292        12               0.0400000000001
588      659.08032     -  659.11037      -5.32592846584        6               0.03005
589      659.12037     -  659.13037      -4.80557912573        0               0.00999999999999
590      659.14037     -  659.20032      -5.27926747047        2               0.0599500000001
591      659.21037     -  659.21037      -4.94557275791        4               0.0
592      659.22037     -  659.22037      -4.78590563903        14               0.0
593      659.23032     -  659.28037      -5.22027916292        12               0.0500499999999
594      659.29032     -  659.51032      -5.32592846584        6               0.22
595      659.52037     -  659.80033      -5.27926747047        2               0.27996
596      659.81033     -  659.86037      -5.22027916292        12               0.05004
597      659.87037     -  660.32037      -5.27926747047        2               0.45
598      660.33037     -  660.36032      -5.22027916292        12               0.02995
599      660.37033     -  660.78111      -5.27926747047        2               0.41078
600      660.79032     -  660.88036      -5.22027916292        12               0.09004
601      660.89037     -  660.92152      -5.17044599829        3               0.03115
602      660.93036     -  661.02033      -5.22027916292        12               0.08997
603      661.03037     -  661.03037      -5.17044599829        3               0.0
604      661.04037     -  661.05037      -5.04932951402        15               0.00999999999999
605      661.06114     -  661.09032      -5.17044599829        3               0.02918
606      661.10037     -  661.12032      -5.22027916292        12               0.01995
607      661.13032     -  661.18033      -5.27926747047        2               0.05001
608      661.19032     -  661.19032      -5.22027916292        12               0.0
609      661.20046     -  661.28037      -5.17044599829        3               0.0799099999999
610      661.29037     -  661.34048      -5.04932951402        15               0.0501099999999
611      661.35032     -  661.37036      -4.94557275791        4               0.02004
612      661.38033     -  661.47032      -5.15856035555        9               0.0899900000001
613      661.48037     -  661.65037      -5.11060955388        8               0.17
614      661.66032     -  661.82032      -5.04932951402        15               0.16
615      661.83037     -  661.88032      -5.11060955388        8               0.04995
616      661.89032     -  662.00037      -5.04932951402        15               0.11005
617      662.01032     -  662.06116      -5.11060955388        8               0.05084
618      662.07037     -  662.08037      -5.15856035555        9               0.00999999999999
619      662.09048     -  662.21037      -5.18928709464        5               0.11989
620      662.22032     -  662.73037      -5.22860359313        13               0.51005
621      662.74037     -  662.74037      -4.5773118924        7               0.0
622      662.75037     -  662.83041      -5.22860359313        13               0.0800400000001
623      662.84037     -  662.85032      -5.18928709464        5               0.00995
624      662.86037     -  662.95047      -5.15856035555        9               0.0901
625      662.96032     -  663.00037      -5.18928709464        5               0.04005
626      663.01037     -  663.28101      -5.22860359313        13               0.27064
627      663.29036     -  663.75036      -5.18928709464        5               0.46
628      663.76032     -  663.76032      -4.5773118924        7               0.0
629      663.77037     -  663.83032      -5.15856035555        9               0.0599500000001
630      663.84037     -  663.90037      -5.11060955388        8               0.0599999999999
631      663.91037     -  664.04035      -5.22027916292        12               0.12998
632      664.05035     -  664.18031      -5.27926747047        2               0.12996
633      664.19031     -  664.24031      -5.22027916292        12               0.0500000000001
634      664.25036     -  664.38055      -5.27926747047        2               0.13019
635      664.39037     -  664.55032      -5.32592846584        6               0.15995
636      664.5612     -  664.59037      -5.27926747047        2               0.02917
637      664.60037     -  664.71033      -5.22027916292        12               0.10996
638      664.72037     -  664.74037      -5.17044599829        3               0.02
639      664.75033     -  664.84032      -5.11060955388        8               0.0899900000001
640      664.85037     -  664.85037      -5.22027916292        12               0.0
641      664.86032     -  664.91037      -5.27926747047        2               0.0500499999999
642      664.92032     -  665.00032      -5.22027916292        12               0.08
643      665.01037     -  665.17037      -5.27926747047        2               0.16
644      665.18033     -  665.21032      -5.22027916292        12               0.02999
645      665.22033     -  665.44033      -5.32592846584        6               0.22
646      665.45047     -  665.47037      -5.17044599829        3               0.0199
647      665.48037     -  665.49031      -5.22027916292        12               0.00994000000003
648      665.50032     -  665.63032      -5.32592846584        6               0.13
649      665.64037     -  665.71032      -5.18928709464        5               0.0699500000001
650      665.72033     -  665.78097      -5.22860359313        13               0.06064
651      665.79032     -  665.89032      -5.18928709464        5               0.1
652      665.90033     -  665.97037      -5.11060955388        8               0.0700399999999
653      665.98045     -  666.02033      -5.22027916292        12               0.0398799999999
654      666.03037     -  666.07032      -5.17044599829        3               0.0399500000001
655      666.08033     -  666.08033      -5.22027916292        12               0.0
656      666.09032     -  666.33033      -5.27926747047        2               0.24001
657      666.34032     -  666.35033      -5.22027916292        12               0.01001
658      666.36032     -  666.39037      -5.17044599829        3               0.03005
659      666.40036     -  666.47033      -5.04932951402        15               0.06997
660      666.48032     -  666.54032      -5.17044599829        3               0.0599999999999
661      666.55037     -  666.57033      -4.94557275791        4               0.01996
662      666.58037     -  666.65037      -5.04932951402        15               0.0699999999999
663      666.66037     -  666.68032      -4.94557275791        4               0.0199500000001
664      666.69033     -  666.72061      -5.17044599829        3               0.0302799999999
665      666.73033     -  666.76032      -5.04932951402        15               0.02999
666      666.77037     -  666.77037      -5.17044599829        3               0.0
667      666.78032     -  666.78032      -4.94557275791        4               0.0
668      666.79037     -  666.91032      -5.04932951402        15               0.11995
669      666.92146     -  666.93036      -5.17044599829        3               0.00889999999993
670      666.94033     -  666.98032      -5.04932951402        15               0.03999
671      666.99036     -  666.99036      -4.94557275791        4               0.0
672      667.00033     -  667.04037      -5.04932951402        15               0.0400400000001
673      667.05037     -  667.14033      -5.11060955388        8               0.0899599999999
674      667.15032     -  667.25052      -5.15856035555        9               0.1002
675      667.26033     -  667.31115      -5.18928709464        5               0.05082
676      667.32037     -  667.60037      -5.22860359313        13               0.28
677      667.61032     -  667.69032      -5.18928709464        5               0.08
678      667.70042     -  667.71036      -4.80557912573        0               0.00994000000003
679      667.72037     -  667.75051      -4.39667787407        11               0.03014
680      667.76032     -  667.76032      -4.80557912573        0               0.0
681      667.77037     -  667.79032      -4.47933474347        1               0.01995
682      667.80037     -  667.80037      -4.80557912573        0               0.0
683      667.8112     -  667.82036      -4.47933474347        1               0.00916000000007
684      667.83082     -  667.84033      -4.80557912573        0               0.00950999999998
685      667.85037     -  667.86032      -4.47933474347        1               0.00995
686      667.87032     -  667.92037      -4.39667787407        11               0.0500500000001
687      667.93037     -  667.93037      -4.80557912573        0               0.0
688      667.94032     -  667.98032      -5.22027916292        12               0.04
689      667.99032     -  668.10032      -4.47933474347        1               0.11
690      668.11037     -  668.11037      -4.80557912573        0               0.0
691      668.12036     -  668.33037      -5.18928709464        5               0.21001
692      668.34037     -  668.35037      -4.80557912573        0               0.00999999999999
693      668.36037     -  668.39032      -5.17044599829        3               0.02995
694      668.40032     -  668.51032      -5.22027916292        12               0.11
695      668.52037     -  668.64037      -5.27926747047        2               0.12
696      668.65037     -  668.71032      -5.22027916292        12               0.0599500000001
697      668.72037     -  668.94033      -5.27926747047        2               0.21996
698      668.95048     -  669.03097      -5.32592846584        6               0.0804900000001
699      669.04036     -  669.58045      -5.27926747047        2               0.54009
700      669.59037     -  669.77033      -5.22027916292        12               0.17996
701      669.78096     -  669.81032      -5.27926747047        2               0.02936
702      669.82033     -  669.88037      -5.22027916292        12               0.06004
703      669.89035     -  670.21032      -5.32592846584        6               0.31997
704      670.22037     -  670.34037      -5.17044599829        3               0.12
705      670.35036     -  670.44037      -5.22027916292        12               0.09001
706      670.45046     -  670.46037      -5.17044599829        3               0.00990999999999
707      670.47036     -  670.50032      -5.04932951402        15               0.02996
708      670.51032     -  670.74037      -5.17044599829        3               0.23005
709      670.75036     -  670.82033      -5.11060955388        8               0.06997
710      670.83032     -  670.92037      -5.15856035555        9               0.09005
711      670.93036     -  670.94033      -5.11060955388        8               0.00997000000007
712      670.95032     -  670.97032      -5.04932951402        15               0.02
713      670.98033     -  670.99036      -5.11060955388        8               0.01003
714      671.00033     -  671.02033      -5.22027916292        12               0.02
715      671.03101     -  671.10033      -5.27926747047        2               0.0693199999999
716      671.11036     -  671.13037      -5.22027916292        12               0.02001
717      671.14036     -  671.16032      -5.17044599829        3               0.01996
718      671.1715     -  671.21032      -5.04932951402        15               0.03882
719      671.22037     -  671.25032      -5.11060955388        8               0.02995
720      671.26032     -  671.29032      -4.47933474347        1               0.03
721      671.30037     -  671.30037      -4.80557912573        0               0.0
722      671.31036     -  671.43036      -5.11060955388        8               0.12
723      671.44031     -  671.46032      -5.04932951402        15               0.0200100000001
724      671.47033     -  671.51032      -4.94557275791        4               0.03999
725      671.52079     -  671.63032      -5.27926747047        2               0.10953
726      671.64037     -  671.69032      -5.22027916292        12               0.0499500000001
727      671.70049     -  671.73036      -5.27926747047        2               0.0298700000001
728      671.74032     -  671.74032      -5.22027916292        12               0.0
729      671.75037     -  671.78032      -4.47933474347        1               0.02995
730      671.79033     -  671.81037      -5.17044599829        3               0.02004
731      671.82032     -  671.82032      -4.80557912573        0               0.0
732      671.83032     -  671.90032      -4.47933474347        1               0.0699999999999
733      671.91037     -  671.91037      -4.80557912573        0               0.0
734      671.92033     -  671.93036      -4.47933474347        1               0.0100299999999
735      671.94033     -  671.94033      -4.80557912573        0               0.0
736      671.95032     -  672.31033      -5.27926747047        2               0.36001
737      672.32036     -  672.32036      -5.22027916292        12               0.0
738      672.33033     -  672.43033      -5.17044599829        3               0.1
739      672.44032     -  672.48037      -5.04932951402        15               0.04005
740      672.49032     -  672.50037      -5.17044599829        3               0.01005
741      672.51036     -  672.61037      -5.04932951402        15               0.10001
742      672.62033     -  672.76031      -5.17044599829        3               0.13998
743      672.77033     -  672.94032      -5.04932951402        15               0.16999
744      672.95037     -  673.01033      -5.17044599829        3               0.0599599999999
745      673.02036     -  673.04032      -5.04932951402        15               0.01996
746      673.05033     -  673.12037      -5.11060955388        8               0.0700399999999
747      673.13037     -  673.16036      -5.15856035555        9               0.02999
748      673.17155     -  673.21037      -4.94557275791        4               0.03882
749      673.22032     -  673.23037      -5.04932951402        15               0.01005
750      673.24032     -  673.24032      -5.11060955388        8               0.0
751      673.25037     -  673.27037      -5.15856035555        9               0.02
752      673.28032     -  673.33037      -5.22860359313        13               0.0500500000001
753      673.34048     -  673.45041      -5.18928709464        5               0.10993
754      673.46032     -  673.76033      -5.15856035555        9               0.30001
755      673.77033     -  673.77033      -5.11060955388        8               0.0
756      673.78033     -  673.84047      -5.22027916292        12               0.0601399999999
757      673.85033     -  673.85033      -5.17044599829        3               0.0
758      673.86037     -  673.86037      -4.80557912573        0               0.0
759      673.87032     -  674.60037      -5.18928709464        5               0.73005
760      674.61032     -  674.65037      -5.15856035555        9               0.04005
761      674.66033     -  674.68037      -5.11060955388        8               0.02004
762      674.69037     -  674.82033      -5.04932951402        15               0.12996
763      674.83033     -  674.85037      -5.17044599829        3               0.02004
764      674.86061     -  674.94037      -5.11060955388        8               0.0797600000001
765      674.95033     -  675.04037      -5.04932951402        15               0.09004
766      675.05037     -  675.08032      -4.94557275791        4               0.02995
767      675.09033     -  675.10037      -5.04932951402        15               0.01004
768      675.11033     -  675.18032      -5.11060955388        8               0.0699900000001
769      675.19033     -  675.24032      -5.04932951402        15               0.04999
770      675.25046     -  675.44032      -5.11060955388        8               0.18986
771      675.45041     -  675.47037      -4.94557275791        4               0.01996
772      675.48032     -  675.50032      -5.04932951402        15               0.02
773      675.51037     -  675.51037      -5.17044599829        3               0.0
774      675.52032     -  675.5604      -4.94557275791        4               0.04008
775      675.57033     -  675.59038      -5.04932951402        15               0.02005
776      675.60032     -  675.63037      -5.17044599829        3               0.03005
777      675.64036     -  675.74036      -4.94557275791        4               0.1
778      675.75051     -  675.79033      -5.17044599829        3               0.0398200000001
779      675.80037     -  675.83037      -5.04932951402        15               0.03
780      675.84032     -  676.00038      -5.17044599829        3               0.16006
781      676.01033     -  676.18038      -5.11060955388        8               0.17005
782      676.19037     -  676.27037      -5.22027916292        12               0.0799999999999
783      676.28101     -  676.30033      -5.27926747047        2               0.01932
784      676.31042     -  676.51037      -5.22027916292        12               0.19995
785      676.52037     -  676.67037      -5.27926747047        2               0.15
786      676.68037     -  676.71033      -5.22027916292        12               0.02996
787      676.72037     -  676.77037      -4.47933474347        1               0.05
788      676.78032     -  676.78032      -4.80557912573        0               0.0
789      676.79044     -  676.85032      -5.22027916292        12               0.05988
790      676.86037     -  676.87033      -5.17044599829        3               0.00995999999998
791      676.88032     -  676.88032      -4.80557912573        0               0.0
792      676.89036     -  677.10036      -4.47933474347        1               0.21
793      677.11033     -  677.15032      -4.94557275791        4               0.03999
794      677.16037     -  677.16037      -5.04932951402        15               0.0
795      677.17154     -  677.21033      -5.11060955388        8               0.0387899999999
796      677.22037     -  677.22037      -4.80557912573        0               0.0
797      677.23037     -  677.31037      -5.18928709464        5               0.08
798      677.32037     -  677.51037      -5.15856035555        9               0.19
799      677.52037     -  677.57037      -5.11060955388        8               0.0500000000001
800      677.58032     -  677.60037      -4.47933474347        1               0.02005
801      677.61032     -  677.71032      -5.11060955388        8               0.1
802      677.72036     -  677.74037      -4.80557912573        0               0.02001
803      677.75033     -  677.75033      -5.11060955388        8               0.0
804      677.76032     -  677.76032      -5.04932951402        15               0.0
805      677.77033     -  677.82032      -5.11060955388        8               0.0499900000001
806      677.83037     -  677.92032      -4.47933474347        1               0.0899499999999
807      677.93037     -  677.93037      -4.80557912573        0               0.0
808      677.94032     -  678.28033      -5.11060955388        8               0.34001
809      678.29036     -  678.32037      -4.5773118924        7               0.0300100000001
810      678.33032     -  678.35032      -4.94557275791        4               0.02
811      678.36033     -  678.40037      -4.78590563903        14               0.04004
812      678.41036     -  678.49031      -4.94557275791        4               0.0799500000001
813      678.50032     -  678.51037      -5.17044599829        3               0.01005
814      678.52036     -  678.63036      -4.94557275791        4               0.11
815      678.64033     -  678.66033      -5.04932951402        15               0.0200000000001
816      678.67036     -  678.71032      -5.17044599829        3               0.0399600000001
817      678.72033     -  678.73036      -5.04932951402        15               0.01003
818      678.74033     -  678.78097      -5.11060955388        8               0.0406400000001
819      678.79036     -  678.94033      -5.15856035555        9               0.14997
820      678.95036     -  678.98037      -5.04932951402        15               0.0300099999999
821      678.99032     -  679.11032      -5.11060955388        8               0.12
822      679.12033     -  679.26033      -5.22027916292        12               0.14
823      679.27036     -  679.51036      -5.17044599829        3               0.24
824      679.52038     -  679.54037      -5.04932951402        15               0.01999
825      679.55036     -  679.69033      -5.11060955388        8               0.13997
826      679.70033     -  679.84037      -5.04932951402        15               0.14004
827      679.85038     -  679.87037      -5.11060955388        8               0.01999
828      679.88033     -  679.94033      -5.22027916292        12               0.0600000000001
829      679.95048     -  679.97066      -5.17044599829        3               0.02018
830      679.98033     -  680.03032      -5.11060955388        8               0.04999
831      680.04033     -  680.08033      -5.04932951402        15               0.04
832      680.09037     -  680.4216      -5.17044599829        3               0.33123
833      680.43033     -  680.44036      -5.04932951402        15               0.01003
834      680.45042     -  680.66033      -5.11060955388        8               0.20991
835      680.67037     -  680.84033      -5.15856035555        9               0.16996
836      680.85037     -  680.85037      -4.80557912573        0               0.0
837      680.86033     -  680.89037      -4.47933474347        1               0.03004
838      680.90038     -  680.93037      -4.80557912573        0               0.02999
839      680.94033     -  680.96033      -5.11060955388        8               0.02
840      680.97037     -  681.17032      -5.04932951402        15               0.19995
841      681.18033     -  681.22056      -4.94557275791        4               0.04023
842      681.23032     -  681.26033      -5.04932951402        15               0.0300099999999
843      681.27032     -  681.63076      -5.11060955388        8               0.36044
844      681.64046     -  681.73033      -5.15856035555        9               0.08987
845      681.74033     -  682.01033      -5.11060955388        8               0.27
846      682.02033     -  682.06045      -5.15856035555        9               0.04012
847      682.07033     -  682.14038      -5.11060955388        8               0.07005
848      682.15033     -  682.46037      -5.04932951402        15               0.31004
849      682.47036     -  682.49037      -5.11060955388        8               0.02001
850      682.50033     -  682.72037      -5.15856035555        9               0.22004
851      682.73037     -  682.76037      -5.11060955388        8               0.03
852      682.77037     -  682.84037      -5.04932951402        15               0.0700000000001
853      682.85037     -  682.96038      -4.47933474347        1               0.11001
854      682.97037     -  683.09033      -5.15856035555        9               0.11996
855      683.10033     -  683.31032      -5.11060955388        8               0.20999
856      683.32033     -  683.52037      -5.15856035555        9               0.20004
857      683.53036     -  683.63037      -5.22860359313        13               0.10001
858      683.64037     -  683.73037      -5.18928709464        5               0.09
859      683.74037     -  683.80037      -5.15856035555        9               0.0600000000001
860      683.81037     -  683.91032      -5.11060955388        8               0.0999499999999
861      683.92032     -  684.10032      -5.15856035555        9               0.18
862      684.11033     -  684.14032      -4.47933474347        1               0.02999
863      684.15032     -  684.15032      -4.80557912573        0               0.0
864      684.16037     -  684.47033      -5.15856035555        9               0.30996
865      684.48032     -  684.54037      -5.04932951402        15               0.06005
866      684.55037     -  684.56033      -5.11060955388        8               0.00995999999998
867      684.57037     -  684.59032      -5.15856035555        9               0.01995
868      684.60037     -  684.63037      -5.18928709464        5               0.03
869      684.64032     -  684.68032      -4.5773118924        7               0.0400000000001
870      684.69032     -  684.92032      -5.15856035555        9               0.23
871      684.93032     -  685.10031      -5.11060955388        8               0.16999
872      685.11037     -  685.19103      -5.04932951402        15               0.08066
873      685.20037     -  685.31032      -5.11060955388        8               0.10995
874      685.32032     -  685.79037      -5.15856035555        9               0.47005
875      685.80032     -  685.86032      -5.11060955388        8               0.0599999999999
876      685.87032     -  686.08037      -5.15856035555        9               0.21005
877      686.09032     -  686.15032      -5.11060955388        8               0.0599999999999
878      686.16037     -  686.18032      -5.04932951402        15               0.0199500000001
879      686.19037     -  686.36037      -5.11060955388        8               0.17
880      686.37037     -  686.40032      -5.04932951402        15               0.02995
881      686.41032     -  686.56033      -5.11060955388        8               0.15001
882      686.57032     -  686.63037      -5.22027916292        12               0.0600499999999
883      686.64032     -  686.68037      -4.47933474347        1               0.0400500000001
884      686.69032     -  686.69032      -4.80557912573        0               0.0
885      686.70048     -  686.92162      -5.18928709464        5               0.22114
886      686.93032     -  686.95032      -4.5773118924        7               0.02
887      686.96032     -  687.05032      -5.15856035555        9               0.09
888      687.06032     -  687.07032      -5.17044599829        3               0.00999999999999
889      687.08032     -  687.10037      -4.80557912573        0               0.02005
890      687.11032     -  687.27032      -5.15856035555        9               0.16
891      687.28032     -  687.29037      -5.04932951402        15               0.0100500000001
892      687.30037     -  687.30037      -5.17044599829        3               0.0
893      687.31037     -  687.31037      -4.80557912573        0               0.0
894      687.32032     -  687.39037      -5.11060955388        8               0.0700499999999
895      687.40037     -  687.40037      -4.47933474347        1               0.0
896      687.41032     -  687.42037      -4.80557912573        0               0.0100500000001
897      687.43032     -  687.69037      -5.18928709464        5               0.26005
898      687.70032     -  687.70032      -4.80557912573        0               0.0
899      687.71037     -  687.71037      -4.47933474347        1               0.0
900      687.72032     -  687.72032      -4.80557912573        0               0.0
901      687.73032     -  687.93032      -5.15856035555        9               0.2
902      687.94037     -  688.15037      -5.18928709464        5               0.21
903      688.16032     -  688.30037      -5.11060955388        8               0.14005
904      688.31036     -  688.37037      -5.04932951402        15               0.06001
905      688.38037     -  688.5304      -5.11060955388        8               0.15003
906      688.54037     -  688.63036      -5.15856035555        9               0.0899899999999
907      688.64037     -  688.98037      -5.11060955388        8               0.34
908      688.99032     -  688.99032      -5.04932951402        15               0.0
909      689.00037     -  689.14045      -5.11060955388        8               0.14008
910      689.15032     -  689.39036      -5.15856035555        9               0.24004
911      689.40032     -  689.43032      -5.11060955388        8               0.0300000000001
912      689.44037     -  689.45032      -4.47933474347        1               0.00995
913      689.46037     -  689.58032      -5.17044599829        3               0.11995
914      689.59032     -  689.59032      -4.80557912573        0               0.0
915      689.60036     -  689.99037      -5.15856035555        9               0.39001
916      690.00036     -  690.24032      -5.18928709464        5               0.23996
917      690.25037     -  690.38032      -5.22860359313        13               0.12995
918      690.39032     -  690.59032      -5.18928709464        5               0.2
919      690.60037     -  690.71032      -5.15856035555        9               0.10995
920      690.72032     -  690.73031      -4.80557912573        0               0.00999000000002
921      690.74037     -  690.90037      -5.11060955388        8               0.16
922      690.91036     -  690.91036      -4.80557912573        0               0.0
923      690.92037     -  690.94037      -4.47933474347        1               0.02
924      690.95035     -  691.00033      -4.94557275791        4               0.04998
925      691.01036     -  691.08037      -5.04932951402        15               0.07001
926      691.09032     -  691.17032      -4.47933474347        1               0.0799999999999
927      691.18037     -  691.20032      -5.11060955388        8               0.01995
928      691.21032     -  691.27037      -4.47933474347        1               0.0600499999999
929      691.28032     -  691.40037      -5.17044599829        3               0.12005
930      691.41036     -  691.41036      -4.80557912573        0               0.0
931      691.42164     -  691.50037      -5.15856035555        9               0.07873
932      691.51036     -  691.53097      -5.11060955388        8               0.02061
933      691.54037     -  691.71036      -5.15856035555        9               0.16999
934      691.72036     -  691.74036      -5.11060955388        8               0.02
935      691.75043     -  691.78115      -4.47933474347        1               0.03072
936      691.79037     -  691.79037      -4.80557912573        0               0.0
937      691.80036     -  692.04036      -5.18928709464        5               0.24
938      692.05037     -  692.10036      -4.5773118924        7               0.04999
939      692.11032     -  692.18032      -5.15856035555        9               0.0700000000001
940      692.19037     -  692.25033      -5.11060955388        8               0.0599599999999
941      692.26036     -  692.35032      -4.47933474347        1               0.08996
942      692.36033     -  692.36033      -4.80557912573        0               0.0
943      692.37036     -  692.46032      -5.04932951402        15               0.08996
944      692.47036     -  692.51032      -4.39667787407        11               0.03996
945      692.52032     -  692.53032      -4.80557912573        0               0.00999999999999
946      692.54037     -  692.77037      -5.18928709464        5               0.23
947      692.78109     -  692.99037      -5.15856035555        9               0.20928
948      693.00036     -  693.30037      -5.18928709464        5               0.30001
949      693.31036     -  693.36032      -5.11060955388        8               0.0499600000001
950      693.37036     -  693.38037      -5.04932951402        15               0.01001
951      693.39036     -  693.44037      -5.11060955388        8               0.05001
952      693.45037     -  693.53036      -4.47933474347        1               0.07999
953      693.54037     -  693.57032      -4.39667787407        11               0.02995
954      693.58037     -  693.58037      -4.94557275791        4               0.0
955      693.59032     -  693.63032      -5.04932951402        15               0.04
956      693.64049     -  693.71032      -5.11060955388        8               0.06983
957      693.72037     -  693.72037      -4.80557912573        0               0.0
958      693.73031     -  693.89032      -5.11060955388        8               0.16001
959      693.90037     -  693.92037      -4.47933474347        1               0.0200000000001
960      693.93037     -  693.93037      -4.80557912573        0               0.0
961      693.94032     -  693.94032      -4.47933474347        1               0.0
962      693.95032     -  693.95032      -4.80557912573        0               0.0
963      693.96032     -  694.06045      -5.15856035555        9               0.10013
964      694.07037     -  694.07037      -4.80557912573        0               0.0
965      694.08032     -  694.18032      -5.15856035555        9               0.1
966      694.19032     -  694.30032      -5.11060955388        8               0.11
967      694.31037     -  694.62037      -5.15856035555        9               0.31
968      694.63033     -  694.63033      -4.80557912573        0               0.0
969      694.64032     -  694.86032      -5.18928709464        5               0.22
970      694.87037     -  694.88032      -4.5773118924        7               0.00995
971      694.89037     -  695.22032      -5.15856035555        9               0.32995
972      695.23031     -  695.27032      -5.11060955388        8               0.0400099999999
973      695.28106     -  695.28106      -4.80557912573        0               0.0
974      695.29031     -  695.29031      -4.47933474347        1               0.0
975      695.30037     -  695.32036      -4.80557912573        0               0.01999
976      695.3308     -  695.36033      -5.11060955388        8               0.02953
977      695.37037     -  695.38032      -5.04932951402        15               0.00995
978      695.39045     -  695.41037      -5.17044599829        3               0.01992
979      695.42172     -  695.43032      -4.80557912573        0               0.0086
980      695.44036     -  695.62033      -5.18928709464        5               0.17997
981      695.63032     -  695.70037      -5.15856035555        9               0.07005
982      695.71032     -  695.78037      -4.47933474347        1               0.0700499999999
983      695.79032     -  695.79032      -4.80557912573        0               0.0
984      695.80032     -  695.81036      -5.22027916292        12               0.0100399999999
985      695.82032     -  695.89052      -5.27926747047        2               0.0702
986      695.90032     -  695.99032      -5.22027916292        12               0.09
987      696.00032     -  696.05036      -5.17044599829        3               0.05004
988      696.06037     -  696.06037      -4.80557912573        0               0.0
989      696.07036     -  696.09032      -5.15856035555        9               0.01996
990      696.10037     -  696.10037      -4.47933474347        1               0.0
991      696.11032     -  696.11032      -4.80557912573        0               0.0
992      696.12032     -  696.15032      -5.18928709464        5               0.03
993      696.16037     -  696.22037      -4.5773118924        7               0.0600000000001
994      696.23031     -  696.32039      -5.15856035555        9               0.0900799999999
995      696.33032     -  696.41032      -5.11060955388        8               0.0799999999999
996      696.42032     -  696.54032      -5.15856035555        9               0.12
997      696.55037     -  696.55037      -5.11060955388        8               0.0
998      696.56032     -  696.57037      -4.47933474347        1               0.01005
999      696.58036     -  696.58036      -4.80557912573        0               0.0
1000      696.59037     -  696.65032      -5.15856035555        9               0.05995
1001      696.66032     -  696.67037      -5.11060955388        8               0.0100500000001
1002      696.68036     -  696.83037      -5.22860359313        13               0.15001
1003      696.84036     -  696.86044      -5.18928709464        5               0.02008
1004      696.87032     -  696.87032      -4.80557912573        0               0.0
1005      696.88032     -  696.96031      -5.18928709464        5               0.0799900000001
1006      696.9706     -  697.07032      -5.22860359313        13               0.09972
1007      697.08032     -  698.80032      -5.18928709464        5               1.72
1008      698.81032     -  699.20031      -5.22860359313        13               0.38999
1009      699.21032     -  699.31031      -5.18928709464        5               0.0999899999999
1010      699.32032     -  699.43032      -5.22860359313        13               0.11
1011      699.44032     -  699.53032      -5.18928709464        5               0.0899999999999
1012      699.54032     -  699.56036      -4.5773118924        7               0.02004
1013      699.57032     -  699.61033      -5.15856035555        9               0.0400099999999
1014      699.62032     -  699.79077      -5.18928709464        5               0.17045
 
Means and total domain of each hidden state
---------------------------------------
0th hidden state
total number with this hidden state =  110
mean =  [-4.80557913]
total time_domain =  0.39894

1th hidden state
total number with this hidden state =  66
mean =  [-4.47933474]
total time_domain =  3.20863

2th hidden state
total number with this hidden state =  88
mean =  [-5.27926747]
total time_domain =  12.34435

3th hidden state
total number with this hidden state =  95
mean =  [-5.170446]
total time_domain =  5.74884

4th hidden state
total number with this hidden state =  55
mean =  [-4.94557276]
total time_domain =  3.10862

5th hidden state
total number with this hidden state =  58
mean =  [-5.18928709]
total time_domain =  13.41264

6th hidden state
total number with this hidden state =  42
mean =  [-5.32592847]
total time_domain =  4.78096

7th hidden state
total number with this hidden state =  24
mean =  [-4.57731189]
total time_domain =  1.64011

8th hidden state
total number with this hidden state =  110
mean =  [-5.11060955]
total time_domain =  9.07116

9th hidden state
total number with this hidden state =  84
mean =  [-5.15856036]
total time_domain =  11.74755

10th hidden state
total number with this hidden state =  9
mean =  [-5.38978342]
total time_domain =  1.41964

11th hidden state
total number with this hidden state =  27
mean =  [-4.39667787]
total time_domain =  3.01896

12th hidden state
total number with this hidden state =  113
mean =  [-5.22027916]
total time_domain =  7.45344

13th hidden state
total number with this hidden state =  29
mean =  [-5.22860359]
total time_domain =  4.17129

14th hidden state
total number with this hidden state =  16
mean =  [-4.78590564]
total time_domain =  1.95007

15th hidden state
total number with this hidden state =  89
mean =  [-5.04932951]
total time_domain =  6.15904

