Number of Rows
--------------
9577
 
Hidden States
-------------
[0 0 0 ... 3 3 3]
 
Record of all hidden state
**********************************
No.     TIME Start  -  TIME End      VALUE           Hidden State {}th       Time domain
0      400.01036     -  400.06037      -4.55596711243        0               0.05001
1      400.07032     -  400.23037      -4.58270180219        14               0.16005
2      400.24031     -  400.33036      -4.55596711243        0               0.09005
3      400.34033     -  400.64062      -4.58270180219        14               0.30029
4      400.65037     -  400.69033      -4.61426278213        13               0.03996
5      400.70033     -  400.72033      -4.55596711243        0               0.02
6      400.73037     -  400.89033      -4.58270180219        14               0.15996
7      400.90033     -  401.14037      -4.55596711243        0               0.24004
8      401.15037     -  401.18033      -4.50551687858        9               0.02996
9      401.19037     -  401.24032      -4.47954446602        2               0.04995
10      401.25037     -  401.25037      -4.50551687858        9               0.0
11      401.26033     -  401.32037      -4.52127539614        5               0.06004
12      401.33037     -  402.02033      -4.55596711243        0               0.68996
13      402.03032     -  402.06118      -4.58270180219        14               0.03086
14      402.07036     -  402.33037      -4.55596711243        0               0.26001
15      402.34032     -  402.71035      -4.58270180219        14               0.37003
16      402.72035     -  402.78031      -4.55596711243        0               0.05996
17      402.79031     -  402.86032      -4.58270180219        14               0.07001
18      402.87032     -  402.90031      -4.41672488048        8               0.02999
19      402.91031     -  402.98036      -4.49409049655        4               0.07005
20      402.99031     -  403.02037      -4.58270180219        14               0.03006
21      403.03033     -  403.05032      -4.55596711243        0               0.01999
22      403.06036     -  403.06036      -4.52127539614        5               0.0
23      403.07037     -  403.11031      -4.55596711243        0               0.03994
24      403.12031     -  403.21031      -4.52127539614        5               0.09
25      403.22036     -  403.22036      -4.61426278213        13               0.0
26      403.23031     -  403.32037      -4.55596711243        0               0.0900600000001
27      403.33033     -  403.37035      -4.52127539614        5               0.04002
28      403.38035     -  403.41035      -4.37773369596        3               0.03
29      403.42035     -  403.42035      -4.72738121201        7               0.0
30      403.43035     -  403.58035      -4.55596711243        0               0.15
31      403.59036     -  403.64034      -4.58270180219        14               0.04998
32      403.65036     -  403.71031      -4.52127539614        5               0.05995
33      403.72031     -  403.76033      -4.55596711243        0               0.04002
34      403.77036     -  403.81033      -4.58270180219        14               0.03997
35      403.82036     -  403.95032      -4.55596711243        0               0.12996
36      403.96037     -  405.29031      -4.58270180219        14               1.32994
37      405.30031     -  405.35031      -4.55596711243        0               0.05
38      405.36031     -  405.43031      -4.58270180219        14               0.07
39      405.44031     -  405.65035      -4.61426278213        13               0.21004
40      405.66035     -  405.96032      -4.58270180219        14               0.29997
41      405.97035     -  406.15036      -4.55596711243        0               0.18001
42      406.16032     -  406.61035      -4.58270180219        14               0.45003
43      406.62031     -  406.77035      -4.61426278213        13               0.15004
44      406.78036     -  406.85031      -4.55596711243        0               0.06995
45      406.86031     -  407.32031      -4.58270180219        14               0.46
46      407.33033     -  407.33033      -4.55596711243        0               0.0
47      407.34036     -  407.40031      -4.52127539614        5               0.05995
48      407.41031     -  407.43035      -4.49409049655        4               0.02004
49      407.44031     -  407.50035      -4.61426278213        13               0.06004
50      407.51035     -  407.54031      -4.55596711243        0               0.02996
51      407.55031     -  407.67033      -4.52127539614        5               0.12002
52      407.68033     -  407.70031      -4.61426278213        13               0.01998
53      407.71031     -  407.75035      -4.52127539614        5               0.04004
54      407.76035     -  407.81036      -4.61426278213        13               0.05001
55      407.82031     -  407.86059      -4.52127539614        5               0.04028
56      407.87076     -  407.96031      -4.72738121201        7               0.08955
57      407.97036     -  407.98031      -4.61426278213        13               0.00994999999995
58      407.99031     -  408.20031      -4.55596711243        0               0.21
59      408.21031     -  408.21031      -4.47954446602        2               0.0
60      408.22031     -  408.37035      -4.45595661471        10               0.15004
61      408.38036     -  408.47031      -4.41672488048        8               0.08995
62      408.48031     -  408.63035      -4.45595661471        10               0.15004
63      408.64031     -  408.89032      -4.47954446602        2               0.25001
64      408.90032     -  408.90032      -4.41672488048        8               0.0
65      408.91036     -  409.31031      -4.47954446602        2               0.39995
66      409.32031     -  409.51036      -4.50551687858        9               0.19005
67      409.52031     -  409.62032      -4.47954446602        2               0.10001
68      409.63031     -  409.68032      -4.50551687858        9               0.05001
69      409.69036     -  409.78036      -4.47954446602        2               0.09
70      409.79035     -  409.79035      -4.50551687858        9               0.0
71      409.80035     -  409.96037      -4.47954446602        2               0.16002
72      409.97036     -  410.02031      -4.50551687858        9               0.04995
73      410.03035     -  410.08035      -4.47954446602        2               0.05
74      410.09036     -  410.18035      -4.50551687858        9               0.08999
75      410.19036     -  410.27037      -4.47954446602        2               0.08001
76      410.281     -  410.80037      -4.50551687858        9               0.51937
77      410.81041     -  410.95037      -4.47954446602        2               0.13996
78      410.96037     -  411.28035      -4.50551687858        9               0.31998
79      411.29031     -  411.62031      -4.47954446602        2               0.33
80      411.63031     -  411.65036      -4.55596711243        0               0.02005
81      411.66035     -  411.78102      -4.47954446602        2               0.12067
82      411.79036     -  411.81031      -4.50551687858        9               0.01995
83      411.82031     -  411.93031      -4.47954446602        2               0.11
84      411.94031     -  411.96031      -4.50551687858        9               0.02
85      411.97031     -  412.56037      -4.47954446602        2               0.59006
86      412.57037     -  412.59037      -4.50551687858        9               0.02
87      412.60037     -  412.75031      -4.47954446602        2               0.14994
88      412.76035     -  412.78033      -4.55596711243        0               0.01998
89      412.79031     -  413.03031      -4.47954446602        2               0.24
90      413.04031     -  413.17031      -4.50551687858        9               0.13
91      413.18035     -  413.27031      -4.47954446602        2               0.08996
92      413.28035     -  413.29036      -4.45595661471        10               0.01001
93      413.30035     -  413.31031      -4.49409049655        4               0.00996000000004
94      413.32031     -  413.89031      -4.45595661471        10               0.57
95      413.90035     -  413.93031      -4.49409049655        4               0.02996
96      413.94031     -  413.96031      -4.45595661471        10               0.02
97      413.97031     -  414.00033      -4.47954446602        2               0.03002
98      414.01037     -  414.05037      -4.41672488048        8               0.04
99      414.06035     -  414.10031      -4.45595661471        10               0.03996
100      414.11035     -  414.17158      -4.47954446602        2               0.06123
101      414.18031     -  414.63035      -4.55596711243        0               0.45004
102      414.64049     -  414.69033      -4.52127539614        5               0.04984
103      414.70031     -  414.99031      -4.55596711243        0               0.29
104      415.00031     -  415.04035      -4.61426278213        13               0.04004
105      415.05037     -  415.12035      -4.55596711243        0               0.06998
106      415.13037     -  415.17036      -4.52127539614        5               0.03999
107      415.18035     -  415.22037      -4.55596711243        0               0.04002
108      415.23037     -  415.26032      -4.52127539614        5               0.02995
109      415.27036     -  415.31046      -4.61426278213        13               0.0401
110      415.32031     -  415.55036      -4.49409049655        4               0.23005
111      415.56033     -  415.57036      -4.45595661471        10               0.01003
112      415.58033     -  415.74031      -4.47954446602        2               0.15998
113      415.75031     -  415.75031      -4.55596711243        0               0.0
114      415.76036     -  415.81036      -4.52127539614        5               0.05
115      415.82036     -  415.87031      -4.55596711243        0               0.04995
116      415.88031     -  416.00037      -4.58270180219        14               0.12006
117      416.01031     -  416.12037      -4.52127539614        5               0.11006
118      416.13037     -  416.13037      -4.61426278213        13               0.0
119      416.14032     -  416.29035      -4.52127539614        5               0.15003
120      416.30035     -  416.34031      -4.55596711243        0               0.03996
121      416.35031     -  416.36031      -4.61426278213        13               0.01
122      416.37035     -  416.44035      -4.55596711243        0               0.0700000000001
123      416.45046     -  416.66031      -4.52127539614        5               0.20985
124      416.67154     -  416.73036      -4.47954446602        2               0.05882
125      416.74037     -  416.82031      -4.55596711243        0               0.07994
126      416.83031     -  416.88031      -4.47954446602        2               0.05
127      416.89031     -  417.09036      -4.41672488048        8               0.20005
128      417.10031     -  417.10031      -4.37773369596        3               0.0
129      417.11031     -  417.56047      -4.49409049655        4               0.45016
130      417.57031     -  417.61037      -4.61426278213        13               0.04006
131      417.62036     -  417.66033      -4.52127539614        5               0.03997
132      417.67033     -  417.7004      -4.72738121201        7               0.03007
133      417.71031     -  417.72031      -4.61426278213        13               0.00999999999999
134      417.73036     -  417.80036      -4.37773369596        3               0.07
135      417.81042     -  417.88033      -4.61426278213        13               0.06991
136      417.89037     -  417.93031      -4.72738121201        7               0.03994
137      417.94031     -  418.04031      -4.61426278213        13               0.1
138      418.05031     -  418.08036      -4.37773369596        3               0.03005
139      418.09035     -  418.26032      -4.61426278213        13               0.16997
140      418.27033     -  418.28033      -4.52127539614        5               0.00999999999999
141      418.29033     -  418.31031      -4.61426278213        13               0.01998
142      418.34288     -  418.62063      -4.01937338782        6               0.27775
143      418.63067     -  418.65063      -3.97900938086        11               0.01996
144      418.66063     -  418.67431      -4.01937338782        6               0.01368
145      418.68063     -  418.95069      -3.97900938086        11               0.27006
146      418.96324     -  419.11067      -4.01937338782        6               0.14743
147      419.12067     -  419.26063      -4.0613676907        1               0.13996
148      419.27063     -  419.27063      -4.01937338782        6               0.0
149      419.28063     -  419.32063      -3.97900938086        11               0.04
150      419.33064     -  419.37143      -4.01937338782        6               0.04079
151      419.38064     -  419.52069      -3.97900938086        11               0.14005
152      419.53068     -  419.61065      -4.01937338782        6               0.07997
153      419.62063     -  419.65173      -4.0613676907        1               0.0311
154      419.68714     -  419.83063      -4.01937338782        6               0.14349
155      419.84067     -  419.98067      -3.97900938086        11               0.14
156      419.99063     -  419.99063      -4.01937338782        6               0.0
157      420.00063     -  420.57067      -3.97900938086        11               0.57004
158      420.58208     -  420.61063      -4.01937338782        6               0.02855
159      420.62063     -  420.66031      -4.0613676907        1               0.03968
160      420.69632     -  420.83069      -3.97900938086        11               0.13437
161      420.84092     -  420.8908      -4.01937338782        6               0.04988
162      420.90064     -  421.24067      -3.97900938086        11               0.34003
163      421.25067     -  421.33063      -3.90066584827        15               0.07996
164      421.34063     -  421.49069      -3.97900938086        11               0.15006
165      421.51582     -  421.51582      -4.16005301082        12               0.0
166      421.55475     -  421.56214      -4.0613676907        1               0.00738999999999
167      421.57069     -  421.66063      -3.97900938086        11               0.08994
168      421.68564     -  421.68564      -4.16005301082        12               0.0
169      421.69209     -  421.70079      -4.0613676907        1               0.00869999999998
170      421.71069     -  421.73063      -3.90066584827        15               0.01994
171      421.74063     -  421.74063      -4.01937338782        6               0.0
172      421.75067     -  421.85067      -3.97900938086        11               0.1
173      421.86133     -  421.92063      -4.01937338782        6               0.0593
174      421.93064     -  421.96064      -3.97900938086        11               0.03
175      421.97069     -  422.01069      -4.01937338782        6               0.04
176      422.02064     -  422.19063      -3.97900938086        11               0.16999
177      422.20063     -  422.20063      -4.01937338782        6               0.0
178      422.21067     -  422.43068      -3.97900938086        11               0.22001
179      422.44069     -  422.51068      -4.01937338782        6               0.06999
180      422.52067     -  422.88063      -3.97900938086        11               0.35996
181      422.89063     -  422.92063      -4.01937338782        6               0.03
182      422.93063     -  423.02067      -3.97900938086        11               0.09004
183      423.03063     -  423.05067      -4.01937338782        6               0.0200400000001
184      423.06063     -  423.13154      -3.97900938086        11               0.07091
185      423.1407     -  423.32069      -4.01937338782        6               0.17999
186      423.34585     -  423.37032      -4.72738121201        7               0.02447
187      423.38032     -  423.53102      -4.61426278213        13               0.1507
188      423.54037     -  423.55036      -4.52127539614        5               0.00999000000002
189      423.56048     -  423.56048      -4.61426278213        13               0.0
190      423.57031     -  423.63037      -4.55596711243        0               0.06006
191      423.64037     -  423.65037      -4.61426278213        13               0.00999999999999
192      423.66037     -  423.66037      -4.72738121201        7               0.0
193      423.67161     -  423.67161      -4.61426278213        13               0.0
194      423.68032     -  423.95042      -4.49409049655        4               0.2701
195      423.96032     -  423.97032      -4.37773369596        3               0.00999999999999
196      423.98032     -  424.06048      -4.61426278213        13               0.08016
197      424.07032     -  424.10036      -4.72738121201        7               0.03004
198      424.11055     -  424.17175      -4.61426278213        13               0.0612
199      424.18032     -  424.21037      -4.72738121201        7               0.03005
200      424.22033     -  424.23032      -4.37773369596        3               0.00999000000002
201      424.24037     -  424.27033      -4.72738121201        7               0.02996
202      424.28102     -  424.30032      -4.37773369596        3               0.0193
203      424.31038     -  424.32037      -4.61426278213        13               0.00999000000002
204      424.33032     -  424.35032      -4.72738121201        7               0.02
205      424.36074     -  424.50079      -4.58270180219        14               0.14005
206      424.51037     -  424.52037      -4.61426278213        13               0.00999999999999
207      424.53037     -  424.55032      -4.72738121201        7               0.01995
208      424.56043     -  424.57037      -4.61426278213        13               0.00994000000003
209      424.58033     -  424.59031      -4.37773369596        3               0.00997999999998
210      424.60036     -  424.71037      -4.72738121201        7               0.11001
211      424.72037     -  424.77032      -4.61426278213        13               0.04995
212      424.781     -  424.781      -4.37773369596        3               0.0
213      424.79031     -  424.81032      -4.61426278213        13               0.02001
214      424.82037     -  424.83037      -4.37773369596        3               0.00999999999999
215      424.84037     -  424.91033      -4.72738121201        7               0.06996
216      424.92037     -  424.92037      -4.37773369596        3               0.0
217      424.93037     -  424.94033      -4.72738121201        7               0.00996000000004
218      424.95045     -  424.99037      -4.61426278213        13               0.03992
219      425.00037     -  425.01032      -4.72738121201        7               0.00995
220      425.02032     -  425.07037      -4.61426278213        13               0.05005
221      425.08037     -  425.17156      -4.72738121201        7               0.09119
222      425.18031     -  425.32037      -4.61426278213        13               0.14006
223      425.33037     -  425.37037      -4.52127539614        5               0.04
224      425.38037     -  425.75037      -4.49409049655        4               0.37
225      425.76037     -  425.88033      -4.58270180219        14               0.11996
226      425.89036     -  426.06043      -4.61426278213        13               0.17007
227      426.07033     -  426.09037      -4.37773369596        3               0.02004
228      426.10037     -  426.10037      -4.72738121201        7               0.0
229      426.11037     -  426.16037      -4.61426278213        13               0.05
230      426.17033     -  426.34036      -4.52127539614        5               0.17003
231      426.35032     -  426.39046      -4.72738121201        7               0.04014
232      426.40037     -  426.40037      -4.61426278213        13               0.0
233      426.41037     -  426.62032      -4.52127539614        5               0.20995
234      426.63037     -  426.63037      -4.61426278213        13               0.0
235      426.64037     -  426.65032      -4.72738121201        7               0.00995
236      426.66036     -  426.67157      -4.52127539614        5               0.0112099999999
237      426.68031     -  426.71036      -4.72738121201        7               0.03005
238      426.72032     -  427.17157      -4.52127539614        5               0.45125
239      427.18036     -  427.22037      -4.61426278213        13               0.04001
240      427.23037     -  427.24037      -4.52127539614        5               0.00999999999999
241      427.25032     -  427.28032      -4.55596711243        0               0.03
242      427.29037     -  427.34032      -4.58270180219        14               0.04995
243      427.35032     -  427.38032      -4.55596711243        0               0.03
244      427.39043     -  427.40031      -4.61426278213        13               0.00988000000001
245      427.41037     -  427.60037      -4.52127539614        5               0.19
246      427.61084     -  427.82037      -4.55596711243        0               0.20953
247      427.83032     -  427.90037      -4.61426278213        13               0.07005
248      427.91038     -  428.14046      -4.55596711243        0               0.23008
249      428.15037     -  428.40032      -4.52127539614        5               0.24995
250      428.41032     -  428.42032      -4.61426278213        13               0.00999999999999
251      428.43032     -  428.47032      -4.52127539614        5               0.04
252      428.48032     -  428.93037      -4.55596711243        0               0.45005
253      428.94037     -  428.95033      -4.52127539614        5               0.00996000000004
254      428.96032     -  429.17166      -4.61426278213        13               0.21134
255      429.18036     -  429.20042      -4.55596711243        0               0.02006
256      429.21033     -  429.28105      -4.52127539614        5               0.07072
257      429.29037     -  429.70048      -4.55596711243        0               0.41011
258      429.71036     -  429.71036      -4.61426278213        13               0.0
259      429.72037     -  429.79037      -4.55596711243        0               0.07
260      429.80033     -  429.81043      -4.52127539614        5               0.0101
261      429.82033     -  429.91033      -4.55596711243        0               0.09
262      429.92033     -  430.00037      -4.47954446602        2               0.08004
263      430.01033     -  430.49037      -4.50551687858        9               0.48004
264      430.50037     -  430.87037      -4.52127539614        5               0.37
265      430.88032     -  430.90032      -4.55596711243        0               0.02
266      430.91032     -  430.94037      -4.16005301082        12               0.03005
267      430.95037     -  431.01032      -4.37773369596        3               0.05995
268      431.02032     -  431.24032      -4.49409049655        4               0.22
269      431.25037     -  431.41037      -4.16005301082        12               0.16
270      431.42158     -  431.68643      -4.0613676907        1               0.26485
271      431.70033     -  431.71038      -4.16005301082        12               0.01005
272      431.72038     -  431.73038      -4.0613676907        1               0.01
273      431.74033     -  431.81214      -4.01937338782        6               0.07181
274      431.83665     -  431.83665      -4.37773369596        3               0.0
275      431.84031     -  431.88037      -4.0613676907        1               0.04006
276      431.89033     -  431.92032      -4.16005301082        12               0.02999
277      431.93037     -  431.94032      -4.0613676907        1               0.00995
278      431.95041     -  431.98037      -4.16005301082        12               0.02996
279      431.99037     -  432.09657      -4.0613676907        1               0.1062
280      432.11065     -  432.19069      -4.01937338782        6               0.08004
281      432.20078     -  432.22777      -4.0613676907        1               0.02699
282      432.24064     -  432.30126      -4.01937338782        6               0.06062
283      432.32577     -  432.41033      -4.37773369596        3               0.08456
284      432.4216     -  432.47069      -4.0613676907        1               0.04909
285      432.48064     -  432.54068      -3.90066584827        15               0.06004
286      432.55069     -  432.69065      -3.97900938086        11               0.13996
287      432.70064     -  432.80065      -4.01937338782        6               0.10001
288      432.81065     -  432.99064      -4.0613676907        1               0.17999
289      433.01578     -  433.03037      -4.16005301082        12               0.01459
290      433.04037     -  433.08033      -4.0613676907        1               0.03996
291      433.09033     -  433.11033      -4.16005301082        12               0.02
292      433.12037     -  433.14049      -4.0613676907        1               0.02012
293      433.17403     -  433.22037      -4.37773369596        3               0.04634
294      433.26464     -  433.29069      -4.0613676907        1               0.02605
295      433.31521     -  433.43037      -4.37773369596        3               0.11516
296      433.44032     -  433.49037      -4.16005301082        12               0.05005
297      433.50037     -  433.51037      -4.37773369596        3               0.01
298      433.52037     -  433.54037      -4.16005301082        12               0.02
299      433.55032     -  433.58037      -4.37773369596        3               0.03005
300      433.59037     -  433.59037      -4.0613676907        1               0.0
301      433.60037     -  433.66069      -4.01937338782        6               0.06032
302      433.6921     -  434.04031      -4.37773369596        3               0.34821
303      434.05031     -  434.20037      -4.0613676907        1               0.15006
304      434.21037     -  434.25037      -4.16005301082        12               0.04
305      434.26032     -  434.26032      -4.0613676907        1               0.0
306      434.27037     -  434.29032      -4.37773369596        3               0.01995
307      434.30037     -  434.71032      -4.0613676907        1               0.40995
308      434.72037     -  434.72037      -4.16005301082        12               0.0
309      434.73032     -  434.74037      -4.0613676907        1               0.01005
310      434.75037     -  434.75037      -4.16005301082        12               0.0
311      434.76033     -  434.77032      -4.37773369596        3               0.00999000000002
312      434.78037     -  434.83032      -4.0613676907        1               0.04995
313      434.84032     -  434.88137      -4.37773369596        3               0.04105
314      434.89049     -  434.93036      -4.16005301082        12               0.03987
315      434.94037     -  435.04032      -4.37773369596        3               0.09995
316      435.05032     -  435.14036      -4.16005301082        12               0.09004
317      435.18328     -  435.19064      -4.0613676907        1               0.00735999999995
318      435.21569     -  435.27086      -4.16005301082        12               0.05517
319      435.29703     -  435.42158      -4.37773369596        3               0.12455
320      435.43033     -  435.44031      -4.0613676907        1               0.00997999999998
321      435.45045     -  435.50033      -4.16005301082        12               0.04988
322      435.51033     -  435.53033      -4.0613676907        1               0.02
323      435.54033     -  435.56038      -4.16005301082        12               0.02005
324      435.57038     -  435.59033      -4.37773369596        3               0.01995
325      435.60033     -  435.61038      -4.0613676907        1               0.01005
326      435.62033     -  435.67158      -4.16005301082        12               0.05125
327      435.68031     -  435.99032      -4.37773369596        3               0.31001
328      436.03485     -  436.04064      -3.90066584827        15               0.00578999999999
329      436.10003     -  436.20075      -4.37773369596        3               0.10072
330      436.22531     -  436.28031      -4.61426278213        13               0.055
331      436.29031     -  436.60031      -4.37773369596        3               0.31
332      436.61031     -  436.78108      -4.49409049655        4               0.17077
333      436.79031     -  436.98035      -4.50551687858        9               0.19004
334      436.99036     -  437.15036      -4.47954446602        2               0.16
335      437.16032     -  437.19032      -4.55596711243        0               0.03
336      437.20047     -  437.21036      -4.61426278213        13               0.00988999999998
337      437.22067     -  437.58031      -4.52127539614        5               0.35964
338      437.59031     -  437.74031      -4.55596711243        0               0.15
339      437.75031     -  437.75031      -4.52127539614        5               0.0
340      437.76031     -  437.99036      -4.55596711243        0               0.23005
341      438.00035     -  438.08031      -4.50551687858        9               0.07996
342      438.09035     -  438.21031      -4.47954446602        2               0.11996
343      438.22035     -  438.24035      -4.50551687858        9               0.02
344      438.25031     -  438.29035      -4.47954446602        2               0.04004
345      438.30037     -  438.37036      -4.45595661471        10               0.06999
346      438.38035     -  438.40031      -4.49409049655        4               0.01996
347      438.41031     -  438.52037      -4.45595661471        10               0.11006
348      438.53037     -  438.55031      -4.49409049655        4               0.01994
349      438.56037     -  438.63032      -4.45595661471        10               0.06995
350      438.64057     -  438.66031      -4.47954446602        2               0.01974
351      438.67172     -  438.71031      -4.55596711243        0               0.03859
352      438.72031     -  438.84033      -4.52127539614        5               0.12002
353      438.85033     -  438.90035      -4.61426278213        13               0.05002
354      438.91037     -  439.00033      -4.52127539614        5               0.08996
355      439.01031     -  439.05035      -4.61426278213        13               0.04004
356      439.06035     -  439.13036      -4.49409049655        4               0.07001
357      439.14035     -  439.14035      -4.45595661471        10               0.0
358      439.15036     -  439.21035      -4.47954446602        2               0.05999
359      439.22078     -  439.25037      -4.50551687858        9               0.02959
360      439.26032     -  439.42031      -4.45595661471        10               0.15999
361      439.43031     -  439.45031      -4.49409049655        4               0.02
362      439.46036     -  439.53031      -4.41672488048        8               0.06995
363      439.54031     -  439.90035      -4.49409049655        4               0.36004
364      439.91031     -  440.09036      -4.45595661471        10               0.18005
365      440.10032     -  440.10032      -4.49409049655        4               0.0
366      440.11032     -  440.18037      -4.45595661471        10               0.07005
367      440.19036     -  440.24035      -4.47954446602        2               0.04999
368      440.25035     -  440.25035      -4.49409049655        4               0.0
369      440.26035     -  440.33037      -4.45595661471        10               0.07002
370      440.34037     -  440.40031      -4.47954446602        2               0.05994
371      440.41031     -  440.45035      -4.55596711243        0               0.04004
372      440.46037     -  440.66036      -4.47954446602        2               0.19999
373      440.67036     -  440.67036      -4.50551687858        9               0.0
374      440.68031     -  440.70031      -4.47954446602        2               0.02
375      440.71031     -  440.82031      -4.45595661471        10               0.11
376      440.83031     -  440.94035      -4.47954446602        2               0.11004
377      440.95035     -  440.99031      -4.50551687858        9               0.03996
378      441.00031     -  441.29031      -4.47954446602        2               0.29
379      441.30031     -  441.30031      -4.72738121201        7               0.0
380      441.31031     -  441.35072      -4.52127539614        5               0.04041
381      441.36057     -  441.36057      -4.61426278213        13               0.0
382      441.37033     -  441.54036      -4.52127539614        5               0.17003
383      441.55031     -  441.61031      -4.47954446602        2               0.06
384      441.62035     -  441.83033      -4.49409049655        4               0.20998
385      441.84037     -  441.99037      -4.41672488048        8               0.15
386      442.00031     -  442.06036      -4.49409049655        4               0.06005
387      442.07031     -  443.03031      -4.41672488048        8               0.96
388      443.04031     -  443.18035      -4.37773369596        3               0.14004
389      443.19031     -  443.46031      -4.41672488048        8               0.27
390      443.47031     -  443.58031      -4.37773369596        3               0.11
391      443.59031     -  443.65036      -4.45595661471        10               0.06005
392      443.66037     -  443.72031      -4.41672488048        8               0.05994
393      443.73035     -  443.90036      -4.47954446602        2               0.17001
394      443.91031     -  444.04031      -4.45595661471        10               0.13
395      444.05035     -  444.11035      -4.47954446602        2               0.06
396      444.12031     -  444.30037      -4.45595661471        10               0.18006
397      444.31041     -  444.41032      -4.47954446602        2               0.09991
398      444.42036     -  444.47036      -4.49409049655        4               0.05
399      444.48035     -  444.66031      -4.45595661471        10               0.17996
400      444.67031     -  444.72031      -4.49409049655        4               0.05
401      444.73031     -  444.74035      -4.61426278213        13               0.01004
402      444.75067     -  444.84037      -4.52127539614        5               0.0897
403      444.85035     -  444.87035      -4.47954446602        2               0.02
404      444.88031     -  445.07031      -4.50551687858        9               0.19
405      445.08037     -  445.14035      -4.47954446602        2               0.05998
406      445.15032     -  445.22031      -4.45595661471        10               0.06999
407      445.23031     -  445.27055      -4.49409049655        4               0.04024
408      445.28037     -  445.32031      -4.61426278213        13               0.03994
409      445.33037     -  445.35032      -4.52127539614        5               0.01995
410      445.36037     -  445.40032      -4.61426278213        13               0.03995
411      445.41035     -  445.50035      -4.52127539614        5               0.09
412      445.51036     -  445.57031      -4.61426278213        13               0.05995
413      445.58035     -  445.67031      -4.52127539614        5               0.08996
414      445.68031     -  445.68031      -4.61426278213        13               0.0
415      445.69031     -  445.71035      -4.52127539614        5               0.02004
416      445.72036     -  445.75031      -4.55596711243        0               0.02995
417      445.76035     -  445.84031      -4.52127539614        5               0.07996
418      445.85031     -  446.04052      -4.37773369596        3               0.19021
419      446.05032     -  446.06035      -4.16005301082        12               0.01003
420      446.07037     -  446.08035      -4.37773369596        3               0.00997999999998
421      446.09031     -  446.12032      -4.0613676907        1               0.03001
422      446.13036     -  446.15037      -4.37773369596        3               0.02001
423      446.16037     -  446.17037      -4.16005301082        12               0.00999999999999
424      446.18032     -  446.19037      -4.0613676907        1               0.01005
425      446.23895     -  446.25032      -4.16005301082        12               0.01137
426      446.26036     -  446.33031      -4.37773369596        3               0.06995
427      446.34032     -  446.39032      -4.16005301082        12               0.05
428      446.40032     -  446.52032      -4.37773369596        3               0.12
429      446.53035     -  446.56033      -4.55596711243        0               0.02998
430      446.57033     -  446.57033      -4.61426278213        13               0.0
431      446.58037     -  446.72036      -4.37773369596        3               0.13999
432      446.73032     -  446.78037      -4.61426278213        13               0.05005
433      446.79059     -  446.79059      -4.72738121201        7               0.0
434      446.80037     -  447.27031      -4.61426278213        13               0.46994
435      447.28031     -  447.29035      -4.72738121201        7               0.01004
436      447.30036     -  447.42031      -4.52127539614        5               0.11995
437      447.43031     -  447.46035      -4.55596711243        0               0.03004
438      447.47035     -  447.54031      -4.47954446602        2               0.06996
439      447.55031     -  447.58031      -4.50551687858        9               0.03
440      447.59035     -  447.63036      -4.52127539614        5               0.04001
441      447.64031     -  447.74078      -4.61426278213        13               0.10047
442      447.75094     -  447.93036      -4.52127539614        5               0.17942
443      447.94036     -  448.17035      -4.49409049655        4               0.22999
444      448.18035     -  448.30072      -4.37773369596        3               0.12037
445      448.31037     -  448.34033      -4.16005301082        12               0.02996
446      448.35033     -  448.39037      -4.37773369596        3               0.04004
447      448.40037     -  448.40037      -4.45595661471        10               0.0
448      448.41031     -  448.44036      -4.47954446602        2               0.03005
449      448.45035     -  448.49031      -4.55596711243        0               0.03996
450      448.50031     -  448.51031      -4.61426278213        13               0.00999999999999
451      448.52036     -  448.67036      -4.37773369596        3               0.15
452      448.68035     -  448.70031      -4.16005301082        12               0.01996
453      448.71035     -  448.81031      -4.37773369596        3               0.09996
454      448.82036     -  448.83035      -4.0613676907        1               0.00999000000002
455      448.84035     -  448.98037      -4.37773369596        3               0.14002
456      448.99037     -  449.10033      -4.50551687858        9               0.10996
457      449.11032     -  449.12031      -4.47954446602        2               0.00999000000002
458      449.1309     -  449.16037      -4.55596711243        0               0.02947
459      449.17037     -  449.22037      -4.61426278213        13               0.05
460      449.23037     -  449.25037      -4.55596711243        0               0.02
461      449.26033     -  449.38031      -4.47954446602        2               0.11998
462      449.39031     -  449.40031      -4.41672488048        8               0.00999999999999
463      449.41036     -  449.47031      -4.37773369596        3               0.05995
464      449.48031     -  449.58031      -4.41672488048        8               0.1
465      449.59035     -  449.65037      -4.37773369596        3               0.06002
466      449.66037     -  449.74033      -4.61426278213        13               0.07996
467      449.75031     -  449.82036      -4.37773369596        3               0.07005
468      449.83032     -  449.86033      -4.45595661471        10               0.03001
469      449.87036     -  449.89033      -4.49409049655        4               0.01997
470      449.90037     -  449.93037      -4.61426278213        13               0.03
471      449.94037     -  449.95033      -4.52127539614        5               0.00996000000004
472      449.96033     -  449.97037      -4.55596711243        0               0.01004
473      449.98032     -  450.09037      -4.58270180219        14               0.11005
474      450.10037     -  450.13037      -4.61426278213        13               0.03
475      450.14037     -  450.19031      -4.49409049655        4               0.04994
476      450.22288     -  450.29036      -4.0613676907        1               0.06748
477      450.30036     -  450.32031      -4.37773369596        3               0.01995
478      450.33031     -  450.33031      -4.16005301082        12               0.0
479      450.34031     -  450.43067      -4.0613676907        1               0.09036
480      450.45723     -  450.48036      -4.37773369596        3               0.02313
481      450.49031     -  450.50035      -4.16005301082        12               0.01004
482      450.51031     -  450.5615      -4.01937338782        6               0.05119
483      450.58672     -  450.61033      -4.37773369596        3               0.02361
484      450.62785     -  450.62785      -4.0613676907        1               0.0
485      450.64065     -  450.69065      -4.01937338782        6               0.05
486      450.71565     -  450.80031      -4.0613676907        1               0.08466
487      450.84527     -  451.00098      -4.37773369596        3               0.15571
488      451.01034     -  451.01034      -4.0613676907        1               0.0
489      451.04076     -  451.04076      -4.16005301082        12               0.0
490      451.05666     -  451.07319      -4.0613676907        1               0.01653
491      451.09634     -  451.13033      -4.37773369596        3               0.03399
492      451.14063     -  451.15038      -4.16005301082        12               0.00975
493      451.16033     -  451.24036      -4.37773369596        3               0.08003
494      451.28468     -  451.46063      -3.97900938086        11               0.17595
495      451.47067     -  451.47067      -4.01937338782        6               0.0
496      451.49635     -  451.62031      -4.45595661471        10               0.12396
497      451.63035     -  451.63035      -4.0613676907        1               0.0
498      451.64035     -  451.64035      -4.41672488048        8               0.0
499      451.65035     -  451.69037      -4.45595661471        10               0.04002
500      451.70032     -  451.75499      -4.0613676907        1               0.05467
501      451.77587     -  451.83032      -4.41672488048        8               0.05445
502      451.84032     -  451.89103      -4.47954446602        2               0.05071
503      451.90037     -  451.97036      -4.45595661471        10               0.06999
504      451.98037     -  451.98037      -4.0613676907        1               0.0
505      451.99031     -  452.01037      -4.37773369596        3               0.02006
506      452.02032     -  452.09035      -4.41672488048        8               0.07003
507      452.10035     -  452.18031      -4.52127539614        5               0.07996
508      452.19031     -  452.21031      -4.37773369596        3               0.02
509      452.22035     -  452.26037      -4.0613676907        1               0.04002
510      452.27032     -  452.31151      -4.01937338782        6               0.04119
511      452.34088     -  452.40031      -4.37773369596        3               0.05943
512      452.4109     -  452.46069      -4.0613676907        1               0.04979
513      452.48531     -  452.56031      -4.37773369596        3               0.075
514      452.57036     -  452.57036      -4.0613676907        1               0.0
515      452.6146     -  452.63521      -4.16005301082        12               0.02061
516      452.64031     -  452.68037      -4.37773369596        3               0.04006
517      452.72469     -  452.74583      -4.0613676907        1               0.02114
518      452.75037     -  452.75037      -4.16005301082        12               0.0
519      452.76032     -  452.77037      -4.37773369596        3               0.01005
520      452.78118     -  452.78118      -4.16005301082        12               0.0
521      452.79032     -  452.79032      -4.0613676907        1               0.0
522      452.80033     -  452.84037      -4.41672488048        8               0.04004
523      452.85037     -  452.86037      -4.49409049655        4               0.00999999999999
524      452.87037     -  452.93031      -4.45595661471        10               0.05994
525      452.94035     -  453.55033      -4.41672488048        8               0.60998
526      453.56033     -  453.57032      -4.37773369596        3               0.00998999999996
527      453.58037     -  453.76037      -4.45595661471        10               0.18
528      453.77032     -  453.82036      -4.47954446602        2               0.05004
529      453.83031     -  453.84031      -4.45595661471        10               0.00999999999999
530      453.85031     -  454.09032      -4.47954446602        2               0.24001
531      454.10031     -  454.10031      -4.41672488048        8               0.0
532      454.11032     -  454.52037      -4.47954446602        2               0.41005
533      454.53031     -  454.65031      -4.45595661471        10               0.12
534      454.66035     -  454.67035      -4.47954446602        2               0.00999999999999
535      454.68031     -  454.69032      -4.50551687858        9               0.01001
536      454.70045     -  454.78031      -4.47954446602        2               0.07986
537      454.79035     -  455.14089      -4.45595661471        10               0.35054
538      455.15037     -  455.22035      -4.47954446602        2               0.06998
539      455.23036     -  455.42033      -4.45595661471        10               0.18997
540      455.43036     -  455.76031      -4.47954446602        2               0.32995
541      455.77031     -  455.83031      -4.45595661471        10               0.06
542      455.84035     -  455.87443      -4.0613676907        1               0.03408
543      455.89582     -  455.93031      -4.37773369596        3               0.03449
544      455.94031     -  455.96035      -4.16005301082        12               0.02004
545      455.97035     -  455.97035      -4.37773369596        3               0.0
546      455.98035     -  456.05031      -4.41672488048        8               0.06996
547      456.095     -  456.20035      -4.37773369596        3               0.10535
548      456.21035     -  456.49036      -4.0613676907        1               0.28001
549      456.50032     -  456.56036      -4.16005301082        12               0.06004
550      456.57036     -  456.58035      -4.0613676907        1               0.00999000000002
551      456.59035     -  456.61032      -4.16005301082        12               0.01997
552      456.62037     -  456.68095      -4.0613676907        1               0.06058
553      456.70527     -  456.72033      -4.37773369596        3               0.01506
554      456.73037     -  456.73037      -4.16005301082        12               0.0
555      456.74037     -  456.81069      -4.0613676907        1               0.07032
556      456.82063     -  456.98067      -4.01937338782        6               0.16004
557      456.99068     -  457.06064      -3.97900938086        11               0.06996
558      457.07069     -  457.42065      -4.01937338782        6               0.34996
559      457.43069     -  457.5821      -4.0613676907        1               0.15141
560      457.607     -  457.80065      -4.01937338782        6               0.19365
561      457.81069     -  457.86065      -3.97900938086        11               0.04996
562      457.87089     -  457.99209      -4.01937338782        6               0.1212
563      458.04801     -  458.15032      -4.37773369596        3               0.10231
564      458.16037     -  458.19037      -4.41672488048        8               0.03
565      458.20037     -  458.27031      -4.45595661471        10               0.06994
566      458.28119     -  458.28119      -4.49409049655        4               0.0
567      458.29033     -  458.35033      -4.41672488048        8               0.06
568      458.36036     -  458.50032      -4.37773369596        3               0.13996
569      458.51037     -  458.58032      -4.45595661471        10               0.0699499999999
570      458.59032     -  458.59032      -4.0613676907        1               0.0
571      458.60037     -  458.60037      -4.41672488048        8               0.0
572      458.61036     -  458.68037      -4.45595661471        10               0.07001
573      458.69037     -  458.69037      -4.0613676907        1               0.0
574      458.70037     -  458.78069      -4.01937338782        6               0.08032
575      458.79069     -  458.86064      -3.97900938086        11               0.06995
576      458.87067     -  459.03069      -4.01937338782        6               0.16002
577      459.05547     -  459.09037      -4.37773369596        3               0.0349
578      459.10033     -  459.14061      -4.16005301082        12               0.04028
579      459.15032     -  459.20032      -4.37773369596        3               0.05
580      459.21033     -  459.23033      -4.0613676907        1               0.02
581      459.30693     -  459.3607      -3.97900938086        11               0.05377
582      459.37434     -  459.37434      -4.16005301082        12               0.0
583      459.38069     -  459.40065      -4.0613676907        1               0.01996
584      459.42526     -  459.44033      -4.61426278213        13               0.01507
585      459.45033     -  459.45033      -4.37773369596        3               0.0
586      459.48961     -  459.51033      -4.61426278213        13               0.02072
587      459.52033     -  459.58033      -4.49409049655        4               0.06
588      459.59035     -  459.65031      -4.61426278213        13               0.05996
589      459.66038     -  459.69033      -4.52127539614        5               0.02995
590      459.70033     -  459.79038      -4.61426278213        13               0.09005
591      459.80033     -  459.83033      -4.37773369596        3               0.03
592      459.84038     -  459.91033      -4.61426278213        13               0.06995
593      459.92033     -  459.98033      -4.52127539614        5               0.06
594      459.99038     -  460.00038      -4.61426278213        13               0.00999999999999
595      460.01038     -  460.07038      -4.50551687858        9               0.06
596      460.08038     -  460.18032      -4.47954446602        2               0.09994
597      460.19033     -  460.26032      -4.55596711243        0               0.06999
598      460.27033     -  460.27033      -4.61426278213        13               0.0
599      460.28113     -  460.43038      -4.37773369596        3               0.14925
600      460.44037     -  460.52032      -4.41672488048        8               0.0799500000001
601      460.53118     -  460.54037      -4.49409049655        4               0.00918999999999
602      460.55038     -  460.65056      -4.61426278213        13               0.10018
603      460.66066     -  460.77038      -4.55596711243        0               0.10972
604      460.78032     -  460.78032      -4.16005301082        12               0.0
605      460.79038     -  460.90031      -4.37773369596        3               0.10993
606      460.91033     -  460.96031      -4.16005301082        12               0.04998
607      460.97033     -  461.10037      -4.37773369596        3               0.13004
608      461.11033     -  461.12037      -4.0613676907        1               0.01004
609      461.13033     -  461.17033      -4.37773369596        3               0.04
610      461.18037     -  461.19038      -4.0613676907        1               0.01001
611      461.20044     -  461.23922      -4.01937338782        6               0.03878
612      461.25551     -  461.31152      -3.97900938086        11               0.05601
613      461.33204     -  461.36064      -4.01937338782        6               0.0286
614      461.37064     -  461.72069      -3.97900938086        11               0.35005
615      461.73069     -  462.20069      -3.90066584827        15               0.47
616      462.21065     -  462.35064      -4.01937338782        6               0.13999
617      462.36132     -  462.48065      -3.97900938086        11               0.11933
618      462.49064     -  462.50661      -4.01937338782        6               0.01597
619      462.51068     -  462.74069      -3.97900938086        11               0.23001
620      462.75064     -  462.82433      -4.01937338782        6               0.07369
621      462.83068     -  462.85069      -3.97900938086        11               0.02001
622      462.86064     -  462.97065      -4.01937338782        6               0.11001
623      462.9807     -  463.02065      -3.97900938086        11               0.03995
624      463.03149     -  463.08065      -4.01937338782        6               0.04916
625      463.09205     -  463.18319      -4.0613676907        1               0.0911400000001
626      463.19064     -  463.19064      -4.01937338782        6               0.0
627      463.20069     -  463.22069      -3.97900938086        11               0.02
628      463.23064     -  463.36069      -4.01937338782        6               0.13005
629      463.37069     -  463.40068      -3.97900938086        11               0.02999
630      463.41069     -  463.65063      -3.90066584827        15               0.23994
631      463.66163     -  463.69065      -3.97900938086        11               0.02902
632      463.70065     -  463.77064      -4.01937338782        6               0.06999
633      463.78155     -  463.82063      -3.97900938086        11               0.03908
634      463.83099     -  463.9078      -4.01937338782        6               0.07681
635      463.92065     -  464.00069      -3.97900938086        11               0.08004
636      464.01063     -  464.08552      -4.01937338782        6               0.07489
637      464.09089     -  464.23063      -3.97900938086        11               0.13974
638      464.24062     -  464.63065      -4.01937338782        6               0.39003
639      464.64065     -  464.69065      -4.0613676907        1               0.05
640      464.70065     -  464.70065      -3.90066584827        15               0.0
641      464.71069     -  464.7607      -3.97900938086        11               0.05001
642      464.7707     -  464.82069      -4.01937338782        6               0.04999
643      464.83069     -  464.92197      -3.97900938086        11               0.09128
644      464.93063     -  465.10064      -4.01937338782        6               0.17001
645      465.12548     -  465.18033      -4.37773369596        3               0.05485
646      465.19037     -  465.27033      -4.61426278213        13               0.07996
647      465.28037     -  465.34032      -4.37773369596        3               0.05995
648      465.35037     -  465.36037      -4.0613676907        1               0.00999999999999
649      465.37037     -  465.40032      -4.37773369596        3               0.02995
650      465.41036     -  465.41036      -4.0613676907        1               0.0
651      465.42176     -  465.48065      -4.01937338782        6               0.05889
652      465.51085     -  465.59037      -4.41672488048        8               0.07952
653      465.60036     -  465.75033      -4.49409049655        4               0.14997
654      465.76038     -  465.80057      -4.0613676907        1               0.04019
655      465.81044     -  465.99037      -4.41672488048        8               0.17993
656      466.00033     -  466.15035      -4.47954446602        2               0.15002
657      466.16035     -  466.43035      -4.45595661471        10               0.27
658      466.44036     -  466.47031      -4.47954446602        2               0.02995
659      466.48031     -  466.66033      -4.50551687858        9               0.18002
660      466.67037     -  466.73037      -4.47954446602        2               0.06
661      466.74037     -  466.77033      -4.50551687858        9               0.02996
662      466.78033     -  466.87036      -4.47954446602        2               0.09003
663      466.88035     -  466.93031      -4.41672488048        8               0.04996
664      466.94033     -  466.98036      -4.45595661471        10               0.04003
665      466.99031     -  467.27036      -4.47954446602        2               0.28005
666      467.28031     -  467.28031      -4.16005301082        12               0.0
667      467.29031     -  467.29031      -4.0613676907        1               0.0
668      467.32186     -  467.49068      -4.01937338782        6               0.16882
669      467.50068     -  467.54068      -3.97900938086        11               0.04
670      467.55069     -  467.55069      -3.90066584827        15               0.0
671      467.56071     -  467.58069      -4.01937338782        6               0.01998
672      467.59064     -  467.64103      -3.97900938086        11               0.05039
673      467.66578     -  467.68031      -4.16005301082        12               0.01453
674      467.69031     -  467.70036      -4.37773369596        3               0.01005
675      467.71035     -  468.03076      -4.45595661471        10               0.32041
676      468.04032     -  468.16032      -4.47954446602        2               0.12
677      468.17037     -  468.19031      -4.41672488048        8               0.01994
678      468.20031     -  468.26035      -4.47954446602        2               0.06004
679      468.27035     -  468.30035      -4.45595661471        10               0.03
680      468.31031     -  468.41035      -4.47954446602        2               0.10004
681      468.42036     -  468.48031      -4.50551687858        9               0.05995
682      468.49031     -  468.91031      -4.47954446602        2               0.42
683      468.92031     -  468.96035      -4.55596711243        0               0.04004
684      468.97032     -  469.01037      -4.52127539614        5               0.04005
685      469.02036     -  469.12032      -4.55596711243        0               0.09996
686      469.13037     -  469.14069      -4.61426278213        13               0.01032
687      469.15032     -  469.40031      -4.52127539614        5               0.24999
688      469.41031     -  469.50036      -4.47954446602        2               0.09005
689      469.51031     -  469.55031      -4.50551687858        9               0.04
690      469.56031     -  469.62032      -4.47954446602        2               0.06001
691      469.63032     -  469.92032      -4.41672488048        8               0.29
692      469.96336     -  470.24036      -4.37773369596        3               0.277
693      470.25051     -  470.26036      -4.0613676907        1               0.00984999999997
694      470.27032     -  470.41033      -4.37773369596        3               0.14001
695      470.4206     -  470.43037      -4.0613676907        1               0.00977
696      470.44035     -  470.52035      -4.37773369596        3               0.08
697      470.53035     -  470.58031      -4.0613676907        1               0.04996
698      470.59031     -  470.69031      -4.37773369596        3               0.1
699      470.70031     -  470.71031      -4.0613676907        1               0.00999999999999
700      470.72035     -  470.75035      -4.37773369596        3               0.03
701      470.76031     -  470.79031      -4.16005301082        12               0.03
702      470.80031     -  471.05036      -4.37773369596        3               0.25005
703      471.06031     -  471.07031      -4.16005301082        12               0.00999999999999
704      471.08035     -  471.30031      -4.37773369596        3               0.21996
705      471.31035     -  471.34035      -4.16005301082        12               0.03
706      471.35035     -  471.38075      -4.0613676907        1               0.0304
707      471.39074     -  471.54032      -4.37773369596        3               0.14958
708      471.55032     -  471.59035      -4.16005301082        12               0.04003
709      471.60031     -  471.66031      -4.37773369596        3               0.06
710      471.67031     -  471.76031      -4.55596711243        0               0.09
711      471.77031     -  472.00036      -4.50551687858        9               0.23005
712      472.01032     -  472.03123      -4.47954446602        2               0.02091
713      472.04031     -  472.09035      -4.55596711243        0               0.05004
714      472.10035     -  472.10035      -4.61426278213        13               0.0
715      472.11035     -  472.30035      -4.55596711243        0               0.19
716      472.31035     -  472.46035      -4.61426278213        13               0.15
717      472.47081     -  472.57032      -4.55596711243        0               0.09951
718      472.58037     -  472.59036      -4.61426278213        13               0.00998999999996
719      472.60101     -  472.63036      -4.72738121201        7               0.02935
720      472.64032     -  472.65032      -4.61426278213        13               0.01
721      472.66035     -  472.74037      -4.52127539614        5               0.08002
722      472.75032     -  472.91032      -4.55596711243        0               0.16
723      472.92032     -  472.92032      -4.61426278213        13               0.0
724      472.93065     -  473.16032      -4.52127539614        5               0.22967
725      473.17037     -  473.21032      -4.55596711243        0               0.03995
726      473.22037     -  473.29035      -4.52127539614        5               0.06998
727      473.30035     -  473.37031      -4.55596711243        0               0.06996
728      473.38031     -  473.47032      -4.58270180219        14               0.09001
729      473.48036     -  473.51031      -4.55596711243        0               0.02995
730      473.52032     -  473.52032      -4.52127539614        5               0.0
731      473.53118     -  473.57032      -4.55596711243        0               0.03914
732      473.58032     -  473.73036      -4.61426278213        13               0.15004
733      473.74031     -  474.03035      -4.72738121201        7               0.29004
734      474.04037     -  474.09036      -4.61426278213        13               0.04999
735      474.10035     -  474.18032      -4.72738121201        7               0.07997
736      474.19061     -  474.28031      -4.61426278213        13               0.0897
737      474.29031     -  474.52031      -4.37773369596        3               0.23
738      474.53035     -  474.87031      -4.0613676907        1               0.33996
739      474.88031     -  474.97031      -4.37773369596        3               0.09
740      474.98031     -  475.01033      -4.61426278213        13               0.03002
741      475.02032     -  475.07031      -4.37773369596        3               0.04999
742      475.08032     -  475.09037      -4.0613676907        1               0.01005
743      475.10033     -  475.28031      -4.37773369596        3               0.17998
744      475.29035     -  475.31032      -4.16005301082        12               0.01997
745      475.32038     -  475.33032      -4.0613676907        1               0.00993999999997
746      475.3404     -  475.43033      -4.37773369596        3               0.08993
747      475.44033     -  475.49037      -4.0613676907        1               0.05004
748      475.50032     -  475.58031      -4.37773369596        3               0.07999
749      475.59031     -  475.62035      -4.0613676907        1               0.03004
750      475.63036     -  475.66035      -4.61426278213        13               0.02999
751      475.67174     -  475.87031      -4.72738121201        7               0.19857
752      475.88031     -  475.89031      -4.61426278213        13               0.00999999999999
753      475.90031     -  475.93031      -4.37773369596        3               0.03
754      475.94036     -  475.98032      -4.72738121201        7               0.03996
755      475.99037     -  476.02032      -4.61426278213        13               0.02995
756      476.03033     -  476.05037      -4.72738121201        7               0.02004
757      476.06043     -  476.07033      -4.61426278213        13               0.00990000000002
758      476.08032     -  476.34035      -4.37773369596        3               0.26003
759      476.35035     -  476.45035      -4.72738121201        7               0.1
760      476.46032     -  476.56042      -4.37773369596        3               0.1001
761      476.57037     -  476.69035      -4.55596711243        0               0.11998
762      476.70036     -  476.76031      -4.52127539614        5               0.05995
763      476.77032     -  476.84032      -4.61426278213        13               0.07
764      476.85035     -  476.87031      -4.55596711243        0               0.01996
765      476.88031     -  476.89031      -4.52127539614        5               0.00999999999999
766      476.90031     -  476.95032      -4.55596711243        0               0.05001
767      476.96035     -  476.97035      -4.52127539614        5               0.00999999999999
768      476.98031     -  477.07031      -4.55596711243        0               0.09
769      477.08031     -  477.08031      -4.52127539614        5               0.0
770      477.09031     -  477.17031      -4.61426278213        13               0.08
771      477.18037     -  477.19036      -4.72738121201        7               0.00999000000002
772      477.20035     -  477.20035      -4.61426278213        13               0.0
773      477.21032     -  477.26031      -4.55596711243        0               0.04999
774      477.27032     -  477.28031      -4.61426278213        13               0.00998999999996
775      477.29035     -  477.35036      -4.55596711243        0               0.06001
776      477.36031     -  477.37031      -4.61426278213        13               0.00999999999999
777      477.38031     -  477.42031      -4.52127539614        5               0.04
778      477.43035     -  477.47035      -4.55596711243        0               0.04
779      477.48036     -  477.55031      -4.58270180219        14               0.06995
780      477.56031     -  477.56031      -4.61426278213        13               0.0
781      477.57037     -  477.64035      -4.55596711243        0               0.06998
782      477.65035     -  477.79036      -4.61426278213        13               0.14001
783      477.80035     -  477.84036      -4.55596711243        0               0.04001
784      477.85035     -  477.90031      -4.58270180219        14               0.04996
785      477.91055     -  478.09031      -4.55596711243        0               0.17976
786      478.10031     -  478.17037      -4.61426278213        13               0.07006
787      478.18036     -  478.20031      -4.37773369596        3               0.01995
788      478.21035     -  478.24071      -4.0613676907        1               0.03036
789      478.25064     -  478.26067      -4.01937338782        6               0.01003
790      478.27063     -  478.28067      -3.97900938086        11               0.01004
791      478.29545     -  478.29545      -4.01937338782        6               0.0
792      478.3162     -  478.32032      -4.37773369596        3               0.00412
793      478.36465     -  478.42064      -3.97900938086        11               0.05599
794      478.43203     -  478.58551      -4.01937338782        6               0.15348
795      478.5908     -  478.80064      -3.97900938086        11               0.20984
796      478.8107     -  478.89105      -4.01937338782        6               0.08035
797      478.90069     -  478.94064      -3.97900938086        11               0.03995
798      478.95068     -  478.95068      -4.16005301082        12               0.0
799      478.96064     -  478.96064      -4.0613676907        1               0.0
800      478.97063     -  479.13064      -4.01937338782        6               0.16001
801      479.14064     -  479.27064      -4.0613676907        1               0.13
802      479.30213     -  479.30213      -4.16005301082        12               0.0
803      479.31043     -  479.57582      -4.0613676907        1               0.26539
804      479.58032     -  479.59036      -4.37773369596        3               0.01004
805      479.60036     -  479.63075      -4.0613676907        1               0.03039
806      479.66084     -  479.70424      -4.37773369596        3               0.0434
807      479.71036     -  479.92035      -4.49409049655        4               0.20999
808      479.93036     -  479.93036      -4.0613676907        1               0.0
809      479.94036     -  479.99031      -4.37773369596        3               0.04995
810      480.00031     -  480.02031      -4.16005301082        12               0.02
811      480.03031     -  480.13037      -4.0613676907        1               0.10006
812      480.17505     -  480.31893      -4.01937338782        6               0.14388
813      480.34519     -  480.35032      -4.72738121201        7               0.00513000000001
814      480.36036     -  480.55031      -4.61426278213        13               0.18995
815      480.56035     -  480.95036      -4.49409049655        4               0.39001
816      480.96035     -  481.02037      -4.41672488048        8               0.06002
817      481.03123     -  481.06033      -4.47954446602        2               0.0291
818      481.07036     -  481.21033      -4.50551687858        9               0.13997
819      481.22032     -  481.26036      -4.47954446602        2               0.04004
820      481.27033     -  481.29032      -4.55596711243        0               0.01999
821      481.30032     -  481.37031      -4.52127539614        5               0.06999
822      481.38035     -  481.4707      -4.49409049655        4               0.09035
823      481.48033     -  481.49032      -4.0613676907        1               0.00999000000002
824      481.50037     -  481.50037      -4.16005301082        12               0.0
825      481.51037     -  481.53031      -4.0613676907        1               0.01994
826      481.54031     -  481.54031      -4.01937338782        6               0.0
827      481.57076     -  481.60323      -3.97900938086        11               0.03247
828      481.61063     -  481.61063      -4.16005301082        12               0.0
829      481.63531     -  481.74037      -4.58270180219        14               0.10506
830      481.75037     -  481.75037      -4.0613676907        1               0.0
831      481.78971     -  481.91031      -4.37773369596        3               0.1206
832      481.92031     -  482.05032      -4.0613676907        1               0.13001
833      482.09617     -  482.10037      -4.16005301082        12               0.00420000000003
834      482.13439     -  482.18785      -4.0613676907        1               0.05346
835      482.21582     -  482.23031      -4.16005301082        12               0.01449
836      482.24031     -  482.28035      -4.37773369596        3               0.04004
837      482.29031     -  482.35031      -4.16005301082        12               0.06
838      482.38131     -  482.57063      -3.90066584827        15               0.18932
839      482.59746     -  482.78037      -4.37773369596        3               0.18291
840      482.79031     -  482.82035      -4.16005301082        12               0.03004
841      482.83036     -  482.97455      -4.0613676907        1               0.14419
842      483.01435     -  483.10067      -4.01937338782        6               0.08632
843      483.11322     -  483.13204      -4.0613676907        1               0.01882
844      483.16132     -  483.30037      -4.16005301082        12               0.13905
845      483.31039     -  483.31039      -4.37773369596        3               0.0
846      483.32036     -  483.32036      -4.16005301082        12               0.0
847      483.33037     -  483.60032      -4.0613676907        1               0.26995
848      483.61032     -  483.70031      -4.16005301082        12               0.08999
849      483.71031     -  483.71031      -4.0613676907        1               0.0
850      483.74269     -  483.81063      -4.01937338782        6               0.06794
851      483.82063     -  483.87411      -4.0613676907        1               0.05348
852      483.88068     -  483.97323      -4.01937338782        6               0.09255
853      483.98063     -  484.00068      -4.0613676907        1               0.02005
854      484.02583     -  484.09035      -4.16005301082        12               0.06452
855      484.10035     -  484.33068      -4.0613676907        1               0.23033
856      484.35562     -  484.37032      -4.37773369596        3               0.0147
857      484.38036     -  484.44031      -4.16005301082        12               0.05995
858      484.45031     -  484.48072      -4.0613676907        1               0.03041
859      484.49064     -  484.74086      -4.16005301082        12               0.25022
860      484.75037     -  484.80037      -4.0613676907        1               0.05
861      484.81036     -  484.85035      -4.16005301082        12               0.03999
862      484.86035     -  484.97037      -4.0613676907        1               0.11002
863      484.98036     -  484.99032      -4.16005301082        12               0.00995999999998
864      485.00031     -  485.01032      -4.0613676907        1               0.01001
865      485.04176     -  485.04176      -4.16005301082        12               0.0
866      485.06233     -  485.07894      -4.0613676907        1               0.01661
867      485.1109     -  485.15042      -4.16005301082        12               0.03952
868      485.16038     -  485.24031      -4.37773369596        3               0.07993
869      485.25031     -  485.27035      -4.0613676907        1               0.02004
870      485.28031     -  485.29035      -4.16005301082        12               0.01004
871      485.30036     -  485.33031      -4.37773369596        3               0.02995
872      485.34036     -  485.44036      -4.49409049655        4               0.1
873      485.45035     -  485.45035      -4.0613676907        1               0.0
874      485.48431     -  485.50713      -4.16005301082        12               0.02282
875      485.51036     -  485.53132      -4.37773369596        3               0.02096
876      485.54037     -  485.59031      -4.16005301082        12               0.04994
877      485.60031     -  485.62031      -4.0613676907        1               0.02
878      485.631     -  485.81043      -4.16005301082        12               0.17943
879      485.82031     -  485.90031      -4.37773369596        3               0.08
880      485.91031     -  486.04037      -4.16005301082        12               0.13006
881      486.05032     -  486.16037      -4.37773369596        3               0.11005
882      486.17178     -  486.17178      -4.16005301082        12               0.0
883      486.18031     -  486.21032      -4.0613676907        1               0.03001
884      486.25505     -  486.27032      -4.16005301082        12               0.01527
885      486.28036     -  486.29037      -4.37773369596        3               0.01001
886      486.30037     -  486.35032      -4.16005301082        12               0.04995
887      486.3604     -  486.42036      -4.37773369596        3               0.05996
888      486.43032     -  486.48036      -4.61426278213        13               0.05004
889      486.49036     -  486.79036      -4.16005301082        12               0.3
890      486.80032     -  486.83037      -4.37773369596        3               0.03005
891      486.84036     -  486.85032      -4.16005301082        12               0.00996000000004
892      486.86077     -  486.89335      -4.0613676907        1               0.03258
893      486.90065     -  487.0007      -4.01937338782        6               0.10005
894      487.02628     -  487.02628      -4.37773369596        3               0.0
895      487.03037     -  487.09033      -4.16005301082        12               0.05996
896      487.10033     -  487.16033      -4.0613676907        1               0.06
897      487.17176     -  487.2607      -4.01937338782        6               0.08894
898      487.2707     -  487.31042      -4.0613676907        1               0.03972
899      487.32038     -  487.32038      -4.16005301082        12               0.0
900      487.33038     -  487.42175      -4.37773369596        3               0.09137
901      487.43031     -  487.48033      -4.0613676907        1               0.05002
902      487.49033     -  487.50033      -4.16005301082        12               0.01
903      487.51033     -  487.51033      -4.37773369596        3               0.0
904      487.52038     -  487.5313      -4.16005301082        12               0.01092
905      487.54034     -  487.63069      -4.0613676907        1               0.09035
906      487.66089     -  487.71037      -4.16005301082        12               0.04948
907      487.72033     -  487.9207      -4.0613676907        1               0.20037
908      487.94627     -  487.95037      -4.16005301082        12               0.00409999999999
909      487.96031     -  488.00032      -4.37773369596        3               0.04001
910      488.01032     -  488.056      -4.0613676907        1               0.04568
911      488.09626     -  488.15033      -4.16005301082        12               0.05407
912      488.16033     -  488.16033      -4.37773369596        3               0.0
913      488.17033     -  488.17033      -4.0613676907        1               0.0
914      488.21466     -  488.41065      -4.01937338782        6               0.19599
915      488.42065     -  488.47069      -3.97900938086        11               0.05004
916      488.48063     -  488.52069      -4.01937338782        6               0.04006
917      488.53299     -  488.56078      -3.97900938086        11               0.02779
918      488.57069     -  488.57069      -4.01937338782        6               0.0
919      488.58193     -  489.16434      -4.0613676907        1               0.58241
920      489.1707     -  489.3007      -4.01937338782        6               0.13
921      489.31077     -  489.32065      -3.97900938086        11               0.00988000000001
922      489.3307     -  489.34083      -4.01937338782        6               0.01013
923      489.36539     -  489.40037      -4.37773369596        3               0.03498
924      489.41032     -  489.47032      -4.16005301082        12               0.06
925      489.48036     -  489.48036      -4.0613676907        1               0.0
926      489.49032     -  489.58037      -4.37773369596        3               0.09005
927      489.59037     -  489.59037      -4.16005301082        12               0.0
928      489.60036     -  489.77064      -4.0613676907        1               0.17028
929      489.79727     -  490.00037      -4.16005301082        12               0.2031
930      490.01037     -  490.19033      -4.37773369596        3               0.17996
931      490.20059     -  490.25037      -4.16005301082        12               0.04978
932      490.26036     -  490.28126      -4.37773369596        3               0.0209
933      490.29033     -  490.33037      -4.16005301082        12               0.04004
934      490.34037     -  490.34037      -4.37773369596        3               0.0
935      490.35037     -  490.41037      -4.16005301082        12               0.06
936      490.42176     -  490.57036      -4.0613676907        1               0.1486
937      490.58073     -  490.58073      -4.37773369596        3               0.0
938      490.59037     -  490.70053      -4.0613676907        1               0.11016
939      490.71033     -  490.77033      -4.37773369596        3               0.06
940      490.78037     -  490.81032      -4.72738121201        7               0.02995
941      490.82032     -  490.82032      -4.37773369596        3               0.0
942      490.86422     -  490.94037      -4.61426278213        13               0.07615
943      490.95033     -  492.21036      -4.72738121201        7               1.26003
944      492.22033     -  492.28033      -4.61426278213        13               0.06
945      492.29033     -  492.37033      -4.72738121201        7               0.08
946      492.38038     -  492.45038      -4.61426278213        13               0.07
947      492.46033     -  492.92177      -4.72738121201        7               0.46144
948      492.93031     -  493.31038      -4.61426278213        13               0.38007
949      493.32033     -  493.48033      -4.72738121201        7               0.16
950      493.49033     -  493.66031      -4.61426278213        13               0.16998
951      493.67031     -  493.68031      -4.55596711243        0               0.01
952      493.69038     -  493.78137      -4.58270180219        14               0.09099
953      493.79031     -  493.99033      -4.61426278213        13               0.20002
954      494.00033     -  494.10063      -4.0613676907        1               0.1003
955      494.11063     -  494.11063      -4.16005301082        12               0.0
956      494.13519     -  494.15031      -4.37773369596        3               0.01512
957      494.16031     -  494.29031      -4.55596711243        0               0.13
958      494.30031     -  494.36035      -4.52127539614        5               0.06004
959      494.37036     -  494.39037      -4.61426278213        13               0.02001
960      494.40037     -  494.47037      -4.55596711243        0               0.07
961      494.48036     -  494.53035      -4.58270180219        14               0.04999
962      494.54035     -  494.55035      -4.52127539614        5               0.00999999999999
963      494.56036     -  494.59035      -4.61426278213        13               0.02999
964      494.60035     -  494.61036      -4.55596711243        0               0.01001
965      494.62035     -  494.79035      -4.58270180219        14               0.17
966      494.80031     -  495.03037      -4.61426278213        13               0.23006
967      495.04032     -  495.04032      -4.37773369596        3               0.0
968      495.05033     -  495.15031      -4.61426278213        13               0.09998
969      495.16035     -  495.19031      -4.72738121201        7               0.02996
970      495.20031     -  495.23031      -4.61426278213        13               0.03
971      495.24035     -  495.27035      -4.72738121201        7               0.03
972      495.28132     -  495.33037      -4.58270180219        14               0.04905
973      495.34032     -  495.48032      -4.0613676907        1               0.14
974      495.49036     -  495.64032      -4.16005301082        12               0.14996
975      495.65036     -  495.83036      -4.37773369596        3               0.18
976      495.84037     -  495.86033      -4.61426278213        13               0.01996
977      495.87031     -  496.00037      -4.49409049655        4               0.13006
978      496.01031     -  496.04107      -4.0613676907        1               0.03076
979      496.0657     -  496.11041      -4.37773369596        3               0.04471
980      496.12037     -  496.18031      -4.16005301082        12               0.05994
981      496.19035     -  496.61037      -4.37773369596        3               0.42002
982      496.62031     -  496.91033      -4.16005301082        12               0.29002
983      496.92033     -  496.98031      -4.37773369596        3               0.05998
984      496.99037     -  497.21037      -4.16005301082        12               0.22
985      497.22032     -  497.42031      -4.37773369596        3               0.19999
986      497.45391     -  497.89067      -3.97900938086        11               0.43676
987      497.90062     -  497.91067      -4.01937338782        6               0.01005
988      497.92318     -  497.97063      -3.97900938086        11               0.04745
989      497.98064     -  497.98064      -4.16005301082        12               0.0
990      497.99432     -  498.02661      -4.0613676907        1               0.03229
991      498.03203     -  498.13068      -4.01937338782        6               0.09865
992      498.14067     -  498.22063      -3.97900938086        11               0.07996
993      498.23067     -  498.30063      -4.01937338782        6               0.06996
994      498.31063     -  498.41063      -3.97900938086        11               0.1
995      498.42063     -  498.69067      -4.01937338782        6               0.27004
996      498.70067     -  498.96067      -3.97900938086        11               0.26
997      498.97067     -  499.03203      -4.01937338782        6               0.06136
998      499.04063     -  499.07067      -3.97900938086        11               0.03004
999      499.09583     -  499.09583      -4.41672488048        8               0.0
1000      499.13461     -  499.17067      -3.97900938086        11               0.03606
1001      499.18063     -  499.20778      -4.01937338782        6               0.02715
1002      499.22063     -  499.5929      -3.97900938086        11               0.37227
1003      499.60064     -  499.65063      -4.01937338782        6               0.04999
1004      499.66067     -  499.70063      -3.97900938086        11               0.03996
1005      499.71067     -  499.82063      -4.01937338782        6               0.10996
1006      499.84625     -  499.91035      -4.37773369596        3               0.0641
1007      499.92035     -  499.95032      -4.16005301082        12               0.02997
 
Means and total domain of each hidden state
---------------------------------------
0th hidden state
total number with this hidden state =  81
mean =  [-4.55596711]
total time_domain =  7.89581

1th hidden state
total number with this hidden state =  116
mean =  [-4.06136769]
total time_domain =  7.17697

2th hidden state
total number with this hidden state =  67
mean =  [-4.47954447]
total time_domain =  8.11098

3th hidden state
total number with this hidden state =  133
mean =  [-4.3777337]
total time_domain =  9.97192

4th hidden state
total number with this hidden state =  35
mean =  [-4.4940905]
total time_domain =  4.19078

5th hidden state
total number with this hidden state =  65
mean =  [-4.5212754]
total time_domain =  5.66176

6th hidden state
total number with this hidden state =  76
mean =  [-4.01937339]
total time_domain =  6.48378

7th hidden state
total number with this hidden state =  39
mean =  [-4.72738121]
total time_domain =  3.51971

8th hidden state
total number with this hidden state =  30
mean =  [-4.41672488]
total time_domain =  3.67366

9th hidden state
total number with this hidden state =  31
mean =  [-4.50551688]
total time_domain =  3.35877

10th hidden state
total number with this hidden state =  40
mean =  [-4.45595661]
total time_domain =  4.51502

11th hidden state
total number with this hidden state =  56
mean =  [-3.97900938]
total time_domain =  6.71838

12th hidden state
total number with this hidden state =  97
mean =  [-4.16005301]
total time_domain =  4.15825

13th hidden state
total number with this hidden state =  106
mean =  [-4.61426278]
total time_domain =  6.39072

14th hidden state
total number with this hidden state =  27
mean =  [-4.5827018]
total time_domain =  5.03623

15th hidden state
total number with this hidden state =  9
mean =  [-3.90066585]
total time_domain =  1.06499

