Number of Rows
--------------
9974
 
Hidden States
-------------
[13 13 13 ...  4  4 13]
 
Record of all hidden state
**********************************
No.     TIME Start  -  TIME End      VALUE           Hidden State {}th       Time domain
0      0.04462     -  0.15037      -5.54113461909        13               0.10575
1      0.16041     -  0.25032      -5.6711371093        10               0.08991
2      0.26033     -  0.43042      -5.67874728046        0               0.17009
3      0.44031     -  0.49041      -5.74510588637        8               0.0501
4      0.50036     -  0.75032      -5.67874728046        0               0.24996
5      0.76037     -  0.86037      -5.61371501345        5               0.1
6      0.87032     -  0.91032      -5.54113461909        13               0.04
7      0.92032     -  0.93037      -5.61371501345        5               0.01005
8      0.94037     -  0.95037      -5.67874728046        0               0.01
9      0.96159     -  1.03033      -5.74510588637        8               0.06874
10      1.04033     -  1.14037      -5.61371501345        5               0.10004
11      1.15037     -  1.15037      -5.229181        3               0.0
12      1.16032     -  1.26037      -5.54113461909        13               0.10005
13      1.27037     -  1.36035      -5.61371501345        5               0.08998
14      1.37037     -  1.50033      -5.67874728046        0               0.12996
15      1.51033     -  1.54033      -5.74510588637        8               0.03
16      1.55037     -  1.66032      -5.61371501345        5               0.10995
17      1.67037     -  1.76036      -5.6711371093        10               0.08999
18      1.77036     -  1.82032      -5.81044302558        2               0.04996
19      1.83037     -  1.86032      -5.6711371093        10               0.02995
20      1.87037     -  2.13037      -5.81044302558        2               0.26
21      2.14032     -  2.30032      -5.6711371093        10               0.16
22      2.31033     -  2.36036      -5.54113461909        13               0.05003
23      2.37038     -  2.47033      -5.6711371093        10               0.09995
24      2.48036     -  2.54032      -5.81044302558        2               0.05996
25      2.55037     -  2.6206      -5.67874728046        0               0.07023
26      2.63037     -  2.84032      -5.74510588637        8               0.20995
27      2.85041     -  3.03031      -5.6711371093        10               0.1799
28      3.04036     -  3.32032      -5.54113461909        13               0.27996
29      3.33037     -  3.37032      -5.6711371093        10               0.03995
30      3.38037     -  3.42032      -5.54113461909        13               0.03995
31      3.43032     -  3.45037      -5.229181        3               0.02005
32      3.46032     -  3.53032      -5.54113461909        13               0.07
33      3.54032     -  3.54032      -5.229181        3               0.0
34      3.55037     -  3.61037      -5.54113461909        13               0.06
35      3.62044     -  3.94031      -5.6711371093        10               0.31987
36      3.95056     -  4.11032      -5.81044302558        2               0.15976
37      4.12036     -  4.12036      -5.35026053035        1               0.0
38      4.13045     -  4.46157      -5.81044302558        2               0.33112
39      4.47031     -  4.91037      -5.67874728046        0               0.44006
40      4.92032     -  5.3504      -5.74510588637        8               0.43008
41      5.36032     -  5.40032      -5.67874728046        0               0.04
42      5.41031     -  5.51032      -5.74510588637        8               0.10001
43      5.52037     -  5.67036      -5.67874728046        0               0.14999
44      5.68042     -  5.77037      -5.61371501345        5               0.08995
45      5.78037     -  6.18037      -5.67874728046        0               0.4
46      6.19032     -  6.76032      -5.74510588637        8               0.57
47      6.77031     -  6.84037      -5.61371501345        5               0.07006
48      6.85039     -  6.88051      -5.67874728046        0               0.03012
49      6.89032     -  6.97037      -5.74510588637        8               0.08005
50      6.98032     -  6.99032      -5.67874728046        0               0.01
51      7.00036     -  7.09037      -5.61371501345        5               0.09001
52      7.10032     -  7.25037      -5.67874728046        0               0.15005
53      7.26032     -  7.46152      -5.61371501345        5               0.2012
54      7.47033     -  7.51032      -5.67874728046        0               0.03999
55      7.52032     -  7.53037      -5.229181        3               0.01005
56      7.54032     -  7.60037      -5.54113461909        13               0.06005
57      7.61032     -  7.87037      -5.61371501345        5               0.26005
58      7.88032     -  7.92037      -5.54113461909        13               0.04005
59      7.93042     -  7.9616      -5.61371501345        5               0.03118
60      7.97037     -  8.16032      -5.67874728046        0               0.18995
61      8.17032     -  8.17032      -5.74510588637        8               0.0
62      8.18043     -  8.41037      -5.67874728046        0               0.22994
63      8.42037     -  8.42037      -5.74510588637        8               0.0
64      8.43047     -  8.43047      -5.229181        3               0.0
65      8.44031     -  8.66037      -5.67874728046        0               0.22006
66      8.67032     -  8.67032      -5.229181        3               0.0
67      8.68033     -  9.32037      -5.67874728046        0               0.64004
68      9.33037     -  9.39037      -5.61371501345        5               0.06
69      9.40037     -  9.55037      -5.67874728046        0               0.15
70      9.56031     -  9.73037      -5.61371501345        5               0.17006
71      9.74032     -  10.10037      -5.67874728046        0               0.36005
72      10.11032     -  10.66041      -5.61371501345        5               0.55009
73      10.67033     -  11.00032      -5.67874728046        0               0.32999
74      11.01033     -  11.06032      -5.74510588637        8               0.04999
75      11.07032     -  11.24047      -5.67874728046        0               0.17015
76      11.25037     -  11.27032      -5.74510588637        8               0.01995
77      11.28037     -  11.49047      -5.67874728046        0               0.2101
78      11.50033     -  11.55037      -5.74510588637        8               0.05004
79      11.56033     -  11.69037      -5.67874728046        0               0.13004
80      11.70033     -  11.76033      -5.74510588637        8               0.06
81      11.77032     -  11.77032      -5.229181        3               0.0
82      11.78033     -  11.87033      -5.74510588637        8               0.09
83      11.88052     -  12.09033      -5.67874728046        0               0.20981
84      12.10033     -  12.15037      -5.74510588637        8               0.05004
85      12.16037     -  12.29033      -5.67874728046        0               0.12996
86      12.30033     -  12.35033      -5.74510588637        8               0.05
87      12.36033     -  12.36033      -5.229181        3               0.0
88      12.37037     -  12.44033      -5.74510588637        8               0.06996
89      12.45037     -  12.69032      -5.67874728046        0               0.23995
90      12.70036     -  12.83032      -5.74510588637        8               0.12996
91      12.84033     -  12.85048      -5.229181        3               0.01015
92      12.86031     -  12.92078      -5.67874728046        0               0.06047
93      12.93043     -  13.15086      -5.74510588637        8               0.22043
94      13.16037     -  13.22032      -5.67874728046        0               0.05995
95      13.23032     -  13.24043      -5.229181        3               0.01011
96      13.25036     -  14.35032      -5.67874728046        0               1.09996
97      14.36032     -  14.36032      -5.229181        3               0.0
98      14.37032     -  14.47046      -5.67874728046        0               0.10014
99      14.48032     -  14.48032      -5.229181        3               0.0
100      14.49048     -  14.57098      -5.74510588637        8               0.0805
101      14.58036     -  14.58036      -5.229181        3               0.0
102      14.59036     -  14.71164      -5.54113461909        13               0.12128
103      14.72031     -  14.77037      -5.46602592002        12               0.05006
104      14.78037     -  14.94032      -5.39986209222        6               0.15995
105      14.95032     -  15.07098      -5.29334034602        9               0.12066
106      15.08032     -  15.08032      -5.229181        3               0.0
107      15.09032     -  15.30032      -5.67874728046        0               0.21
108      15.31036     -  15.38037      -5.74510588637        8               0.07001
109      15.39036     -  15.60032      -5.6711371093        10               0.20996
110      15.61032     -  15.64037      -5.61371501345        5               0.03005
111      15.65037     -  15.9616      -5.67874728046        0               0.31123
112      15.97035     -  15.97035      -5.229181        3               0.0
113      15.98037     -  16.00035      -5.67874728046        0               0.01998
114      16.01032     -  16.11032      -5.61371501345        5               0.1
115      16.12032     -  16.12032      -5.229181        3               0.0
116      16.13037     -  16.35032      -5.67874728046        0               0.21995
117      16.36032     -  16.55031      -5.61371501345        5               0.18999
118      16.56037     -  16.57037      -5.54113461909        13               0.01
119      16.58037     -  16.63037      -5.46602592002        12               0.05
120      16.64032     -  16.64032      -5.54113461909        13               0.0
121      16.65037     -  16.91032      -5.61371501345        5               0.25995
122      16.92142     -  17.00033      -5.67874728046        0               0.07891
123      17.01032     -  17.11036      -5.61371501345        5               0.10004
124      17.12032     -  17.35037      -5.67874728046        0               0.23005
125      17.36031     -  17.40032      -5.74510588637        8               0.04001
126      17.41033     -  17.56032      -5.67874728046        0               0.14999
127      17.57033     -  17.59033      -5.74510588637        8               0.02
128      17.60036     -  17.60036      -5.229181        3               0.0
129      17.61032     -  17.64037      -5.74510588637        8               0.03005
130      17.65037     -  18.16032      -5.67874728046        0               0.50995
131      18.17037     -  18.17037      -5.61371501345        5               0.0
132      18.18045     -  18.18045      -4.36460956485        15               0.0
133      18.19032     -  18.19032      -5.229181        3               0.0
134      18.20032     -  18.67032      -5.67874728046        0               0.47
135      18.68036     -  18.85044      -5.74510588637        8               0.17008
136      18.86036     -  19.11032      -5.67874728046        0               0.24996
137      19.12032     -  19.34037      -5.74510588637        8               0.22005
138      19.35032     -  19.37037      -5.229181        3               0.02005
139      19.38032     -  19.53035      -5.67874728046        0               0.15003
140      19.54037     -  19.54037      -5.229181        3               0.0
141      19.55036     -  19.73032      -5.67874728046        0               0.17996
142      19.74036     -  20.07105      -5.74510588637        8               0.33069
143      20.08037     -  20.67037      -5.67874728046        0               0.59
144      20.68051     -  20.85037      -5.61371501345        5               0.16986
145      20.86032     -  20.89032      -5.54113461909        13               0.03
146      20.90037     -  21.09037      -5.61371501345        5               0.19
147      21.10036     -  21.11032      -5.229181        3               0.00996
148      21.12032     -  21.20037      -5.67874728046        0               0.08005
149      21.21167     -  21.55032      -5.61371501345        5               0.33865
150      21.56037     -  21.58032      -4.36460956485        15               0.01995
151      21.59036     -  21.59036      -5.229181        3               0.0
152      21.60037     -  21.96164      -5.67874728046        0               0.36127
153      21.97036     -  22.08032      -5.74510588637        8               0.10996
154      22.09032     -  22.13031      -5.67874728046        0               0.03999
155      22.14037     -  22.24032      -5.74510588637        8               0.09995
156      22.25032     -  22.35036      -5.67874728046        0               0.10004
157      22.36037     -  22.36037      -5.229181        3               0.0
158      22.37032     -  22.61031      -5.74510588637        8               0.23999
159      22.62032     -  22.72037      -5.67874728046        0               0.10005
160      22.73032     -  22.79032      -5.74510588637        8               0.06
161      22.80032     -  22.88032      -5.67874728046        0               0.08
162      22.89032     -  22.94037      -5.74510588637        8               0.05005
163      22.95036     -  22.95036      -5.229181        3               0.0
164      22.99292     -  23.32102      -5.67874728046        0               0.3281
165      23.33033     -  23.53032      -5.74510588637        8               0.19999
166      23.54033     -  23.63031      -5.67874728046        0               0.08998
167      23.64037     -  23.64037      -5.229181        3               0.0
168      23.65037     -  23.85033      -5.61371501345        5               0.19996
169      23.86037     -  24.01033      -5.54113461909        13               0.14996
170      24.02037     -  24.08033      -5.61371501345        5               0.05996
171      24.09033     -  24.11037      -5.54113461909        13               0.02004
172      24.12032     -  24.14031      -5.61371501345        5               0.01999
173      24.15037     -  24.36033      -5.67874728046        0               0.20996
174      24.37037     -  24.37037      -5.229181        3               0.0
175      24.38033     -  24.50032      -5.67874728046        0               0.11999
176      24.51078     -  24.51078      -5.229181        3               0.0
177      24.52033     -  24.83033      -5.67874728046        0               0.31
178      24.84061     -  24.93053      -5.61371501345        5               0.08992
179      24.94035     -  25.44033      -5.67874728046        0               0.49998
180      25.45037     -  25.45037      -5.229181        3               0.0
181      25.46174     -  25.50037      -5.67874728046        0               0.03863
182      25.51033     -  25.66037      -5.61371501345        5               0.15004
183      25.67033     -  25.69033      -5.67874728046        0               0.02
184      25.70033     -  25.79037      -5.74510588637        8               0.09004
185      25.80033     -  25.95033      -5.6711371093        10               0.15
186      25.96166     -  26.22031      -5.61371501345        5               0.25865
187      26.23033     -  26.43037      -5.54113461909        13               0.20004
188      26.44037     -  26.47037      -4.84270230373        7               0.03
189      26.48033     -  26.51037      -5.229181        3               0.03004
190      26.52033     -  26.98037      -4.84270230373        7               0.46004
191      26.99043     -  26.99043      -5.229181        3               0.0
192      27.00037     -  27.02031      -5.54113461909        13               0.01994
193      27.03033     -  27.06037      -5.229181        3               0.03004
194      27.07032     -  27.49033      -4.84270230373        7               0.42001
195      27.50037     -  27.71033      -5.54113461909        13               0.20996
196      27.72033     -  27.84037      -5.61371501345        5               0.12004
197      27.85041     -  27.9305      -5.229181        3               0.08009
198      27.94035     -  28.09038      -4.84270230373        7               0.15003
199      28.10032     -  28.23037      -5.229181        3               0.13005
200      28.24043     -  28.26032      -5.54113461909        13               0.01989
201      28.27033     -  28.35033      -5.229181        3               0.08
202      28.36036     -  28.45033      -4.84270230373        7               0.08997
203      28.46171     -  28.79033      -5.229181        3               0.32862
204      28.80031     -  28.89036      -4.84270230373        7               0.09005
205      28.901     -  28.91037      -4.36460956485        15               0.00937
206      28.92036     -  28.92036      -5.229181        3               0.0
207      28.93037     -  28.95033      -5.54113461909        13               0.01996
208      28.96036     -  28.96036      -5.229181        3               0.0
209      28.97037     -  29.22032      -4.84270230373        7               0.24995
210      29.23038     -  29.25037      -4.36460956485        15               0.01999
211      29.26036     -  29.26036      -5.35026053035        1               0.0
212      29.27033     -  29.30036      -5.39986209222        6               0.03003
213      29.31032     -  29.59037      -5.46602592002        12               0.28005
214      29.60032     -  29.70032      -5.39986209222        6               0.1
215      29.71033     -  30.02031      -5.29334034602        9               0.30998
216      30.03037     -  30.07106      -5.39986209222        6               0.04069
217      30.08031     -  30.12037      -5.29334034602        9               0.04006
218      30.13036     -  30.13036      -5.39986209222        6               0.0
219      30.14033     -  30.14033      -5.35026053035        1               0.0
220      30.15036     -  30.21031      -5.29334034602        9               0.05995
221      30.22037     -  30.43031      -5.39986209222        6               0.20994
222      30.44037     -  30.86033      -5.29334034602        9               0.41996
223      30.87032     -  30.96173      -5.39986209222        6               0.09141
224      30.97032     -  30.99039      -5.29334034602        9               0.02007
225      31.00033     -  31.11031      -5.39986209222        6               0.10998
226      31.1204     -  31.17032      -5.46602592002        12               0.04992
227      31.18059     -  31.20032      -5.39986209222        6               0.01973
228      31.21172     -  31.25035      -5.29334034602        9               0.03863
229      31.26036     -  31.36035      -5.39986209222        6               0.09999
230      31.37055     -  32.01036      -5.46602592002        12               0.63981
231      32.02033     -  32.09032      -5.39986209222        6               0.06999
232      32.10037     -  32.29031      -5.46602592002        12               0.18994
233      32.30033     -  32.30033      -5.35026053035        1               0.0
234      32.31036     -  32.50032      -5.39986209222        6               0.18996
235      32.51032     -  32.91037      -5.46602592002        12               0.40005
236      32.92037     -  32.98037      -5.54113461909        13               0.06
237      32.99046     -  33.02033      -5.46602592002        12               0.02987
238      33.03033     -  33.27033      -5.39986209222        6               0.24
239      33.28037     -  33.54033      -5.46602592002        12               0.25996
240      33.55033     -  33.70038      -5.54113461909        13               0.15005
241      33.71037     -  33.98032      -5.46602592002        12               0.26995
242      33.99044     -  34.11032      -5.54113461909        13               0.11988
243      34.12033     -  34.14037      -4.84270230373        7               0.02004
244      34.15036     -  34.15036      -5.54113461909        13               0.0
245      34.16037     -  34.36036      -5.61371501345        5               0.19999
246      34.37038     -  34.43062      -5.54113461909        13               0.06024
247      34.44038     -  34.44038      -5.46602592002        12               0.0
248      34.45033     -  34.61033      -5.39986209222        6               0.16
249      34.62033     -  34.62033      -4.84270230373        7               0.0
250      34.63033     -  34.67033      -5.229181        3               0.04
251      34.68037     -  34.76038      -5.54113461909        13               0.08001
252      34.77038     -  34.78033      -5.6711371093        10               0.00995
253      34.79033     -  35.23033      -5.54113461909        13               0.44
254      35.24033     -  35.29038      -5.61371501345        5               0.05005
255      35.30033     -  35.34033      -5.54113461909        13               0.04
256      35.35033     -  35.44033      -5.6711371093        10               0.09
257      35.45037     -  35.52031      -5.54113461909        13               0.06994
258      35.53033     -  35.69033      -5.61371501345        5               0.16
259      35.70038     -  35.78038      -5.54113461909        13               0.08
260      35.79038     -  35.79038      -5.229181        3               0.0
261      35.80038     -  35.84038      -5.67874728046        0               0.04
262      35.85038     -  35.85038      -5.229181        3               0.0
263      35.86033     -  36.21179      -5.6711371093        10               0.35146
264      36.22069     -  36.31033      -5.54113461909        13               0.08964
265      36.32032     -  36.33033      -5.229181        3               0.01001
266      36.34036     -  36.37038      -5.54113461909        13               0.03002
267      36.38031     -  36.50032      -5.61371501345        5               0.12001
268      36.51033     -  36.65032      -5.54113461909        13               0.13999
269      36.66032     -  36.69036      -5.229181        3               0.03004
270      36.70031     -  36.79036      -5.54113461909        13               0.09005
271      36.80037     -  36.80037      -5.229181        3               0.0
272      36.81033     -  36.90037      -5.54113461909        13               0.09004
273      36.91035     -  36.99037      -5.6711371093        10               0.08002
274      37.00037     -  37.01037      -5.229181        3               0.01
275      37.02033     -  37.05037      -5.67874728046        0               0.03004
276      37.06033     -  37.25033      -5.74510588637        8               0.19
277      37.26033     -  37.27033      -5.81044302558        2               0.01
278      37.28037     -  37.28037      -5.35026053035        1               0.0
279      37.29037     -  37.30032      -5.90325880566        14               0.00995
280      37.31033     -  37.33037      -4.84270230373        7               0.02004
281      37.34033     -  37.39037      -5.6711371093        10               0.05004
282      37.4006     -  37.43037      -5.81044302558        2               0.02977
283      37.44033     -  37.53037      -5.35026053035        1               0.09004
284      37.54033     -  37.62054      -5.46602592002        12               0.08021
285      37.63037     -  37.63037      -5.35026053035        1               0.0
286      37.64033     -  37.65033      -5.46602592002        12               0.01
287      37.66037     -  37.68033      -5.39986209222        6               0.01996
288      37.69037     -  37.69037      -4.36460956485        15               0.0
289      37.70037     -  37.77037      -5.54113461909        13               0.07
290      37.78037     -  37.78037      -5.229181        3               0.0
291      37.79037     -  37.88033      -5.54113461909        13               0.08996
292      37.89032     -  37.89032      -5.229181        3               0.0
293      37.90044     -  38.04037      -5.54113461909        13               0.13993
294      38.05037     -  38.19033      -5.46602592002        12               0.13996
295      38.20037     -  38.54037      -5.54113461909        13               0.34
296      38.55033     -  38.55033      -5.6711371093        10               0.0
297      38.56032     -  39.01033      -5.54113461909        13               0.45001
298      39.02031     -  39.03032      -5.229181        3               0.01001
299      39.04037     -  39.14037      -5.46602592002        12               0.1
300      39.15037     -  39.18037      -5.54113461909        13               0.03
301      39.19037     -  39.26033      -5.6711371093        10               0.06996
302      39.27036     -  39.27036      -5.229181        3               0.0
303      39.28033     -  39.49041      -5.6711371093        10               0.21008
304      39.50036     -  39.56032      -5.81044302558        2               0.05996
305      39.57117     -  39.58036      -5.35026053035        1               0.00919
306      39.59033     -  39.98032      -6.14055818206        11               0.38999
307      39.99032     -  40.01042      -5.90325880566        14               0.0201
308      40.02032     -  40.02032      -5.35026053035        1               0.0
309      40.03033     -  40.22032      -5.74510588637        8               0.18999
310      40.23037     -  40.23037      -5.67874728046        0               0.0
311      40.24041     -  40.47033      -6.0013897622        4               0.22992
312      40.48033     -  40.48033      -5.35026053035        1               0.0
313      40.49037     -  40.53033      -5.90325880566        14               0.03996
314      40.54037     -  40.58033      -5.35026053035        1               0.03996
315      40.59033     -  40.76032      -6.0013897622        4               0.16999
316      40.77036     -  40.83031      -5.90325880566        14               0.05995
317      40.84033     -  40.85041      -5.35026053035        1               0.01008
318      40.86037     -  40.90032      -5.90325880566        14               0.03995
319      40.91037     -  40.92037      -5.35026053035        1               0.01
320      40.93088     -  41.48033      -6.0013897622        4               0.54945
321      41.49037     -  41.49037      -5.35026053035        1               0.0
322      41.50033     -  41.52037      -5.90325880566        14               0.02004
323      41.53037     -  41.56037      -5.35026053035        1               0.03
324      41.57033     -  41.61037      -5.90325880566        14               0.04004
325      41.62037     -  41.67037      -6.0013897622        4               0.05
326      41.68065     -  41.68065      -5.35026053035        1               0.0
327      41.69037     -  41.79037      -5.90325880566        14               0.1
328      41.80031     -  42.95033      -6.0013897622        4               1.15002
329      42.96179     -  43.20033      -6.14055818206        11               0.23854
330      43.21178     -  43.38036      -6.0013897622        4               0.16858
331      43.39037     -  43.66037      -5.90325880566        14               0.27
332      43.67033     -  43.68033      -5.35026053035        1               0.01
333      43.69033     -  43.75033      -6.0013897622        4               0.06
334      43.76033     -  43.81033      -5.90325880566        14               0.05
335      43.82119     -  43.82119      -5.35026053035        1               0.0
336      43.83037     -  43.85037      -5.90325880566        14               0.02
337      43.86033     -  43.86033      -5.35026053035        1               0.0
338      43.8705     -  44.06033      -5.90325880566        14               0.18983
339      44.07121     -  44.07121      -5.35026053035        1               0.0
340      44.08037     -  44.10033      -5.90325880566        14               0.01996
341      44.11033     -  44.19037      -6.0013897622        4               0.08004
342      44.20038     -  44.20038      -5.35026053035        1               0.0
343      44.21179     -  44.29038      -5.90325880566        14               0.07859
344      44.30032     -  44.65031      -6.0013897622        4               0.34999
345      44.66033     -  44.67036      -5.54113461909        13               0.01003
346      44.68033     -  44.79032      -5.46602592002        12               0.10999
347      44.80033     -  44.81036      -5.35026053035        1               0.01003
348      44.82037     -  44.83032      -5.90325880566        14               0.00995
349      44.84037     -  44.86038      -5.35026053035        1               0.02001
350      44.87036     -  44.87036      -5.90325880566        14               0.0
351      44.88033     -  44.90037      -5.35026053035        1               0.02004
352      44.91032     -  44.94036      -5.90325880566        14               0.03004
353      44.95033     -  44.95033      -5.35026053035        1               0.0
354      44.96173     -  45.11033      -6.0013897622        4               0.1486
355      45.12033     -  45.20037      -5.90325880566        14               0.08004
356      45.21174     -  45.21174      -5.35026053035        1               0.0
357      45.22033     -  45.30036      -5.90325880566        14               0.08003
358      45.31037     -  45.31037      -5.35026053035        1               0.0
359      45.32032     -  45.34032      -5.81044302558        2               0.02
360      45.35048     -  45.37033      -5.90325880566        14               0.01985
361      45.38036     -  45.39037      -5.35026053035        1               0.01001
362      45.40036     -  45.43065      -6.0013897622        4               0.03029
363      45.44032     -  45.46179      -5.35026053035        1               0.02147
364      45.47032     -  45.49049      -5.90325880566        14               0.02017
365      45.50032     -  45.51032      -5.35026053035        1               0.01
366      45.52032     -  45.55032      -5.81044302558        2               0.03
367      45.56037     -  45.56037      -5.90325880566        14               0.0
368      45.57037     -  45.57037      -5.35026053035        1               0.0
369      45.58037     -  45.61032      -5.90325880566        14               0.02995
370      45.62032     -  45.62032      -5.35026053035        1               0.0
371      45.63037     -  45.66036      -5.90325880566        14               0.02999
372      45.67095     -  45.7405      -5.81044302558        2               0.06955
373      45.75032     -  45.80036      -5.90325880566        14               0.05004
374      45.81033     -  45.81033      -5.35026053035        1               0.0
375      45.8212     -  45.96032      -5.90325880566        14               0.13912
376      45.97037     -  46.05032      -6.0013897622        4               0.07995
377      46.06037     -  46.11032      -6.14055818206        11               0.04995
378      46.12032     -  46.12032      -5.90325880566        14               0.0
379      46.13032     -  46.14037      -5.35026053035        1               0.01005
380      46.15037     -  46.32116      -6.14055818206        11               0.17079
381      46.33031     -  46.4905      -6.0013897622        4               0.16019
382      46.50037     -  46.50037      -5.35026053035        1               0.0
383      46.51037     -  46.67032      -6.0013897622        4               0.15995
384      46.68037     -  46.71174      -5.35026053035        1               0.03137
385      46.72032     -  46.72032      -4.36460956485        15               0.0
386      46.73056     -  46.85041      -5.6711371093        10               0.11985
387      46.86033     -  46.86033      -5.54113461909        13               0.0
388      46.87037     -  46.87037      -5.229181        3               0.0
389      46.88033     -  47.03037      -5.67874728046        0               0.15004
390      47.04052     -  47.04052      -5.229181        3               0.0
391      47.05032     -  47.06036      -5.67874728046        0               0.01004
392      47.07121     -  47.08035      -5.74510588637        8               0.00914
393      47.09082     -  47.09082      -5.229181        3               0.0
394      47.10033     -  47.23036      -5.67874728046        0               0.13003
395      47.24037     -  47.52033      -5.61371501345        5               0.27996
396      47.53038     -  47.53038      -5.229181        3               0.0
397      47.54036     -  47.72033      -5.6711371093        10               0.17997
398      47.73038     -  47.92033      -5.54113461909        13               0.18995
399      47.93071     -  48.01037      -5.6711371093        10               0.07966
400      48.02033     -  48.09033      -5.54113461909        13               0.07
401      48.10037     -  48.26099      -5.61371501345        5               0.16062
402      48.27033     -  48.30032      -5.229181        3               0.02999
403      48.31033     -  48.49046      -5.54113461909        13               0.18013
404      48.50032     -  48.52032      -5.6711371093        10               0.02
405      48.53038     -  48.61038      -5.61371501345        5               0.08
406      48.62032     -  48.79038      -5.54113461909        13               0.17006
407      48.80036     -  48.84036      -5.229181        3               0.04
408      48.85033     -  48.92061      -5.67874728046        0               0.07028
409      48.93033     -  48.99051      -5.229181        3               0.06018
410      49.00036     -  49.01033      -5.6711371093        10               0.00997
411      49.02036     -  49.04032      -5.54113461909        13               0.01996
412      49.05033     -  49.09033      -5.229181        3               0.04
413      49.1004     -  49.15033      -5.54113461909        13               0.04993
414      49.16036     -  49.23033      -5.61371501345        5               0.06997
415      49.24036     -  49.24036      -5.229181        3               0.0
416      49.25033     -  49.28031      -5.61371501345        5               0.02998
417      49.29033     -  49.38036      -5.229181        3               0.09003
418      49.39031     -  49.42033      -5.67874728046        0               0.03002
419      49.43065     -  49.59036      -5.61371501345        5               0.15971
420      49.60037     -  49.60037      -5.229181        3               0.0
421      49.61032     -  49.64037      -5.54113461909        13               0.03005
422      49.65036     -  49.73036      -5.6711371093        10               0.08
423      49.74033     -  49.77036      -5.54113461909        13               0.03003
424      49.78037     -  49.86033      -4.84270230373        7               0.07996
425      49.87032     -  49.88033      -5.229181        3               0.01001
426      49.89032     -  49.93032      -5.67874728046        0               0.04
427      49.94037     -  49.98037      -5.61371501345        5               0.04
428      49.99046     -  50.1807      -5.54113461909        13               0.19024
429      50.19032     -  50.20033      -4.84270230373        7               0.01001
430      50.21174     -  50.25036      -5.229181        3               0.03862
431      50.26033     -  50.39037      -5.54113461909        13               0.13004
432      50.40032     -  50.40032      -5.229181        3               0.0
433      50.41037     -  50.46037      -5.61371501345        5               0.05
434      50.47033     -  50.48032      -5.54113461909        13               0.00999
435      50.49037     -  50.52037      -5.61371501345        5               0.03
436      50.53033     -  50.53033      -5.229181        3               0.0
437      50.54032     -  50.59032      -5.54113461909        13               0.05
438      50.60045     -  50.68072      -5.61371501345        5               0.08027
439      50.69033     -  50.82038      -5.6711371093        10               0.13005
440      50.83038     -  50.91037      -5.54113461909        13               0.07999
441      50.92033     -  50.99048      -4.84270230373        7               0.07015
442      51.00037     -  51.04033      -5.6711371093        10               0.03996
443      51.05037     -  51.05037      -5.229181        3               0.0
444      51.06038     -  51.47032      -5.6711371093        10               0.40994
445      51.48037     -  51.56038      -5.54113461909        13               0.08001
446      51.57033     -  51.61038      -5.6711371093        10               0.04005
447      51.62033     -  51.78037      -5.54113461909        13               0.16004
448      51.79038     -  51.81038      -5.229181        3               0.02
449      51.82038     -  51.96033      -5.54113461909        13               0.13995
450      51.97037     -  51.99033      -5.229181        3               0.01996
451      52.00038     -  52.06037      -5.54113461909        13               0.05999
452      52.07032     -  52.13032      -5.46602592002        12               0.06
453      52.14032     -  52.14032      -5.229181        3               0.0
454      52.15056     -  52.2118      -5.54113461909        13               0.06124
455      52.22032     -  52.22032      -5.229181        3               0.0
456      52.23032     -  52.25033      -5.6711371093        10               0.02001
457      52.26037     -  52.31038      -5.54113461909        13               0.05001
458      52.32125     -  52.38037      -5.46602592002        12               0.05912
459      52.39038     -  52.40046      -5.229181        3               0.01008
460      52.41037     -  52.66033      -5.54113461909        13               0.24996
461      52.67038     -  52.71037      -5.61371501345        5               0.03999
462      52.72037     -  52.73033      -5.54113461909        13               0.00996
463      52.74033     -  52.84037      -5.46602592002        12               0.10004
464      52.85041     -  52.85041      -5.35026053035        1               0.0
465      52.86037     -  52.96033      -5.46602592002        12               0.09996
466      52.97032     -  53.02033      -5.229181        3               0.05001
467      53.03036     -  53.04033      -4.84270230373        7               0.00997
468      53.05036     -  53.05036      -5.229181        3               0.0
469      53.06033     -  53.12037      -5.54113461909        13               0.06004
470      53.13036     -  53.16037      -5.229181        3               0.03001
471      53.17036     -  53.29036      -5.54113461909        13               0.12
472      53.30033     -  53.35036      -5.229181        3               0.05003
473      53.36033     -  53.38037      -5.54113461909        13               0.02004
474      53.39032     -  53.40061      -5.46602592002        12               0.01029
475      53.41031     -  53.41031      -5.35026053035        1               0.0
476      53.42038     -  53.47031      -5.29334034602        9               0.04993
477      53.48033     -  53.57119      -5.39986209222        6               0.09086
478      53.58036     -  53.58036      -4.84270230373        7               0.0
479      53.59036     -  53.63032      -5.229181        3               0.03996
480      53.64031     -  53.85037      -4.36460956485        15               0.21006
481      53.86037     -  53.90033      -5.229181        3               0.03996
482      53.91033     -  53.93075      -4.36460956485        15               0.02042
483      53.94037     -  53.95037      -5.229181        3               0.01
484      53.96177     -  54.03036      -5.54113461909        13               0.06859
485      54.04041     -  54.05036      -4.84270230373        7               0.00995
486      54.06033     -  54.06033      -5.229181        3               0.0
487      54.07036     -  54.11036      -5.54113461909        13               0.04
488      54.12037     -  54.13031      -5.61371501345        5               0.00994
489      54.14033     -  54.19036      -4.36460956485        15               0.05003
490      54.20033     -  54.40052      -5.229181        3               0.20019
491      54.41031     -  54.44032      -5.6711371093        10               0.03001
492      54.45036     -  54.50038      -4.36460956485        15               0.05002
493      54.51036     -  54.51036      -5.35026053035        1               0.0
494      54.52033     -  54.54033      -5.90325880566        14               0.02
495      54.55032     -  54.58037      -4.36460956485        15               0.03005
496      54.59032     -  54.59032      -5.35026053035        1               0.0
497      54.60041     -  54.63031      -5.90325880566        14               0.0299
498      54.64038     -  54.64038      -5.35026053035        1               0.0
499      54.65032     -  54.67036      -5.81044302558        2               0.02004
500      54.68071     -  54.69036      -5.35026053035        1               0.00965
501      54.70038     -  54.72033      -5.90325880566        14               0.01995
502      54.73032     -  54.74051      -5.35026053035        1               0.01019
503      54.75032     -  54.85042      -5.46602592002        12               0.1001
504      54.86033     -  54.86033      -5.35026053035        1               0.0
505      54.87037     -  55.00033      -5.46602592002        12               0.12996
506      55.01033     -  55.04033      -5.229181        3               0.03
507      55.05033     -  55.11038      -5.54113461909        13               0.06005
508      55.12038     -  55.17033      -5.46602592002        12               0.04995
509      55.18075     -  55.26033      -5.54113461909        13               0.07958
510      55.27033     -  55.62037      -5.46602592002        12               0.35004
511      55.63035     -  55.63035      -5.35026053035        1               0.0
512      55.64032     -  55.71176      -5.46602592002        12               0.07144
513      55.72031     -  55.72031      -5.35026053035        1               0.0
514      55.73085     -  55.78036      -5.46602592002        12               0.04951
515      55.79037     -  55.9406      -5.229181        3               0.15023
516      55.95037     -  56.04037      -5.54113461909        13               0.09
517      56.05036     -  56.05036      -5.229181        3               0.0
518      56.06032     -  56.19032      -5.46602592002        12               0.13
519      56.20036     -  56.20036      -5.35026053035        1               0.0
520      56.21033     -  56.25037      -5.46602592002        12               0.04004
521      56.26031     -  56.26031      -5.229181        3               0.0
522      56.27033     -  56.28032      -4.84270230373        7               0.00999
523      56.29036     -  56.50032      -5.54113461909        13               0.20996
524      56.51037     -  56.69032      -5.46602592002        12               0.17995
525      56.70032     -  56.77032      -5.54113461909        13               0.07
526      56.78032     -  56.83032      -5.229181        3               0.05
527      56.84032     -  56.89036      -5.54113461909        13               0.05004
528      56.90032     -  56.91036      -4.84270230373        7               0.01004
529      56.92037     -  56.99056      -4.36460956485        15               0.07019
530      57.00037     -  57.02037      -4.84270230373        7               0.02
531      57.03036     -  57.03036      -5.229181        3               0.0
532      57.04037     -  57.06037      -5.54113461909        13               0.02
533      57.07123     -  57.13032      -5.46602592002        12               0.05909
534      57.14033     -  57.14033      -5.54113461909        13               0.0
535      57.15045     -  57.22032      -5.6711371093        10               0.06987
536      57.23036     -  57.23036      -5.54113461909        13               0.0
537      57.24051     -  57.39036      -5.46602592002        12               0.14985
538      57.40033     -  57.54032      -5.39986209222        6               0.13999
539      57.55036     -  57.63031      -5.46602592002        12               0.07995
540      57.64098     -  57.70033      -5.39986209222        6               0.05935
541      57.71176     -  57.75032      -5.29334034602        9               0.03856
542      57.76036     -  57.82122      -5.39986209222        6               0.06086
543      57.83032     -  57.87033      -5.29334034602        9               0.04001
544      57.88036     -  57.90036      -5.46602592002        12               0.02
545      57.91036     -  58.00037      -5.54113461909        13               0.09001
546      58.01032     -  58.03032      -5.46602592002        12               0.02
547      58.04033     -  58.05032      -5.39986209222        6               0.00999
548      58.06032     -  58.16032      -5.29334034602        9               0.1
549      58.17037     -  58.17037      -5.35026053035        1               0.0
550      58.18072     -  58.21032      -5.39986209222        6               0.0296
551      58.22037     -  58.36031      -5.46602592002        12               0.13994
552      58.37036     -  58.44036      -5.54113461909        13               0.07
553      58.45037     -  58.77037      -5.46602592002        12               0.32
554      58.78036     -  59.18032      -5.39986209222        6               0.39996
555      59.19037     -  59.28033      -5.46602592002        12               0.08996
556      59.29037     -  59.30032      -5.39986209222        6               0.00995
557      59.31032     -  59.43036      -5.29334034602        9               0.12004
558      59.44032     -  59.48033      -5.39986209222        6               0.04001
559      59.49036     -  59.69036      -5.29334034602        9               0.2
560      59.70057     -  59.75032      -5.39986209222        6               0.04975
561      59.76037     -  59.76037      -5.35026053035        1               0.0
562      59.77036     -  59.87036      -5.46602592002        12               0.1
563      59.88037     -  59.88037      -5.35026053035        1               0.0
564      59.89032     -  59.95036      -5.29334034602        9               0.06004
565      59.96177     -  60.05036      -5.46602592002        12               0.08859
566      60.06032     -  60.06032      -5.39986209222        6               0.0
567      60.07129     -  60.08035      -5.29334034602        9               0.00906000000001
568      60.09032     -  60.09032      -5.39986209222        6               0.0
569      60.1004     -  60.13036      -5.46602592002        12               0.02996
570      60.14032     -  60.14032      -5.35026053035        1               0.0
571      60.15036     -  60.19032      -5.29334034602        9               0.03996
572      60.20037     -  60.37036      -5.39986209222        6               0.16999
573      60.38037     -  60.39032      -5.67874728046        0               0.00995
574      60.40032     -  60.91037      -5.74510588637        8               0.51005
575      60.92032     -  60.93033      -5.229181        3               0.01001
576      60.94036     -  60.96175      -5.67874728046        0               0.02139
577      60.97033     -  61.14032      -5.74510588637        8               0.16999
578      61.15037     -  61.20032      -5.6711371093        10               0.04995
579      61.21176     -  61.22031      -5.229181        3               0.00855
580      61.23032     -  61.24051      -5.54113461909        13               0.01019
581      61.25033     -  61.43033      -5.46602592002        12               0.18
582      61.44032     -  61.47037      -5.39986209222        6               0.03005
583      61.48032     -  61.50032      -5.35026053035        1               0.02
584      61.51033     -  61.53032      -5.46602592002        12               0.01999
585      61.54036     -  61.61037      -5.54113461909        13               0.07001
586      61.62032     -  61.63036      -5.229181        3               0.01004
587      61.64036     -  61.69037      -5.54113461909        13               0.05001
588      61.70037     -  61.74032      -5.229181        3               0.03995
589      61.75037     -  61.82126      -5.61371501345        5               0.07089
590      61.83036     -  61.88036      -5.67874728046        0               0.05
591      61.89033     -  61.90036      -5.229181        3               0.01003
592      61.91033     -  62.03037      -4.84270230373        7               0.12004
593      62.04032     -  62.08036      -5.229181        3               0.04004
594      62.09032     -  62.11037      -4.84270230373        7               0.02005
595      62.12032     -  62.13032      -5.229181        3               0.01
596      62.14032     -  62.18072      -5.54113461909        13               0.0404
597      62.19037     -  62.22032      -5.61371501345        5               0.02995
598      62.23033     -  62.36036      -5.229181        3               0.13003
599      62.37037     -  62.48032      -4.84270230373        7               0.10995
600      62.49055     -  62.56037      -5.229181        3               0.06982
601      62.57128     -  62.59037      -5.74510588637        8               0.01909
602      62.60044     -  62.60044      -5.229181        3               0.0
603      62.61037     -  62.70036      -5.29334034602        9               0.08999
604      62.71176     -  62.79032      -5.229181        3               0.07856
605      62.80031     -  62.80031      -4.36460956485        15               0.0
606      62.81032     -  62.88032      -5.6711371093        10               0.07
607      62.89036     -  62.91033      -5.229181        3               0.01997
608      62.92036     -  63.05032      -4.84270230373        7               0.12996
609      63.06032     -  63.08036      -5.229181        3               0.02004
610      63.09037     -  63.11032      -4.84270230373        7               0.01995
611      63.12036     -  63.16032      -5.229181        3               0.03996
612      63.17032     -  63.23037      -4.84270230373        7               0.06005
613      63.24032     -  63.28036      -5.229181        3               0.04004
614      63.29037     -  63.37032      -5.6711371093        10               0.07995
615      63.38032     -  63.52032      -5.54113461909        13               0.14
616      63.53033     -  63.55037      -5.61371501345        5               0.02004
617      63.56037     -  63.56037      -5.229181        3               0.0
618      63.57132     -  63.63032      -5.6711371093        10               0.059
619      63.64037     -  64.01037      -5.81044302558        2               0.37
620      64.02036     -  64.16032      -5.90325880566        14               0.13996
621      64.17037     -  64.22032      -5.35026053035        1               0.04995
622      64.23033     -  64.27036      -5.90325880566        14               0.04003
623      64.28037     -  64.30032      -5.35026053035        1               0.01995
624      64.31032     -  64.34032      -5.90325880566        14               0.03
625      64.35032     -  64.38037      -5.35026053035        1               0.03005
626      64.39036     -  64.44037      -6.0013897622        4               0.05001
627      64.45032     -  64.45032      -5.35026053035        1               0.0
628      64.46037     -  64.76033      -5.90325880566        14               0.29996
629      64.77036     -  64.81036      -6.0013897622        4               0.04
630      64.82037     -  64.83032      -5.35026053035        1               0.00995
631      64.84037     -  64.90037      -5.90325880566        14               0.06
632      64.91032     -  64.91032      -5.35026053035        1               0.0
633      64.92032     -  65.06032      -5.90325880566        14               0.14
634      65.07032     -  65.19032      -6.0013897622        4               0.12
635      65.20041     -  65.21037      -5.35026053035        1               0.00995999999999
636      65.22032     -  65.31032      -5.81044302558        2               0.09
637      65.32126     -  65.33032      -5.90325880566        14               0.00906000000001
638      65.34032     -  65.52037      -5.6711371093        10               0.18005
639      65.53037     -  65.60047      -5.54113461909        13               0.0701
640      65.61032     -  65.65056      -5.229181        3               0.04024
641      65.66036     -  65.88036      -5.6711371093        10               0.22
642      65.89032     -  65.9308      -5.54113461909        13               0.04048
643      65.94031     -  66.04055      -5.61371501345        5               0.10024
644      66.05035     -  66.09032      -5.229181        3               0.03997
645      66.10032     -  66.12036      -5.74510588637        8               0.02004
646      66.13033     -  66.27032      -5.67874728046        0               0.13999
647      66.28037     -  66.34032      -5.74510588637        8               0.05995
648      66.35048     -  66.37033      -5.229181        3               0.01985
649      66.38037     -  66.61031      -5.67874728046        0               0.22994
650      66.62054     -  66.67033      -5.74510588637        8               0.04979
651      66.68079     -  66.7118      -5.81044302558        2               0.03101
652      66.72032     -  66.77032      -5.90325880566        14               0.05
653      66.78032     -  66.98032      -5.6711371093        10               0.2
654      66.99052     -  67.10042      -5.54113461909        13               0.1099
655      67.11032     -  67.33032      -5.6711371093        10               0.22
656      67.34032     -  67.45032      -5.81044302558        2               0.11
657      67.4618     -  67.48033      -5.6711371093        10               0.01853
658      67.49059     -  67.49059      -5.81044302558        2               0.0
659      67.50033     -  67.55032      -5.90325880566        14               0.04999
660      67.56037     -  67.59037      -5.81044302558        2               0.03
661      67.60044     -  67.69032      -5.6711371093        10               0.08988
662      67.70037     -  67.72037      -5.54113461909        13               0.02
663      67.73032     -  67.73032      -5.229181        3               0.0
664      67.74052     -  68.01037      -5.6711371093        10               0.26985
665      68.02033     -  68.14033      -5.81044302558        2               0.12
666      68.15036     -  68.32037      -5.6711371093        10               0.17001
667      68.33037     -  68.4006      -5.81044302558        2               0.07023
668      68.41036     -  68.42037      -5.6711371093        10               0.01001
669      68.43077     -  68.47043      -5.81044302558        2               0.03966
670      68.48033     -  68.57131      -5.90325880566        14               0.09098
671      68.58037     -  68.62037      -5.81044302558        2               0.04
672      68.63032     -  68.64037      -5.90325880566        14               0.01005
673      68.65056     -  68.65056      -5.35026053035        1               0.0
674      68.66032     -  68.68081      -5.90325880566        14               0.02049
675      68.69032     -  68.75037      -5.81044302558        2               0.06005
676      68.76037     -  68.95037      -5.6711371093        10               0.19
677      68.96037     -  69.00037      -5.81044302558        2               0.04
678      69.01032     -  69.04033      -5.6711371093        10               0.03001
679      69.05032     -  69.09032      -5.81044302558        2               0.04
680      69.10043     -  69.19032      -5.90325880566        14               0.08989
681      69.20032     -  69.24055      -5.81044302558        2               0.04023
682      69.25032     -  69.34037      -5.6711371093        10               0.09005
683      69.35047     -  69.5604      -5.81044302558        2               0.20993
684      69.57128     -  69.60043      -5.90325880566        14               0.02915
685      69.61036     -  69.61036      -5.35026053035        1               0.0
686      69.62037     -  69.74037      -5.74510588637        8               0.12
687      69.75037     -  69.83036      -5.81044302558        2               0.07999
688      69.84037     -  69.87037      -5.6711371093        10               0.03
689      69.88037     -  69.90037      -5.54113461909        13               0.02
690      69.91037     -  69.94032      -5.6711371093        10               0.02995
691      69.95037     -  69.99051      -5.81044302558        2               0.04014
692      70.00037     -  70.00037      -5.6711371093        10               0.0
693      70.01032     -  70.07136      -5.54113461909        13               0.06104
694      70.08037     -  70.12037      -5.6711371093        10               0.04
695      70.13032     -  70.17032      -5.61371501345        5               0.04
696      70.18081     -  70.19037      -5.229181        3               0.00956000000001
697      70.20037     -  70.23032      -5.6711371093        10               0.02995
698      70.24059     -  70.33035      -5.54113461909        13               0.08976
699      70.34032     -  70.42037      -5.6711371093        10               0.08005
700      70.43037     -  70.62032      -5.81044302558        2               0.18995
701      70.63032     -  70.64037      -5.6711371093        10               0.01005
702      70.65037     -  70.73032      -5.54113461909        13               0.07995
703      70.74037     -  70.74037      -5.6711371093        10               0.0
704      70.75037     -  70.89037      -5.81044302558        2               0.14
705      70.9006     -  70.91037      -5.35026053035        1               0.00977
706      70.92032     -  70.98032      -5.90325880566        14               0.06
707      70.99051     -  71.04037      -6.0013897622        4               0.04986
708      71.05032     -  71.05032      -5.35026053035        1               0.0
709      71.06037     -  71.28037      -5.29334034602        9               0.22
710      71.29032     -  71.38037      -5.39986209222        6               0.09005
711      71.39032     -  71.45037      -5.67874728046        0               0.06005
712      71.46182     -  71.51032      -5.61371501345        5               0.0485
713      71.52031     -  71.52031      -5.229181        3               0.0
714      71.53036     -  71.63036      -5.67874728046        0               0.1
715      71.64033     -  71.95036      -6.0013897622        4               0.31003
716      71.96181     -  72.01032      -5.90325880566        14               0.04851
717      72.02037     -  72.02037      -5.35026053035        1               0.0
718      72.03036     -  72.12037      -5.90325880566        14               0.09001
719      72.13036     -  72.28037      -6.0013897622        4               0.15001
720      72.29032     -  72.39036      -5.90325880566        14               0.10004
721      72.40061     -  73.08037      -5.81044302558        2               0.67976
722      73.09032     -  73.09032      -5.35026053035        1               0.0
723      73.10037     -  73.32137      -5.81044302558        2               0.221
724      73.33032     -  73.34032      -5.35026053035        1               0.01
725      73.35047     -  73.40037      -5.90325880566        14               0.0499
726      73.41036     -  73.57137      -5.81044302558        2               0.16101
727      73.58037     -  73.62037      -6.14055818206        11               0.04
728      73.63036     -  73.70033      -5.90325880566        14               0.06997
729      73.71032     -  73.94032      -5.81044302558        2               0.23
730      73.95032     -  74.00032      -5.90325880566        14               0.05
731      74.01037     -  74.07037      -5.81044302558        2               0.06
732      74.08036     -  74.25032      -5.90325880566        14               0.16996
733      74.26061     -  74.35037      -6.0013897622        4               0.08976
734      74.36032     -  74.39037      -5.90325880566        14               0.03005
735      74.40032     -  74.40032      -5.35026053035        1               0.0
736      74.41037     -  74.49056      -5.29334034602        9               0.08019
737      74.50036     -  74.50036      -5.35026053035        1               0.0
738      74.51037     -  74.55036      -5.90325880566        14               0.03999
739      74.56037     -  74.78033      -5.81044302558        2               0.21996
740      74.79032     -  74.86037      -5.90325880566        14               0.07005
741      74.87037     -  74.87037      -5.35026053035        1               0.0
742      74.88037     -  74.90037      -5.90325880566        14               0.02
743      74.91037     -  76.06038      -6.0013897622        4               1.15001
744      76.07132     -  76.07132      -5.90325880566        14               0.0
745      76.08037     -  76.18082      -5.81044302558        2               0.10045
746      76.19037     -  76.21183      -5.35026053035        1               0.02146
747      76.22035     -  76.92038      -5.90325880566        14               0.70003
748      76.93033     -  76.93033      -5.35026053035        1               0.0
749      76.94037     -  76.98033      -5.90325880566        14               0.03996
750      76.99055     -  77.05037      -6.0013897622        4               0.05982
751      77.06037     -  77.18083      -5.90325880566        14               0.12046
752      77.19033     -  77.42033      -6.0013897622        4               0.23
753      77.43083     -  77.52035      -5.90325880566        14               0.08952
754      77.53036     -  77.53036      -5.35026053035        1               0.0
755      77.5406     -  77.5406      -5.90325880566        14               0.0
756      77.55032     -  77.55032      -5.35026053035        1               0.0
757      77.56032     -  77.83036      -5.81044302558        2               0.27004
758      77.84037     -  77.88032      -5.90325880566        14               0.03995
759      77.89032     -  77.89032      -5.35026053035        1               0.0
760      77.90033     -  78.12037      -5.90325880566        14               0.22004
761      78.13032     -  78.46115      -5.81044302558        2               0.33083
762      78.47036     -  78.48056      -5.35026053035        1               0.0102
763      78.49036     -  78.86037      -5.81044302558        2               0.37001
764      78.87033     -  78.91033      -5.6711371093        10               0.04
765      78.92037     -  78.98033      -5.81044302558        2               0.05996
766      78.99037     -  79.07141      -5.90325880566        14               0.08104
767      79.08032     -  79.08032      -5.35026053035        1               0.0
768      79.09037     -  79.11037      -5.81044302558        2               0.02
769      79.12033     -  79.16037      -5.6711371093        10               0.04004
770      79.17033     -  79.36031      -5.81044302558        2               0.18998
771      79.37084     -  79.43037      -5.6711371093        10               0.05953
772      79.44032     -  79.49033      -5.81044302558        2               0.05001
773      79.50037     -  79.54033      -5.90325880566        14               0.03996
774      79.55037     -  79.55037      -5.35026053035        1               0.0
775      79.56033     -  79.95033      -5.90325880566        14               0.39
776      79.96037     -  80.26033      -5.81044302558        2               0.29996
777      80.27032     -  80.27032      -5.35026053035        1               0.0
778      80.28037     -  80.46032      -5.81044302558        2               0.17995
779      80.47033     -  80.50037      -5.90325880566        14               0.03004
780      80.51037     -  80.67032      -5.81044302558        2               0.15995
781      80.68107     -  80.74052      -5.90325880566        14               0.05945
782      80.75032     -  80.75032      -5.35026053035        1               0.0
783      80.76036     -  80.80037      -5.90325880566        14               0.04001
784      80.81037     -  80.85032      -5.81044302558        2               0.03995
785      80.86032     -  80.91032      -5.6711371093        10               0.05
786      80.92033     -  81.02037      -5.81044302558        2               0.10004
787      81.03036     -  81.04037      -5.35026053035        1               0.01001
788      81.05032     -  81.17032      -5.81044302558        2               0.12
789      81.18037     -  81.41036      -5.90325880566        14               0.22999
790      81.42033     -  81.42033      -5.35026053035        1               0.0
791      81.43084     -  81.55036      -5.90325880566        14               0.11952
792      81.56032     -  81.56032      -5.35026053035        1               0.0
793      81.57142     -  81.91036      -5.46602592002        12               0.33894
794      81.92037     -  81.98038      -5.39986209222        6               0.06001
795      81.9905     -  82.10043      -5.46602592002        12               0.10993
796      82.11031     -  82.15036      -5.54113461909        13               0.04005
797      82.16036     -  82.19031      -5.46602592002        12               0.02995
798      82.20032     -  82.38032      -5.39986209222        6               0.18
799      82.39037     -  82.51038      -5.46602592002        12               0.12001
800      82.52033     -  82.61033      -5.39986209222        6               0.09
801      82.62037     -  82.62037      -5.35026053035        1               0.0
802      82.63037     -  82.81032      -5.39986209222        6               0.17995
803      82.82137     -  82.82137      -5.35026053035        1               0.0
804      82.83037     -  83.03037      -5.90325880566        14               0.2
805      83.04037     -  83.10041      -6.0013897622        4               0.06004
806      83.11031     -  83.19031      -5.90325880566        14               0.08
807      83.20037     -  83.53033      -5.81044302558        2               0.32996
808      83.54037     -  83.54037      -5.35026053035        1               0.0
809      83.55037     -  83.67033      -5.90325880566        14               0.11996
810      83.68033     -  83.78037      -5.81044302558        2               0.10004
811      83.79037     -  83.81033      -5.90325880566        14               0.01996
812      83.82146     -  84.08032      -5.81044302558        2               0.25886
813      84.09037     -  84.24032      -5.90325880566        14               0.14995
814      84.25032     -  84.25032      -5.35026053035        1               0.0
815      84.26048     -  84.60032      -4.36460956485        15               0.33984
816      84.61036     -  84.67031      -5.54113461909        13               0.05995
817      84.68081     -  84.74046      -5.6711371093        10               0.05965
818      84.75033     -  85.02035      -5.46602592002        12               0.27002
819      85.03068     -  85.08037      -5.39986209222        6               0.04969
820      85.09037     -  85.22032      -5.46602592002        12               0.12995
821      85.23037     -  85.34032      -5.81044302558        2               0.10995
822      85.35041     -  85.45032      -5.90325880566        14               0.09991
823      85.46036     -  85.46036      -5.81044302558        2               0.0
824      85.47032     -  85.51032      -5.6711371093        10               0.04
825      85.52036     -  85.63036      -5.54113461909        13               0.11
826      85.64036     -  85.64036      -5.6711371093        10               0.0
827      85.65037     -  85.84032      -5.54113461909        13               0.18995
828      85.85037     -  85.94032      -5.46602592002        12               0.08995
829      85.95032     -  85.95032      -5.35026053035        1               0.0
830      85.96032     -  85.99032      -5.46602592002        12               0.03
831      86.00032     -  86.27032      -5.229181        3               0.27
832      86.28032     -  86.39032      -5.54113461909        13               0.11
833      86.40033     -  86.43037      -5.46602592002        12               0.03004
834      86.44037     -  86.47037      -5.39986209222        6               0.03
835      86.48037     -  86.48037      -5.35026053035        1               0.0
836      86.49051     -  86.70033      -5.46602592002        12               0.20982
837      86.71115     -  86.84036      -5.54113461909        13               0.12921
838      86.85041     -  86.91032      -5.6711371093        10               0.05991
839      86.92032     -  87.03032      -5.46602592002        12               0.11
840      87.04032     -  87.13037      -5.54113461909        13               0.09005
841      87.14032     -  87.20037      -5.90325880566        14               0.06005
842      87.2112     -  87.29037      -6.0013897622        4               0.07917
843      87.30037     -  87.36037      -5.90325880566        14               0.06
844      87.37032     -  87.45032      -6.0013897622        4               0.08
845      87.46037     -  87.51036      -5.90325880566        14               0.04999
846      87.52037     -  87.53033      -5.35026053035        1               0.00996000000001
847      87.54037     -  87.67033      -5.90325880566        14               0.12996
848      87.6809     -  87.70037      -4.36460956485        15               0.01947
849      87.71116     -  87.73037      -5.81044302558        2               0.01921
850      87.74033     -  87.81033      -5.35026053035        1               0.07
851      87.82143     -  87.82143      -5.90325880566        14               0.0
852      87.83033     -  87.84033      -5.35026053035        1               0.00999999999999
853      87.85043     -  87.92037      -6.0013897622        4               0.06994
854      87.93084     -  87.94041      -5.90325880566        14               0.00957
855      87.95037     -  87.95037      -5.35026053035        1               0.0
856      87.96033     -  87.99032      -5.46602592002        12               0.02999
857      88.00037     -  88.00037      -5.35026053035        1               0.0
858      88.01045     -  88.08033      -5.90325880566        14               0.06988
859      88.09033     -  88.09033      -5.35026053035        1               0.0
860      88.10041     -  88.10041      -5.90325880566        14               0.0
861      88.11033     -  88.11033      -5.35026053035        1               0.0
862      88.12038     -  88.12038      -5.90325880566        14               0.0
863      88.13037     -  88.13037      -5.35026053035        1               0.0
864      88.14033     -  88.14033      -5.90325880566        14               0.0
865      88.15038     -  88.16036      -5.35026053035        1               0.00998
866      88.17037     -  88.19033      -5.90325880566        14               0.01996
867      88.20037     -  88.20037      -5.35026053035        1               0.0
868      88.21116     -  88.21116      -5.90325880566        14               0.0
869      88.22037     -  88.23036      -5.35026053035        1               0.00999
870      88.24048     -  88.30037      -6.0013897622        4               0.05989
871      88.31037     -  88.32144      -5.35026053035        1               0.01107
872      88.33037     -  88.40031      -6.0013897622        4               0.06994
873      88.41037     -  88.42036      -5.35026053035        1               0.00999
874      88.4309     -  88.51033      -5.90325880566        14               0.07943
875      88.52031     -  88.52031      -5.35026053035        1               0.0
876      88.53036     -  88.54037      -5.90325880566        14               0.01001
877      88.55031     -  88.56037      -5.35026053035        1               0.01006
878      88.57141     -  88.70036      -5.90325880566        14               0.12895
879      88.71116     -  88.83032      -6.0013897622        4               0.11916
880      88.84036     -  88.84036      -5.35026053035        1               0.0
881      88.85042     -  89.12033      -6.14055818206        11               0.26991
882      89.13036     -  89.57037      -6.0013897622        4               0.44001
883      89.58033     -  89.58033      -5.35026053035        1               0.0
884      89.59032     -  89.66037      -5.39986209222        6               0.07005
885      89.67037     -  89.70037      -5.81044302558        2               0.03
886      89.71119     -  89.71119      -5.35026053035        1               0.0
887      89.72037     -  89.80031      -5.46602592002        12               0.07994
888      89.81036     -  89.81036      -5.35026053035        1               0.0
889      89.82142     -  89.96117      -5.46602592002        12               0.13975
890      89.97037     -  89.97037      -5.35026053035        1               0.0
891      89.98036     -  90.00036      -5.74510588637        8               0.02
892      90.01057     -  90.01057      -5.229181        3               0.0
893      90.02032     -  90.05033      -5.67874728046        0               0.03001
894      90.06037     -  90.09037      -5.229181        3               0.03
895      90.10041     -  90.14032      -4.36460956485        15               0.03991
896      90.15033     -  90.22033      -6.0013897622        4               0.07
897      90.23036     -  90.29032      -5.90325880566        14               0.05996
898      90.30033     -  90.30033      -5.35026053035        1               0.0
899      90.31036     -  90.32149      -5.90325880566        14               0.01113
900      90.33036     -  90.33036      -5.35026053035        1               0.0
901      90.34033     -  90.34033      -5.46602592002        12               0.0
902      90.35045     -  90.35045      -5.54113461909        13               0.0
903      90.36031     -  90.40037      -5.6711371093        10               0.04006
904      90.41037     -  90.47036      -5.81044302558        2               0.05999
905      90.48033     -  90.49032      -5.35026053035        1               0.00999
906      90.50033     -  90.61037      -5.90325880566        14               0.11004
907      90.62033     -  90.74057      -6.0013897622        4               0.12024
908      90.75038     -  90.80033      -5.54113461909        13               0.04995
909      90.81033     -  90.81033      -5.229181        3               0.0
910      90.82143     -  90.98037      -5.54113461909        13               0.15894
911      90.99048     -  91.00032      -5.90325880566        14               0.00984
912      91.01044     -  91.01044      -5.35026053035        1               0.0
913      91.02033     -  91.03038      -5.90325880566        14               0.01005
914      91.04038     -  91.09033      -6.0013897622        4               0.04995
915      91.1004     -  91.1004      -5.35026053035        1               0.0
916      91.11038     -  91.38033      -6.0013897622        4               0.26995
917      91.39037     -  91.41037      -5.35026053035        1               0.02
918      91.42033     -  91.47038      -5.46602592002        12               0.05005
919      91.48037     -  91.62033      -5.39986209222        6               0.13996
920      91.63037     -  91.63037      -5.35026053035        1               0.0
921      91.64033     -  91.85046      -5.46602592002        12               0.21013
922      91.86033     -  91.86033      -5.35026053035        1               0.0
923      91.87033     -  92.24038      -5.46602592002        12               0.37005
924      92.25032     -  92.27037      -5.35026053035        1               0.02005
925      92.28033     -  92.29036      -5.29334034602        9               0.01003
926      92.30038     -  92.31032      -5.39986209222        6               0.00994
927      92.32148     -  92.44033      -5.81044302558        2               0.11885
928      92.45036     -  92.45036      -5.35026053035        1               0.0
929      92.46118     -  92.61033      -5.90325880566        14               0.14915
930      92.62037     -  92.68093      -5.81044302558        2               0.06056
931      92.69037     -  92.69037      -5.90325880566        14               0.0
932      92.70037     -  92.74037      -6.0013897622        4               0.04
933      92.75038     -  92.81036      -6.14055818206        11               0.05998
934      92.82148     -  92.85042      -6.0013897622        4               0.02894
935      92.86033     -  93.07148      -5.90325880566        14               0.21115
936      93.08032     -  93.09032      -5.35026053035        1               0.01
937      93.10043     -  93.12033      -5.90325880566        14               0.0199
938      93.13032     -  93.13032      -5.35026053035        1               0.0
939      93.14037     -  93.19036      -5.46602592002        12               0.04999
940      93.20033     -  93.20033      -5.35026053035        1               0.0
941      93.21121     -  93.32149      -6.14055818206        11               0.11028
942      93.33032     -  93.53032      -6.0013897622        4               0.2
943      93.54037     -  93.75037      -5.90325880566        14               0.21
944      93.76045     -  93.78032      -4.36460956485        15               0.01987
945      93.79032     -  93.79032      -5.35026053035        1               0.0
946      93.80032     -  93.81032      -6.0013897622        4               0.01
947      93.82146     -  93.85048      -5.54113461909        13               0.02902
948      93.86031     -  93.90037      -5.46602592002        12               0.04006
949      93.91036     -  93.94035      -5.35026053035        1               0.02999
950      93.95037     -  94.16032      -5.81044302558        2               0.20995
951      94.17037     -  94.20036      -5.35026053035        1               0.02999
952      94.21037     -  94.32032      -5.90325880566        14               0.10995
953      94.33037     -  94.36037      -5.39986209222        6               0.03
954      94.37032     -  94.39037      -5.81044302558        2               0.02005
955      94.40032     -  94.42037      -5.90325880566        14               0.02005
956      94.43032     -  94.43032      -5.35026053035        1               0.0
957      94.44037     -  94.67032      -5.39986209222        6               0.22995
958      94.68093     -  94.98036      -5.81044302558        2               0.29943
959      94.99043     -  95.00036      -5.229181        3               0.00993
960      95.01032     -  95.12037      -5.67874728046        0               0.11005
961      95.13037     -  95.13037      -5.229181        3               0.0
962      95.14032     -  95.32144      -5.29334034602        9               0.18112
963      95.33032     -  95.40036      -5.39986209222        6               0.07004
964      95.41032     -  95.44037      -5.81044302558        2               0.03005
965      95.45037     -  95.47037      -5.6711371093        10               0.02
966      95.48036     -  95.49048      -5.54113461909        13               0.01012
967      95.50036     -  95.50036      -5.229181        3               0.0
968      95.5106     -  95.52036      -5.67874728046        0               0.00976
969      95.53032     -  95.53032      -5.229181        3               0.0
970      95.54032     -  95.75032      -5.6711371093        10               0.21
971      95.76036     -  95.78032      -5.81044302558        2               0.01996
972      95.79046     -  95.81037      -5.35026053035        1               0.01991
973      95.82147     -  95.87037      -5.39986209222        6               0.0489
974      95.88037     -  95.93032      -5.81044302558        2               0.04995
975      95.94032     -  95.94032      -5.35026053035        1               0.0
976      95.95032     -  96.57032      -5.81044302558        2               0.62
977      96.58032     -  96.75032      -5.74510588637        8               0.17
978      96.76032     -  96.80032      -5.81044302558        2               0.04
979      96.81032     -  97.24056      -5.90325880566        14               0.43024
980      97.25032     -  97.31032      -5.39986209222        6               0.06
981      97.32148     -  97.33036      -5.29334034602        9               0.00888
982      97.34037     -  97.41033      -5.39986209222        6               0.06996
983      97.42032     -  97.65033      -5.81044302558        2               0.23001
984      97.66037     -  97.66037      -5.35026053035        1               0.0
985      97.67037     -  97.71037      -5.81044302558        2               0.04
986      97.72033     -  97.72033      -5.90325880566        14               0.0
987      97.73037     -  97.74038      -5.35026053035        1               0.01001
988      97.75037     -  97.78038      -5.90325880566        14               0.03001
989      97.79033     -  97.79033      -5.35026053035        1               0.0
990      97.80037     -  97.82144      -5.90325880566        14               0.02107
991      97.83037     -  97.85049      -5.35026053035        1               0.02012
992      97.86033     -  98.06033      -5.90325880566        14               0.2
993      98.07033     -  98.09037      -5.35026053035        1               0.02004
994      98.10043     -  98.25033      -5.39986209222        6               0.1499
995      98.26033     -  98.26033      -5.35026053035        1               0.0
996      98.27037     -  98.34033      -5.90325880566        14               0.06996
997      98.35049     -  98.43037      -5.81044302558        2               0.07988
998      98.44037     -  98.44037      -5.35026053035        1               0.0
999      98.45033     -  98.94037      -5.39986209222        6               0.49004
1000      98.95037     -  98.95037      -5.35026053035        1               0.0
1001      98.96037     -  99.07149      -5.46602592002        12               0.11112
1002      99.08037     -  99.08037      -5.35026053035        1               0.0
1003      99.09033     -  99.5104      -5.90325880566        14               0.42007
1004      99.52032     -  99.52032      -5.35026053035        1               0.0
1005      99.53037     -  99.56032      -5.90325880566        14               0.02995
1006      99.57037     -  99.62033      -6.0013897622        4               0.04996
1007      99.63031     -  99.84038      -6.14055818206        11               0.21007
1008      99.85048     -  99.99049      -6.0013897622        4               0.14001
 
Means and total domain of each hidden state
---------------------------------------
0th hidden state
total number with this hidden state =  76
mean =  [-5.67874728]
total time_domain =  13.43065

1th hidden state
total number with this hidden state =  137
mean =  [-5.35026053]
total time_domain =  0.88454

2th hidden state
total number with this hidden state =  72
mean =  [-5.81044303]
total time_domain =  9.43087

3th hidden state
total number with this hidden state =  114
mean =  [-5.229181]
total time_domain =  2.81512

4th hidden state
total number with this hidden state =  42
mean =  [-6.00138976]
total time_domain =  7.59367

5th hidden state
total number with this hidden state =  52
mean =  [-5.61371501]
total time_domain =  6.07983

6th hidden state
total number with this hidden state =  47
mean =  [-5.39986209]
total time_domain =  4.68043

7th hidden state
total number with this hidden state =  25
mean =  [-4.8427023]
total time_domain =  2.2102

8th hidden state
total number with this hidden state =  47
mean =  [-5.74510589]
total time_domain =  5.66871

9th hidden state
total number with this hidden state =  22
mean =  [-5.29334035]
total time_domain =  2.25712

10th hidden state
total number with this hidden state =  66
mean =  [-5.67113711]
total time_domain =  6.24681

11th hidden state
total number with this hidden state =  9
mean =  [-6.14055818]
total time_domain =  1.53951

12th hidden state
total number with this hidden state =  64
mean =  [-5.46602592]
total time_domain =  7.93719

13th hidden state
total number with this hidden state =  106
mean =  [-5.54113462]
total time_domain =  9.15562

14th hidden state
total number with this hidden state =  113
mean =  [-5.90325881]
total time_domain =  8.98551

15th hidden state
total number with this hidden state =  17
mean =  [-4.36460956]
total time_domain =  0.89917

