Number of Rows
--------------
3927
 
Hidden States
-------------
[5 5 5 ... 4 4 4]
 
Record of all hidden state
**********************************
No.     TIME Start  -  TIME End      VALUE           Hidden State {}th       Time domain
0      60.01037     -  60.40037      -6.3623181227        5               0.39
1      60.41047     -  60.42032      -6.22282267484        1               0.00985
2      60.43037     -  60.50032      -6.3623181227        5               0.06995
3      60.51032     -  60.53037      -5.85950622099        8               0.02005
4      60.54033     -  60.65032      -6.22282267484        1               0.10999
5      60.66032     -  60.77032      -6.06560605217        15               0.11
6      60.78037     -  60.81037      -6.22282267484        1               0.03
7      60.82037     -  60.82037      -5.36337075279        6               0.0
8      60.83037     -  60.90032      -6.06560605217        15               0.06995
9      60.91032     -  60.91032      -5.36337075279        6               0.0
10      60.92033     -  60.93037      -6.22282267484        1               0.01004
11      60.94037     -  60.95032      -5.85950622099        8               0.00995
12      60.96037     -  60.97032      -6.22282267484        1               0.00995
13      60.98032     -  61.01032      -6.06560605217        15               0.03
14      61.02118     -  61.33032      -5.72386570782        4               0.30914
15      61.34032     -  61.35037      -6.3623181227        5               0.01005
16      61.36036     -  61.36036      -6.22282267484        1               0.0
17      61.37037     -  61.3814      -5.85950622099        8               0.01103
18      61.39037     -  61.46032      -6.06560605217        15               0.06995
19      61.47037     -  61.51033      -5.85950622099        8               0.03996
20      61.52117     -  61.58031      -5.36337075279        6               0.05914
21      61.59033     -  61.60037      -6.22282267484        1               0.01004
22      61.61036     -  61.63145      -5.85950622099        8               0.02109
23      61.64037     -  61.75037      -6.22282267484        1               0.11
24      61.76037     -  61.76037      -5.85950622099        8               0.0
25      61.77121     -  61.83036      -6.06560605217        15               0.05915
26      61.84033     -  61.86037      -6.3623181227        5               0.02004
27      61.87037     -  61.87037      -6.22282267484        1               0.0
28      61.88147     -  61.94032      -6.06560605217        15               0.05885
29      61.95032     -  61.97036      -5.85950622099        8               0.02004
30      61.98033     -  62.02114      -6.06560605217        15               0.04081
31      62.03037     -  62.14033      -6.3623181227        5               0.10996
32      62.15032     -  62.15032      -5.85950622099        8               0.0
33      62.16033     -  62.20033      -6.22282267484        1               0.04
34      62.21037     -  62.22037      -5.85950622099        8               0.01
35      62.23037     -  62.24037      -6.22282267484        1               0.01
36      62.25037     -  62.25037      -6.06560605217        15               0.0
37      62.26037     -  62.28033      -5.85950622099        8               0.01996
38      62.29037     -  62.29037      -6.06560605217        15               0.0
39      62.30033     -  62.30033      -5.36337075279        6               0.0
40      62.31032     -  62.36037      -6.22282267484        1               0.05005
41      62.37032     -  62.41047      -6.3623181227        5               0.04015
42      62.42037     -  62.43037      -6.22282267484        1               0.01
43      62.44037     -  62.44037      -5.85950622099        8               0.0
44      62.45037     -  62.55048      -6.22282267484        1               0.10011
45      62.56032     -  62.62037      -6.06560605217        15               0.06005
46      62.63146     -  62.72037      -6.22282267484        1               0.08891
47      62.73032     -  62.74087      -6.3623181227        5               0.01055
48      62.75037     -  62.95032      -6.22282267484        1               0.19995
49      62.96037     -  62.96037      -5.36337075279        6               0.0
50      62.97037     -  62.9909      -6.06560605217        15               0.02053
51      63.00036     -  63.05056      -6.3623181227        5               0.0502
52      63.06036     -  63.06036      -5.36337075279        6               0.0
53      63.07032     -  63.08031      -4.93455223879        0               0.00998999999999
54      63.09031     -  63.15032      -4.78971000572        14               0.06001
55      63.16043     -  63.36036      -4.83413250715        10               0.19993
56      63.37037     -  63.37037      -4.71734980706        3               0.0
57      63.38037     -  63.52069      -3.86390396963        7               0.14032
58      63.53065     -  63.58065      -3.95563557363        13               0.05
59      63.60577     -  63.65037      -4.78971000572        14               0.0446
60      63.66042     -  63.81033      -4.83413250715        10               0.14991
61      63.82032     -  63.84036      -4.93455223879        0               0.02004
62      63.85038     -  64.00036      -4.83413250715        10               0.14998
63      64.01032     -  64.01032      -4.71734980706        3               0.0
64      64.02113     -  64.09033      -4.78971000572        14               0.0692
65      64.10032     -  64.15033      -4.71734980706        3               0.05001
66      64.16042     -  64.50036      -4.78971000572        14               0.33994
67      64.51042     -  64.53037      -4.64025752256        12               0.01995
68      64.54036     -  64.64031      -4.71734980706        3               0.09995
69      64.65038     -  64.70036      -4.78971000572        14               0.04998
70      64.71033     -  64.7409      -4.64025752256        12               0.03057
71      64.75037     -  64.80046      -4.78971000572        14               0.05009
72      64.81032     -  64.81032      -4.64025752256        12               0.0
73      64.82057     -  64.95037      -4.78971000572        14               0.1298
74      64.96031     -  64.98031      -4.71734980706        3               0.02
75      64.99108     -  65.05037      -4.78971000572        14               0.05929
76      65.06036     -  65.12032      -4.83413250715        10               0.05996
77      65.13151     -  65.15033      -4.71734980706        3               0.01882
78      65.16042     -  65.19033      -4.78971000572        14               0.02991
79      65.20031     -  65.24084      -4.83413250715        10               0.04053
80      65.25037     -  65.27121      -4.78971000572        14               0.02084
81      65.28031     -  65.48032      -4.83413250715        10               0.20001
82      65.49092     -  65.55057      -4.78971000572        14               0.05965
83      65.56032     -  65.57033      -4.83413250715        10               0.01001
84      65.58036     -  65.62031      -4.71734980706        3               0.03995
85      65.63148     -  65.80054      -4.78971000572        14               0.16906
86      65.81037     -  65.83033      -4.71734980706        3               0.01996
87      65.84036     -  66.03037      -4.78971000572        14               0.19001
88      66.04036     -  66.05057      -4.71734980706        3               0.01021
89      66.06032     -  66.1314      -4.78971000572        14               0.07108
90      66.14031     -  66.17037      -4.71734980706        3               0.03006
91      66.18031     -  66.2409      -4.78971000572        14               0.06059
92      66.25037     -  66.36036      -4.71734980706        3               0.10999
93      66.37033     -  66.37033      -4.78971000572        14               0.0
94      66.38141     -  66.41044      -4.71734980706        3               0.02903
95      66.42031     -  66.45037      -4.78971000572        14               0.03006
96      66.46036     -  66.47037      -4.71734980706        3               0.01001
97      66.48031     -  66.52113      -4.78971000572        14               0.04082
98      66.53037     -  66.66046      -4.71734980706        3               0.13009
99      66.67033     -  66.73038      -4.78971000572        14               0.06005
100      66.74086     -  66.79033      -4.71734980706        3               0.04947
101      66.80054     -  66.83035      -4.78971000572        14               0.02981
102      66.84031     -  66.87033      -4.71734980706        3               0.03002
103      66.88138     -  66.90036      -4.78971000572        14               0.01898
104      66.91043     -  66.91043      -4.83413250715        10               0.0
105      66.92031     -  66.94032      -4.93455223879        0               0.02001
106      66.95031     -  67.07033      -4.83413250715        10               0.12002
107      67.08036     -  67.20036      -4.78971000572        14               0.12
108      67.21033     -  67.23037      -4.83413250715        10               0.02004
109      67.24086     -  67.26032      -4.71734980706        3               0.01946
110      67.27116     -  67.29037      -4.78971000572        14               0.01921
111      67.30032     -  67.3205      -4.71734980706        3               0.02018
112      67.33037     -  67.38143      -4.78971000572        14               0.05106
113      67.39037     -  67.41033      -4.64025752256        12               0.01996
114      67.42032     -  67.42032      -5.36337075279        6               0.0
115      67.43033     -  67.47033      -6.06560605217        15               0.04
116      67.48031     -  67.49088      -5.85950622099        8               0.01057
117      67.50031     -  67.51033      -6.22282267484        1               0.01002
118      67.5212     -  67.53037      -5.36337075279        6               0.00917000000001
119      67.54036     -  67.57037      -6.06560605217        15               0.03001
120      67.58031     -  67.58031      -5.85950622099        8               0.0
121      67.59033     -  67.60036      -6.06560605217        15               0.01003
122      67.61038     -  67.62036      -5.85950622099        8               0.00998
123      67.63038     -  67.65033      -6.06560605217        15               0.01995
124      67.66042     -  67.72036      -6.22282267484        1               0.05994
125      67.73033     -  67.74086      -5.36337075279        6               0.01053
126      67.75037     -  67.83032      -4.93455223879        0               0.07995
127      67.84036     -  67.87037      -4.83413250715        10               0.03001
128      67.88144     -  67.90032      -4.93455223879        0               0.01888
129      67.91049     -  67.93033      -5.05064724947        11               0.01984
130      67.94036     -  67.96036      -6.06560605217        15               0.02
131      67.97033     -  67.97033      -5.85950622099        8               0.0
132      67.98031     -  67.99087      -6.06560605217        15               0.01056
133      68.00031     -  68.06036      -4.93455223879        0               0.06005
134      68.07038     -  68.07038      -5.05064724947        11               0.0
135      68.08032     -  68.10032      -5.36337075279        6               0.02
136      68.11037     -  68.12032      -5.85950622099        8               0.00995
137      68.13038     -  68.16032      -6.06560605217        15               0.02994
138      68.17033     -  68.22036      -5.72386570782        4               0.05003
139      68.23033     -  68.26042      -6.06560605217        15               0.03009
140      68.27121     -  68.42036      -5.72386570782        4               0.14915
141      68.43033     -  68.44036      -6.06560605217        15               0.01003
142      68.45033     -  68.48031      -5.85950622099        8               0.02998
143      68.49088     -  68.50036      -4.83413250715        10               0.00948
144      68.51037     -  68.54031      -4.71734980706        3               0.02994
145      68.55057     -  68.56036      -4.78971000572        14               0.00979000000001
146      68.57038     -  68.58036      -5.72386570782        4               0.00998
147      68.59033     -  68.67032      -6.06560605217        15               0.07999
148      68.68076     -  68.74032      -6.22282267484        1               0.05956
149      68.75033     -  68.75033      -5.85950622099        8               0.0
150      68.76032     -  68.83033      -6.22282267484        1               0.07001
151      68.84036     -  68.84036      -5.85950622099        8               0.0
152      68.85038     -  68.97038      -6.06560605217        15               0.12
153      68.98031     -  69.08031      -5.85950622099        8               0.1
154      69.09038     -  69.10031      -6.22282267484        1               0.00993
155      69.11038     -  69.13038      -6.06560605217        15               0.02
156      69.14031     -  69.15037      -6.22282267484        1               0.01006
157      69.16031     -  69.16031      -6.06560605217        15               0.0
158      69.17037     -  69.18031      -5.85950622099        8               0.00994
159      69.19037     -  69.22036      -6.06560605217        15               0.02999
160      69.23033     -  69.26032      -5.85950622099        8               0.02999
161      69.27122     -  69.30055      -6.06560605217        15               0.02933
162      69.31033     -  69.34036      -5.85950622099        8               0.03003
163      69.35033     -  69.36032      -6.06560605217        15               0.00999
164      69.37037     -  69.47037      -5.85950622099        8               0.1
165      69.48036     -  69.50031      -6.06560605217        15               0.01995
166      69.51033     -  69.52114      -6.22282267484        1               0.01081
167      69.53037     -  69.61033      -6.3623181227        5               0.07996
168      69.62033     -  69.62033      -6.22282267484        1               0.0
169      69.6314     -  69.6314      -6.06560605217        15               0.0
170      69.64033     -  69.64033      -5.85950622099        8               0.0
171      69.65037     -  69.74087      -6.06560605217        15               0.0905
172      69.75032     -  69.77114      -5.85950622099        8               0.02082
173      69.78037     -  69.78037      -6.22282267484        1               0.0
174      69.79033     -  69.81033      -5.85950622099        8               0.02
175      69.82033     -  69.95033      -6.06560605217        15               0.13
176      69.96033     -  70.00037      -6.22282267484        1               0.04004
177      70.01033     -  70.09036      -6.06560605217        15               0.08003
178      70.10033     -  70.11035      -5.85950622099        8               0.01002
179      70.12032     -  70.19037      -6.22282267484        1               0.07005
180      70.20037     -  70.30048      -6.06560605217        15               0.10011
181      70.31037     -  70.44036      -6.22282267484        1               0.12999
182      70.45033     -  70.47033      -6.06560605217        15               0.02
183      70.48036     -  70.50033      -6.22282267484        1               0.01997
184      70.51032     -  70.51032      -6.06560605217        15               0.0
185      70.52115     -  70.52115      -5.85950622099        8               0.0
186      70.53032     -  70.55056      -6.22282267484        1               0.02024
187      70.56037     -  70.62032      -6.06560605217        15               0.05995
188      70.63143     -  70.65033      -6.22282267484        1               0.0189
189      70.66047     -  70.67037      -6.06560605217        15               0.0099
190      70.68039     -  70.68039      -6.3623181227        5               0.0
191      70.69037     -  70.69037      -6.22282267484        1               0.0
192      70.70038     -  70.72033      -5.85950622099        8               0.01995
193      70.73038     -  70.75038      -6.22282267484        1               0.02
194      70.76037     -  70.77116      -6.06560605217        15               0.01079
195      70.78033     -  70.78033      -6.22282267484        1               0.0
196      70.79033     -  70.82037      -6.06560605217        15               0.03004
197      70.83035     -  70.83035      -5.85950622099        8               0.0
198      70.84037     -  70.87033      -6.06560605217        15               0.02996
199      70.88156     -  70.90037      -5.36337075279        6               0.01881
200      70.94538     -  70.97032      -3.86390396963        7               0.02494
201      70.98037     -  71.00033      -5.36337075279        6               0.01996
202      71.03594     -  71.03594      -3.86390396963        7               0.0
203      71.04065     -  71.16069      -3.86986188857        9               0.12004
204      71.17069     -  71.25065      -3.86390396963        7               0.07996
205      71.26065     -  71.55065      -3.86986188857        9               0.29
206      71.56069     -  71.56069      -3.86390396963        7               0.0
207      71.57065     -  71.61069      -3.79554596088        2               0.04004
208      71.62065     -  71.69069      -3.86986188857        9               0.07004
209      71.70065     -  71.73065      -3.86390396963        7               0.03
210      71.74124     -  71.77211      -3.79554596088        2               0.03087
211      71.78069     -  71.78069      -3.86390396963        7               0.0
212      71.80527     -  71.80527      -4.64025752256        12               0.0
213      71.81037     -  71.83035      -5.36337075279        6               0.01998
214      71.84037     -  72.01037      -5.72386570782        4               0.17
215      72.02123     -  72.02123      -5.36337075279        6               0.0
216      72.05476     -  72.12069      -3.86986188857        9               0.06593
217      72.13068     -  72.24069      -3.79554596088        2               0.11001
218      72.25064     -  72.39064      -3.86986188857        9               0.14
219      72.40069     -  72.56069      -3.86390396963        7               0.16
220      72.57076     -  72.6318      -3.79554596088        2               0.06104
221      72.66511     -  72.70031      -5.85950622099        8               0.0352
222      72.71033     -  72.80057      -6.06560605217        15               0.09024
223      72.81037     -  72.82033      -5.85950622099        8               0.00995999999999
224      72.83037     -  72.86031      -6.06560605217        15               0.02994
225      72.87033     -  72.96033      -5.85950622099        8               0.09
226      72.97033     -  72.98033      -6.06560605217        15               0.00999999999999
227      72.99037     -  73.02037      -5.85950622099        8               0.03
228      73.03037     -  73.04037      -6.06560605217        15               0.00999999999999
229      73.05031     -  73.06033      -5.85950622099        8               0.01002
230      73.07033     -  73.20033      -6.06560605217        15               0.13
231      73.21033     -  73.24091      -5.85950622099        8               0.03058
232      73.25032     -  73.26037      -6.06560605217        15               0.01005
233      73.27037     -  73.29037      -6.3623181227        5               0.02
234      73.30048     -  73.34037      -6.22282267484        1               0.03989
235      73.35033     -  73.40033      -6.06560605217        15               0.05
236      73.41033     -  73.49092      -6.22282267484        1               0.08059
237      73.50033     -  73.54062      -6.3623181227        5               0.04029
238      73.55049     -  73.57048      -5.85950622099        8               0.01999
239      73.58037     -  73.59032      -6.22282267484        1               0.00995
240      73.60033     -  73.61031      -6.06560605217        15               0.00998
241      73.62038     -  73.64032      -6.3623181227        5               0.01994
242      73.65036     -  73.65036      -5.36337075279        6               0.0
243      73.66048     -  73.66048      -6.22282267484        1               0.0
244      73.67036     -  73.68038      -5.85950622099        8               0.01002
245      73.69032     -  73.70037      -6.06560605217        15               0.01005
246      73.71031     -  73.71031      -5.85950622099        8               0.0
247      73.72037     -  73.75035      -6.22282267484        1               0.02998
248      73.76031     -  73.76031      -5.85950622099        8               0.0
249      73.77121     -  73.80057      -6.22282267484        1               0.02936
250      73.81031     -  73.81031      -5.85950622099        8               0.0
251      73.82076     -  73.82076      -6.06560605217        15               0.0
252      73.83037     -  73.87037      -5.85950622099        8               0.04
253      73.88032     -  73.94032      -6.22282267484        1               0.06
254      73.95032     -  74.00036      -6.06560605217        15               0.05004
255      74.01038     -  74.03037      -5.85950622099        8               0.01999
256      74.04037     -  74.11033      -6.06560605217        15               0.06996
257      74.12036     -  74.12036      -5.36337075279        6               0.0
258      74.13037     -  74.13037      -6.06560605217        15               0.0
259      74.14032     -  74.20032      -6.22282267484        1               0.06
260      74.21037     -  74.25033      -5.85950622099        8               0.03996
261      74.26032     -  74.27116      -6.06560605217        15               0.01084
262      74.28036     -  74.30032      -5.85950622099        8               0.01996
263      74.31037     -  74.32037      -6.06560605217        15               0.00999999999999
264      74.33037     -  74.34032      -5.36337075279        6               0.00995
265      74.35033     -  74.37033      -5.85950622099        8               0.02
266      74.3815     -  74.41048      -6.22282267484        1               0.02898
267      74.42036     -  74.44036      -6.06560605217        15               0.02
268      74.45033     -  74.46036      -6.22282267484        1               0.01003
269      74.47037     -  74.51033      -5.85950622099        8               0.03996
270      74.52116     -  74.53038      -6.22282267484        1               0.00922
271      74.54032     -  74.54032      -5.85950622099        8               0.0
272      74.55037     -  74.63148      -6.06560605217        15               0.08111
273      74.64032     -  74.64032      -6.3623181227        5               0.0
274      74.65038     -  74.65038      -6.22282267484        1               0.0
275      74.66042     -  74.67032      -6.06560605217        15               0.0099
276      74.68056     -  74.69032      -5.85950622099        8               0.00976
277      74.70032     -  74.76037      -6.3623181227        5               0.06005
278      74.77117     -  74.81037      -6.22282267484        1               0.0392
279      74.82061     -  74.88145      -6.3623181227        5               0.06084
280      74.89037     -  74.93037      -6.22282267484        1               0.04
281      74.94032     -  75.06032      -6.3623181227        5               0.12
282      75.07033     -  75.10032      -6.22282267484        1               0.02999
283      75.11033     -  75.12032      -5.85950622099        8               0.00999
284      75.13145     -  75.21037      -6.22282267484        1               0.07892
285      75.22032     -  75.23032      -6.06560605217        15               0.01
286      75.24087     -  75.28037      -5.85950622099        8               0.0395
287      75.29032     -  75.31037      -6.3623181227        5               0.02005
288      75.32032     -  75.32032      -5.85950622099        8               0.0
289      75.33033     -  75.35037      -6.22282267484        1               0.02004
290      75.36036     -  75.36036      -5.36337075279        6               0.0
291      75.37033     -  75.42032      -4.71734980706        3               0.04999
292      75.43033     -  75.43033      -6.22282267484        1               0.0
293      75.44036     -  75.44036      -5.85950622099        8               0.0
294      75.45032     -  75.53033      -4.93455223879        0               0.08001
295      75.54037     -  75.62037      -5.05064724947        11               0.08
296      75.63147     -  75.63147      -6.06560605217        15               0.0
297      75.64035     -  75.64035      -5.36337075279        6               0.0
298      75.65036     -  75.65036      -4.93455223879        0               0.0
299      75.66048     -  75.69037      -4.83413250715        10               0.02989
300      75.70036     -  75.80056      -4.93455223879        0               0.1002
301      75.81031     -  75.82033      -4.83413250715        10               0.01002
302      75.83036     -  75.85036      -4.93455223879        0               0.02
303      75.86037     -  75.89031      -4.78971000572        14               0.02994
304      75.90036     -  75.93037      -5.05064724947        11               0.03001
305      75.94032     -  75.96032      -4.78971000572        14               0.02
306      75.97037     -  76.00036      -4.71734980706        3               0.02999
307      76.01037     -  76.21033      -4.78971000572        14               0.19996
308      76.22031     -  76.24031      -4.71734980706        3               0.02
309      76.25032     -  76.25032      -4.93455223879        0               0.0
310      76.26037     -  76.32037      -4.83413250715        10               0.06
311      76.33036     -  76.45036      -4.78971000572        14               0.12
312      76.46037     -  76.56037      -4.71734980706        3               0.1
313      76.5706     -  76.5706      -4.78971000572        14               0.0
314      76.58033     -  76.60033      -4.71734980706        3               0.02
315      76.61036     -  76.62037      -4.78971000572        14               0.01001
316      76.63143     -  76.83032      -4.71734980706        3               0.19889
317      76.84037     -  76.88037      -4.78971000572        14               0.04
318      76.89036     -  76.89036      -4.83413250715        10               0.0
319      76.90037     -  76.91042      -4.93455223879        0               0.01005
320      76.92037     -  77.17033      -4.83413250715        10               0.24996
321      77.18036     -  77.33033      -4.78971000572        14               0.14997
322      77.34031     -  77.36036      -4.71734980706        3               0.02005
323      77.37038     -  77.40036      -4.78971000572        14               0.02998
324      77.41049     -  77.42036      -4.71734980706        3               0.00987000000001
325      77.43033     -  77.49037      -4.78971000572        14               0.06004
326      77.50036     -  77.50036      -4.64025752256        12               0.0
327      77.51033     -  77.53037      -4.83413250715        10               0.02004
328      77.54036     -  77.57033      -4.71734980706        3               0.02997
329      77.58031     -  77.59033      -4.93455223879        0               0.01002
330      77.60033     -  77.67033      -4.78971000572        14               0.07
331      77.68033     -  77.70036      -4.71734980706        3               0.02003
332      77.71053     -  77.72037      -4.78971000572        14               0.00984
333      77.73037     -  77.78037      -4.64025752256        12               0.05
334      77.79032     -  77.79032      -4.83413250715        10               0.0
335      77.80037     -  77.87032      -4.93455223879        0               0.06995
336      77.8815     -  77.8815      -4.83413250715        10               0.0
337      77.89032     -  77.89032      -4.71734980706        3               0.0
338      77.90033     -  78.01037      -4.78971000572        14               0.11004
339      78.02118     -  78.02118      -4.71734980706        3               0.0
340      78.03037     -  78.11032      -4.78971000572        14               0.07995
341      78.12037     -  78.14032      -4.71734980706        3               0.01995
342      78.15037     -  78.19036      -4.78971000572        14               0.03999
343      78.20032     -  78.20032      -4.71734980706        3               0.0
344      78.21032     -  78.23037      -4.78971000572        14               0.02005
345      78.24091     -  78.25032      -4.71734980706        3               0.00941
346      78.26032     -  78.31036      -4.83413250715        10               0.05004
347      78.32044     -  78.35032      -4.93455223879        0               0.02988
348      78.36037     -  78.37056      -4.78971000572        14               0.01019
349      78.38146     -  78.39031      -4.71734980706        3               0.00885
350      78.40033     -  78.41043      -4.93455223879        0               0.0101
351      78.42031     -  78.44037      -5.85950622099        8               0.02006
352      78.45032     -  78.57032      -5.72386570782        4               0.12
353      78.58037     -  78.59032      -4.64025752256        12               0.00995
354      78.63466     -  78.93064      -3.79554596088        2               0.29598
355      78.94063     -  78.98069      -3.95563557363        13               0.04006
356      78.99065     -  78.99065      -3.86390396963        7               0.0
357      79.00065     -  79.09069      -3.86986188857        9               0.09004
358      79.10065     -  79.17065      -3.95563557363        13               0.07
359      79.18065     -  79.21074      -3.86390396963        7               0.03009
360      79.22064     -  79.50065      -3.86986188857        9               0.28001
361      79.51065     -  81.04069      -3.95563557363        13               1.53004
362      81.05084     -  81.07065      -3.86390396963        7               0.01981
363      81.08069     -  81.24212      -3.86986188857        9               0.16143
364      81.25064     -  81.48371      -3.86390396963        7               0.23307
365      81.51969     -  81.59069      -3.95563557363        13               0.071
366      81.60065     -  81.7807      -3.86986188857        9               0.18005
367      81.79065     -  81.79065      -3.86390396963        7               0.0
368      81.80081     -  82.53069      -3.86986188857        9               0.72988
369      82.54064     -  82.54064      -3.86390396963        7               0.0
370      82.55069     -  82.65065      -3.86986188857        9               0.09996
371      82.66085     -  82.75069      -3.79554596088        2               0.08984
372      82.76064     -  82.87069      -3.86986188857        9               0.11005
373      82.88069     -  84.66065      -3.95563557363        13               1.77996
374      84.67065     -  84.7007      -3.86390396963        7               0.03005
375      84.72589     -  84.79037      -5.05064724947        11               0.06448
376      84.80033     -  84.80033      -4.78971000572        14               0.0
377      84.81033     -  84.82033      -4.83413250715        10               0.01
378      84.83037     -  84.88146      -4.71734980706        3               0.05109
379      84.89037     -  84.89037      -4.78971000572        14               0.0
380      84.90033     -  84.93037      -5.05064724947        11               0.03004
381      84.94037     -  84.95037      -5.36337075279        6               0.01
382      84.96032     -  85.28037      -5.72386570782        4               0.32005
383      85.29037     -  85.40033      -5.36337075279        6               0.10996
384      85.41033     -  85.53037      -5.05064724947        11               0.12004
385      85.54033     -  85.54033      -5.36337075279        6               0.0
386      85.55033     -  85.68033      -5.72386570782        4               0.13
387      85.69037     -  85.78031      -5.36337075279        6               0.08994
388      85.79038     -  85.85037      -5.72386570782        4               0.05999
389      85.86037     -  85.90032      -5.36337075279        6               0.03995
390      85.91043     -  85.9606      -5.72386570782        4               0.05017
391      85.97032     -  85.98037      -6.06560605217        15               0.01005
392      85.99033     -  86.05037      -5.72386570782        4               0.06004
393      86.06032     -  86.12045      -6.06560605217        15               0.06013
394      86.13145     -  86.14037      -6.22282267484        1               0.00892
395      86.15032     -  86.15032      -6.06560605217        15               0.0
396      86.16044     -  86.19032      -5.36337075279        6               0.02988
397      86.20037     -  86.39031      -5.72386570782        4               0.18994
398      86.40038     -  86.48033      -5.05064724947        11               0.07995
399      86.4909     -  86.52123      -4.78971000572        14               0.03033
400      86.53036     -  86.54033      -5.05064724947        11               0.00997
401      86.55049     -  86.59037      -4.78971000572        14               0.03988
402      86.6006     -  86.62032      -5.05064724947        11               0.01972
403      86.63151     -  86.67032      -4.64025752256        12               0.03881
404      86.68033     -  87.07036      -5.05064724947        11               0.39003
405      87.08037     -  87.10033      -5.36337075279        6               0.01996
406      87.11032     -  87.19036      -5.05064724947        11               0.08004
407      87.20037     -  87.24033      -5.36337075279        6               0.03996
408      87.25032     -  87.72033      -5.05064724947        11               0.47001
409      87.73032     -  87.76033      -4.78971000572        14               0.03001
410      87.77036     -  88.07045      -5.05064724947        11               0.30009
411      88.08036     -  88.12036      -4.64025752256        12               0.04
412      88.13037     -  88.15037      -4.78971000572        14               0.02
413      88.19481     -  88.25092      -3.86390396963        7               0.05611
414      88.2768     -  88.35037      -4.83413250715        10               0.07357
415      88.36037     -  88.36037      -4.71734980706        3               0.0
416      88.3797     -  88.82069      -3.86390396963        7               0.44099
417      88.83069     -  88.95064      -3.79554596088        2               0.11995
418      88.96065     -  88.96065      -3.86390396963        7               0.0
419      88.98682     -  89.03033      -5.05064724947        11               0.04351
420      89.04033     -  89.04033      -5.36337075279        6               0.0
421      89.05037     -  89.05037      -4.71734980706        3               0.0
422      89.09469     -  89.09469      -3.86390396963        7               0.0
423      89.11589     -  89.22032      -4.64025752256        12               0.10443
424      89.23033     -  89.32032      -5.05064724947        11               0.08999
425      89.33037     -  89.44036      -5.36337075279        6               0.10999
426      89.45037     -  89.59037      -5.05064724947        11               0.14
427      89.60032     -  89.60032      -5.36337075279        6               0.0
428      89.61032     -  89.62037      -5.72386570782        4               0.01005
429      89.63151     -  89.63151      -6.06560605217        15               0.0
430      89.64032     -  89.65037      -5.36337075279        6               0.01005
431      89.66048     -  89.66048      -4.93455223879        0               0.0
432      89.67037     -  89.67037      -5.85950622099        8               0.0
433      89.68032     -  89.68032      -6.22282267484        1               0.0
434      89.69037     -  89.69037      -6.06560605217        15               0.0
435      89.70032     -  89.71037      -5.36337075279        6               0.01005
436      89.72032     -  89.78036      -5.72386570782        4               0.06004
437      89.79037     -  89.88037      -6.06560605217        15               0.09
438      89.89037     -  90.00035      -6.22282267484        1               0.10998
439      90.01032     -  90.01032      -6.06560605217        15               0.0
440      90.02033     -  90.02033      -6.22282267484        1               0.0
441      90.03032     -  90.04037      -6.3623181227        5               0.01005
442      90.05032     -  90.05032      -6.22282267484        1               0.0
443      90.06032     -  90.06032      -5.36337075279        6               0.0
444      90.07032     -  90.11037      -5.72386570782        4               0.04005
445      90.12037     -  90.16043      -5.05064724947        11               0.04006
446      90.17032     -  90.22032      -6.22282267484        1               0.05
447      90.23032     -  90.23032      -6.06560605217        15               0.0
448      90.24091     -  90.2946      -5.05064724947        11               0.05369
449      90.31954     -  90.31954      -6.22282267484        1               0.0
450      90.33032     -  90.39037      -6.3623181227        5               0.06005
451      90.40032     -  90.46032      -6.22282267484        1               0.06
452      90.47037     -  90.48037      -5.85950622099        8               0.00999999999999
453      90.49037     -  90.49037      -6.22282267484        1               0.0
454      90.50037     -  90.54037      -6.3623181227        5               0.04
455      90.55049     -  90.58033      -6.22282267484        1               0.02984
456      90.59037     -  90.63145      -6.06560605217        15               0.04108
457      90.64033     -  90.65037      -5.85950622099        8               0.01004
458      90.66037     -  90.67032      -6.22282267484        1               0.00995
459      90.68037     -  90.76033      -6.06560605217        15               0.07996
460      90.77122     -  90.78033      -4.78971000572        14               0.00911000000001
461      90.79037     -  90.80057      -5.36337075279        6               0.0102
462      90.81033     -  90.83037      -6.06560605217        15               0.02004
463      90.84032     -  90.90033      -6.22282267484        1               0.06001
464      90.91041     -  90.94032      -6.06560605217        15               0.02991
465      90.95033     -  90.97036      -6.22282267484        1               0.02003
466      90.98037     -  90.98037      -5.36337075279        6               0.0
467      90.99091     -  91.01037      -6.22282267484        1               0.01946
468      91.02037     -  91.07033      -6.06560605217        15               0.04996
469      91.08037     -  91.09037      -6.3623181227        5               0.00999999999999
470      91.10037     -  91.24095      -6.22282267484        1               0.14058
471      91.25031     -  91.33031      -6.06560605217        15               0.08
472      91.34032     -  91.35037      -5.36337075279        6               0.01005
473      91.36037     -  91.36037      -5.72386570782        4               0.0
474      91.37037     -  91.38148      -5.36337075279        6               0.01111
475      91.39036     -  91.41036      -3.86390396963        7               0.02
476      91.45459     -  91.45459      -5.05064724947        11               0.0
477      91.48444     -  91.52032      -5.36337075279        6               0.03588
478      91.53032     -  91.54037      -5.72386570782        4               0.01005
479      91.55032     -  91.58032      -5.36337075279        6               0.03
480      91.59032     -  91.60037      -5.72386570782        4               0.01005
481      91.61032     -  91.61032      -5.36337075279        6               0.0
482      91.62037     -  91.68032      -5.05064724947        11               0.05995
483      91.69036     -  91.69036      -6.06560605217        15               0.0
484      91.70032     -  91.70032      -5.36337075279        6               0.0
485      91.71037     -  91.71037      -5.72386570782        4               0.0
486      91.72037     -  91.76037      -5.36337075279        6               0.04
487      91.77122     -  91.88154      -5.05064724947        11               0.11032
488      91.89032     -  91.89032      -5.36337075279        6               0.0
489      91.90037     -  91.90037      -4.93455223879        0               0.0
490      91.91048     -  91.95037      -4.83413250715        10               0.03989
491      91.96037     -  92.00037      -4.78971000572        14               0.04
492      92.01033     -  92.03037      -4.64025752256        12               0.02004
493      92.04033     -  92.08037      -4.78971000572        14               0.04004
494      92.09037     -  92.16043      -4.64025752256        12               0.07006
495      92.17037     -  92.19031      -5.05064724947        11               0.01994
496      92.20032     -  92.25032      -4.64025752256        12               0.05
497      92.26032     -  92.26032      -4.78971000572        14               0.0
498      92.27123     -  92.31037      -4.83413250715        10               0.03914
499      92.3206     -  92.58036      -4.64025752256        12               0.25976
500      92.59037     -  92.67035      -5.05064724947        11               0.07998
501      92.68033     -  92.68033      -5.36337075279        6               0.0
502      92.69035     -  92.69035      -4.71734980706        3               0.0
503      92.70036     -  92.74089      -4.78971000572        14               0.04053
504      92.75035     -  92.80047      -4.64025752256        12               0.05012
505      92.81089     -  92.82037      -4.78971000572        14               0.00948
506      92.83032     -  92.84032      -4.71734980706        3               0.01
507      92.85032     -  92.87032      -4.78971000572        14               0.02
508      92.88032     -  93.02037      -4.64025752256        12               0.14005
509      93.03032     -  93.05036      -4.78971000572        14               0.02004
510      93.06032     -  93.11032      -4.71734980706        3               0.05
511      93.12032     -  93.14037      -4.93455223879        0               0.02005
512      93.15036     -  93.22032      -4.83413250715        10               0.06996
513      93.23032     -  93.26037      -4.71734980706        3               0.03005
514      93.27122     -  93.28032      -4.78971000572        14               0.0091
515      93.29036     -  93.37032      -4.83413250715        10               0.07996
516      93.38148     -  93.59032      -4.78971000572        14               0.20884
517      93.60043     -  93.60043      -5.05064724947        11               0.0
518      93.61032     -  93.69032      -4.78971000572        14               0.08
519      93.70032     -  93.87037      -4.83413250715        10               0.17005
520      93.88037     -  93.89031      -4.93455223879        0               0.00994
521      93.90037     -  93.98037      -4.83413250715        10               0.08
522      93.99091     -  93.99091      -4.71734980706        3               0.0
523      94.00037     -  94.00037      -4.78971000572        14               0.0
524      94.01037     -  94.13147      -4.83413250715        10               0.1211
525      94.14033     -  94.14033      -4.71734980706        3               0.0
526      94.15032     -  94.27117      -4.78971000572        14               0.12085
527      94.28033     -  94.32037      -4.83413250715        10               0.04004
528      94.33037     -  94.34032      -4.93455223879        0               0.00995
529      94.35032     -  94.37033      -4.83413250715        10               0.02001
530      94.38037     -  94.38037      -4.93455223879        0               0.0
531      94.39037     -  94.40037      -5.05064724947        11               0.00999999999999
532      94.41032     -  94.48037      -4.78971000572        14               0.07005
533      94.4909     -  94.51037      -4.71734980706        3               0.01947
534      94.52118     -  94.55047      -4.78971000572        14               0.02929
535      94.56032     -  94.58037      -5.36337075279        6               0.02005
536      94.59037     -  94.59037      -5.05064724947        11               0.0
537      94.60032     -  94.62033      -4.78971000572        14               0.02001
538      94.63153     -  94.63153      -4.71734980706        3               0.0
539      94.64037     -  94.87037      -4.78971000572        14               0.23
540      94.88147     -  94.96037      -4.71734980706        3               0.0789
541      94.97037     -  94.97037      -4.78971000572        14               0.0
542      94.98032     -  95.14037      -4.83413250715        10               0.16005
543      95.15037     -  95.22032      -4.78971000572        14               0.06995
544      95.23037     -  95.30047      -4.64025752256        12               0.0701
545      95.31032     -  95.35037      -4.78971000572        14               0.04005
546      95.36036     -  95.43038      -4.71734980706        3               0.07002
547      95.44036     -  95.48032      -5.05064724947        11               0.03996
548      95.49096     -  95.55047      -4.78971000572        14               0.05951
549      95.56036     -  95.60064      -4.64025752256        12               0.04028
550      95.61036     -  95.63032      -4.78971000572        14               0.01996
551      95.64032     -  95.90032      -4.64025752256        12               0.26
552      95.91032     -  95.99032      -4.78971000572        14               0.08
553      96.00032     -  96.01033      -4.71734980706        3               0.01001
554      96.02116     -  96.09037      -4.78971000572        14               0.06921
555      96.10036     -  96.16036      -4.83413250715        10               0.06
556      96.17032     -  96.18032      -4.71734980706        3               0.00999999999999
557      96.19032     -  96.19032      -4.78971000572        14               0.0
558      96.20036     -  96.25037      -4.83413250715        10               0.05001
559      96.26032     -  96.27037      -4.78971000572        14               0.01005
560      96.28036     -  96.28036      -5.85950622099        8               0.0
561      96.29033     -  96.31032      -6.06560605217        15               0.01999
562      96.32032     -  96.32032      -4.93455223879        0               0.0
563      96.33032     -  96.38148      -4.83413250715        10               0.05116
564      96.39032     -  96.46032      -4.93455223879        0               0.07
565      96.47032     -  96.58032      -4.83413250715        10               0.11
566      96.59037     -  96.61037      -4.78971000572        14               0.02
567      96.62036     -  96.6604      -4.64025752256        12               0.04004
568      96.67032     -  96.72032      -4.78971000572        14               0.05
569      96.73032     -  96.91043      -4.64025752256        12               0.18011
570      96.94489     -  97.05086      -3.79554596088        2               0.10597
571      97.06069     -  97.12064      -3.86390396963        7               0.05995
572      97.13064     -  97.47064      -3.79554596088        2               0.34
573      97.48064     -  97.50064      -3.95563557363        13               0.02
574      97.51069     -  97.52064      -3.86390396963        7               0.00995
575      97.53064     -  97.56069      -3.79554596088        2               0.03005
576      97.57069     -  97.60068      -3.95563557363        13               0.02999
577      97.61068     -  98.00064      -3.79554596088        2               0.38996
578      98.01064     -  98.10093      -3.86986188857        9               0.09029
579      98.11064     -  98.11064      -3.86390396963        7               0.0
580      98.14764     -  98.20033      -6.06560605217        15               0.05269
581      98.21033     -  98.26037      -4.78971000572        14               0.05004
582      98.27119     -  98.28033      -5.72386570782        4               0.00914
583      98.29033     -  98.29033      -4.64025752256        12               0.0
584      98.30049     -  98.31037      -4.78971000572        14               0.00988000000001
585      98.32033     -  98.4006      -4.71734980706        3               0.08027
586      98.41037     -  98.46037      -4.78971000572        14               0.05
587      98.47033     -  98.80033      -4.71734980706        3               0.33
588      98.81033     -  98.83037      -4.78971000572        14               0.02004
589      98.84033     -  98.9518      -4.64025752256        12               0.11147
590      98.96065     -  99.00064      -3.95563557363        13               0.03999
591      99.02526     -  99.23037      -4.71734980706        3               0.20511
592      99.24097     -  99.25036      -4.93455223879        0               0.00939
593      99.26032     -  99.29037      -4.83413250715        10               0.03005
594      99.30048     -  99.35037      -4.71734980706        3               0.04989
595      99.36036     -  99.38149      -4.78971000572        14               0.02113
596      99.39032     -  99.40032      -4.64025752256        12               0.00999999999999
597      99.4104     -  99.4104      -5.36337075279        6               0.0
598      99.42036     -  99.43037      -6.22282267484        1               0.01001
599      99.44031     -  99.46032      -6.06560605217        15               0.02001
600      99.47035     -  99.47035      -5.85950622099        8               0.0
601      99.48037     -  99.51067      -6.06560605217        15               0.0303
602      99.52032     -  99.52032      -5.36337075279        6               0.0
603      99.53037     -  99.53037      -5.85950622099        8               0.0
604      99.54032     -  99.54032      -6.06560605217        15               0.0
605      99.55032     -  99.55032      -5.36337075279        6               0.0
606      99.56036     -  99.58032      -4.93455223879        0               0.01996
607      99.59037     -  99.59037      -5.85950622099        8               0.0
608      99.60032     -  99.75037      -6.06560605217        15               0.15005
609      99.76032     -  99.81032      -5.36337075279        6               0.05
 
Means and total domain of each hidden state
---------------------------------------
0th hidden state
total number with this hidden state =  26
mean =  [-4.93455224]
total time_domain =  0.67842

1th hidden state
total number with this hidden state =  68
mean =  [-6.22282267]
total time_domain =  2.42334

2th hidden state
total number with this hidden state =  11
mean =  [-3.79554596]
total time_domain =  1.61371

3th hidden state
total number with this hidden state =  54
mean =  [-4.71734981]
total time_domain =  2.24896

4th hidden state
total number with this hidden state =  20
mean =  [-5.72386571]
total time_domain =  1.75787

5th hidden state
total number with this hidden state =  22
mean =  [-6.36231812]
total time_domain =  1.24213

6th hidden state
total number with this hidden state =  49
mean =  [-5.36337075]
total time_domain =  0.84457

7th hidden state
total number with this hidden state =  23
mean =  [-3.86390397]
total time_domain =  1.33524

8th hidden state
total number with this hidden state =  62
mean =  [-5.85950622]
total time_domain =  1.0683

9th hidden state
total number with this hidden state =  13
mean =  [-3.86986189]
total time_domain =  2.42772

10th hidden state
total number with this hidden state =  38
mean =  [-4.83413251]
total time_domain =  2.61482

11th hidden state
total number with this hidden state =  28
mean =  [-5.05064725]
total time_domain =  2.38162

12th hidden state
total number with this hidden state =  25
mean =  [-4.64025752]
total time_domain =  1.6157

13th hidden state
total number with this hidden state =  9
mean =  [-3.95563557]
total time_domain =  3.63104

14th hidden state
total number with this hidden state =  81
mean =  [-4.78971001]
total time_domain =  4.42117

15th hidden state
total number with this hidden state =  81
mean =  [-6.06560605]
total time_domain =  2.93671

