Number of Rows
--------------
3000
 
Hidden States
-------------
[ 9  9  9 ... 13 13 13]
 
Record of data hidden state
**********************************
No.     mean of X  -  mean of Y      #Number
-----------------------------------
mean of X
-----------------------------------
-6.17886271104
-6.17886271104
-6.17886271104
-6.17886271104
-6.17886271104
-6.17886271104
-6.17886271104
-6.17886271104
-6.17886271104
-6.17886271104
-6.17886271104
-6.17886271104
-6.17886271104
-6.17886271104
-6.17886271104
-6.17886271104
-5.57394817554
-5.57394817554
-5.57394817554
-5.57394817554
-5.57394817554
-5.57394817554
-5.57394817554
-5.57394817554
-5.57394817554
-5.57394817554
-5.57394817554
-5.57394817554
-5.57394817554
-5.57394817554
-5.57394817554
-5.57394817554
-6.17301304447
-6.17301304447
-6.17301304447
-6.17301304447
-6.17301304447
-6.17301304447
-6.17301304447
-6.17301304447
-6.17301304447
-6.17301304447
-6.17301304447
-6.17301304447
-6.17301304447
-6.17301304447
-6.17301304447
-6.17301304447
-6.16639683567
-6.16639683567
-6.16639683567
-6.16639683567
-6.16639683567
-6.16639683567
-6.16639683567
-6.16639683567
-6.16639683567
-6.16639683567
-6.16639683567
-6.16639683567
-6.16639683567
-6.16639683567
-6.16639683567
-6.16639683567
-6.02124689806
-6.02124689806
-6.02124689806
-6.02124689806
-6.02124689806
-6.02124689806
-6.02124689806
-6.02124689806
-6.02124689806
-6.02124689806
-6.02124689806
-6.02124689806
-6.02124689806
-6.02124689806
-6.02124689806
-6.02124689806
-6.1402280778
-6.1402280778
-6.1402280778
-6.1402280778
-6.1402280778
-6.1402280778
-6.1402280778
-6.1402280778
-6.1402280778
-6.1402280778
-6.1402280778
-6.1402280778
-6.1402280778
-6.1402280778
-6.1402280778
-6.1402280778
-5.49861917212
-5.49861917212
-5.49861917212
-5.49861917212
-5.49861917212
-5.49861917212
-5.49861917212
-5.49861917212
-5.49861917212
-5.49861917212
-5.49861917212
-5.49861917212
-5.49861917212
-5.49861917212
-5.49861917212
-5.49861917212
-6.22067653979
-6.22067653979
-6.22067653979
-6.22067653979
-6.22067653979
-6.22067653979
-6.22067653979
-6.22067653979
-6.22067653979
-6.22067653979
-6.22067653979
-6.22067653979
-6.22067653979
-6.22067653979
-6.22067653979
-6.22067653979
-6.12414570538
-6.12414570538
-6.12414570538
-6.12414570538
-6.12414570538
-6.12414570538
-6.12414570538
-6.12414570538
-6.12414570538
-6.12414570538
-6.12414570538
-6.12414570538
-6.12414570538
-6.12414570538
-6.12414570538
-6.12414570538
-6.29457778556
-6.29457778556
-6.29457778556
-6.29457778556
-6.29457778556
-6.29457778556
-6.29457778556
-6.29457778556
-6.29457778556
-6.29457778556
-6.29457778556
-6.29457778556
-6.29457778556
-6.29457778556
-6.29457778556
-6.29457778556
-5.73288876534
-5.73288876534
-5.73288876534
-5.73288876534
-5.73288876534
-5.73288876534
-5.73288876534
-5.73288876534
-5.73288876534
-5.73288876534
-5.73288876534
-5.73288876534
-5.73288876534
-5.73288876534
-5.73288876534
-5.73288876534
-5.53453205517
-5.53453205517
-5.53453205517
-5.53453205517
-5.53453205517
-5.53453205517
-5.53453205517
-5.53453205517
-5.53453205517
-5.53453205517
-5.53453205517
-5.53453205517
-5.53453205517
-5.53453205517
-5.53453205517
-5.53453205517
-5.44975607668
-5.44975607668
-5.44975607668
-5.44975607668
-5.44975607668
-5.44975607668
-5.44975607668
-5.44975607668
-5.44975607668
-5.44975607668
-5.44975607668
-5.44975607668
-5.44975607668
-5.44975607668
-5.44975607668
-5.44975607668
-6.08648933503
-6.08648933503
-6.08648933503
-6.08648933503
-6.08648933503
-6.08648933503
-6.08648933503
-6.08648933503
-6.08648933503
-6.08648933503
-6.08648933503
-6.08648933503
-6.08648933503
-6.08648933503
-6.08648933503
-6.08648933503
-5.83184979887
-5.83184979887
-5.83184979887
-5.83184979887
-5.83184979887
-5.83184979887
-5.83184979887
-5.83184979887
-5.83184979887
-5.83184979887
-5.83184979887
-5.83184979887
-5.83184979887
-5.83184979887
-5.83184979887
-5.83184979887
-6.19422012174
-6.19422012174
-6.19422012174
-6.19422012174
-6.19422012174
-6.19422012174
-6.19422012174
-6.19422012174
-6.19422012174
-6.19422012174
-6.19422012174
-6.19422012174
-6.19422012174
-6.19422012174
-6.19422012174
-6.19422012174
-----------------------------------
mean of Y
-6.17886271104
-5.57394817554
-6.17301304447
-6.16639683567
-6.02124689806
-6.1402280778
-5.49861917212
-6.22067653979
-6.12414570538
-6.29457778556
-5.73288876534
-5.53453205517
-5.44975607668
-6.08648933503
-5.83184979887
-6.19422012174
-6.17886271104
-5.57394817554
-6.17301304447
-6.16639683567
-6.02124689806
-6.1402280778
-5.49861917212
-6.22067653979
-6.12414570538
-6.29457778556
-5.73288876534
-5.53453205517
-5.44975607668
-6.08648933503
-5.83184979887
-6.19422012174
-6.17886271104
-5.57394817554
-6.17301304447
-6.16639683567
-6.02124689806
-6.1402280778
-5.49861917212
-6.22067653979
-6.12414570538
-6.29457778556
-5.73288876534
-5.53453205517
-5.44975607668
-6.08648933503
-5.83184979887
-6.19422012174
-6.17886271104
-5.57394817554
-6.17301304447
-6.16639683567
-6.02124689806
-6.1402280778
-5.49861917212
-6.22067653979
-6.12414570538
-6.29457778556
-5.73288876534
-5.53453205517
-5.44975607668
-6.08648933503
-5.83184979887
-6.19422012174
-6.17886271104
-5.57394817554
-6.17301304447
-6.16639683567
-6.02124689806
-6.1402280778
-5.49861917212
-6.22067653979
-6.12414570538
-6.29457778556
-5.73288876534
-5.53453205517
-5.44975607668
-6.08648933503
-5.83184979887
-6.19422012174
-6.17886271104
-5.57394817554
-6.17301304447
-6.16639683567
-6.02124689806
-6.1402280778
-5.49861917212
-6.22067653979
-6.12414570538
-6.29457778556
-5.73288876534
-5.53453205517
-5.44975607668
-6.08648933503
-5.83184979887
-6.19422012174
-6.17886271104
-5.57394817554
-6.17301304447
-6.16639683567
-6.02124689806
-6.1402280778
-5.49861917212
-6.22067653979
-6.12414570538
-6.29457778556
-5.73288876534
-5.53453205517
-5.44975607668
-6.08648933503
-5.83184979887
-6.19422012174
-6.17886271104
-5.57394817554
-6.17301304447
-6.16639683567
-6.02124689806
-6.1402280778
-5.49861917212
-6.22067653979
-6.12414570538
-6.29457778556
-5.73288876534
-5.53453205517
-5.44975607668
-6.08648933503
-5.83184979887
-6.19422012174
-6.17886271104
-5.57394817554
-6.17301304447
-6.16639683567
-6.02124689806
-6.1402280778
-5.49861917212
-6.22067653979
-6.12414570538
-6.29457778556
-5.73288876534
-5.53453205517
-5.44975607668
-6.08648933503
-5.83184979887
-6.19422012174
-6.17886271104
-5.57394817554
-6.17301304447
-6.16639683567
-6.02124689806
-6.1402280778
-5.49861917212
-6.22067653979
-6.12414570538
-6.29457778556
-5.73288876534
-5.53453205517
-5.44975607668
-6.08648933503
-5.83184979887
-6.19422012174
-6.17886271104
-5.57394817554
-6.17301304447
-6.16639683567
-6.02124689806
-6.1402280778
-5.49861917212
-6.22067653979
-6.12414570538
-6.29457778556
-5.73288876534
-5.53453205517
-5.44975607668
-6.08648933503
-5.83184979887
-6.19422012174
-6.17886271104
-5.57394817554
-6.17301304447
-6.16639683567
-6.02124689806
-6.1402280778
-5.49861917212
-6.22067653979
-6.12414570538
-6.29457778556
-5.73288876534
-5.53453205517
-5.44975607668
-6.08648933503
-5.83184979887
-6.19422012174
-6.17886271104
-5.57394817554
-6.17301304447
-6.16639683567
-6.02124689806
-6.1402280778
-5.49861917212
-6.22067653979
-6.12414570538
-6.29457778556
-5.73288876534
-5.53453205517
-5.44975607668
-6.08648933503
-5.83184979887
-6.19422012174
-6.17886271104
-5.57394817554
-6.17301304447
-6.16639683567
-6.02124689806
-6.1402280778
-5.49861917212
-6.22067653979
-6.12414570538
-6.29457778556
-5.73288876534
-5.53453205517
-5.44975607668
-6.08648933503
-5.83184979887
-6.19422012174
-6.17886271104
-5.57394817554
-6.17301304447
-6.16639683567
-6.02124689806
-6.1402280778
-5.49861917212
-6.22067653979
-6.12414570538
-6.29457778556
-5.73288876534
-5.53453205517
-5.44975607668
-6.08648933503
-5.83184979887
-6.19422012174
-6.17886271104
-5.57394817554
-6.17301304447
-6.16639683567
-6.02124689806
-6.1402280778
-5.49861917212
-6.22067653979
-6.12414570538
-6.29457778556
-5.73288876534
-5.53453205517
-5.44975607668
-6.08648933503
-5.83184979887
-6.19422012174
-----------------------------------
Number
22
0
0
0
0
7
0
0
0
0
0
0
0
0
0
8
0
19
0
0
0
0
5
0
0
0
0
11
1
0
0
0
0
0
285
0
0
0
0
8
0
15
1
1
0
0
3
0
0
0
5
210
10
0
0
0
0
0
0
0
0
35
0
0
0
0
0
0
99
0
0
5
0
0
0
0
1
11
5
0
5
0
0
0
0
371
0
0
0
0
0
0
0
2
0
0
0
14
0
0
0
0
94
0
0
0
0
0
1
0
0
0
3
0
0
4
2
0
0
488
0
8
0
0
0
0
0
0
0
0
0
0
0
0
0
0
0
0
2
0
0
0
0
0
0
1
17
0
0
0
0
4
0
542
0
0
0
0
2
0
0
0
0
0
0
0
0
0
0
0
27
2
0
6
8
0
0
1
0
0
0
0
7
0
0
0
3
134
3
0
0
0
0
1
0
0
0
0
3
0
0
0
2
0
144
0
0
0
2
0
0
43
0
0
0
0
0
0
8
0
0
223
0
0
0
0
6
3
10
0
0
0
0
0
0
0
0
0
26
0
5
0
0
0
0
0
0
0
2
0
0
0
0
0
1
2
 
Record of all hidden state
**********************************
No.     TIME Start  -  TIME End      VALUE           Hidden State {}th       Time domain
0      240.01038     -  240.1204      -6.29457778556        9               0.11002
1      240.13038     -  240.16031      -6.17301304447        2               0.02993
2      240.17033     -  240.28031      -6.29457778556        9               0.10998
3      240.29033     -  240.29033      -6.17301304447        2               0.0
4      240.30031     -  240.88032      -6.22067653979        7               0.58001
5      240.89133     -  240.89133      -6.17886271104        0               0.0
6      240.90031     -  241.13037      -6.1402280778        5               0.23006
7      241.14133     -  241.14133      -6.17886271104        0               0.0
8      241.15032     -  241.17045      -6.19422012174        15               0.02013
9      241.18031     -  241.24037      -6.17886271104        0               0.06006
10      241.25037     -  241.25037      -6.19422012174        15               0.0
11      241.26033     -  241.28032      -6.17886271104        0               0.01999
12      241.29033     -  241.29033      -6.19422012174        15               0.0
13      241.30037     -  241.30037      -6.12414570538        8               0.0
14      241.31056     -  241.37033      -5.73288876534        10               0.05977
15      241.38037     -  241.38037      -6.08648933503        13               0.0
16      241.39033     -  241.48032      -6.16639683567        3               0.08999
17      241.49033     -  241.54037      -6.08648933503        13               0.05004
18      241.55037     -  241.56032      -6.16639683567        3               0.00995
19      241.57037     -  241.60036      -6.08648933503        13               0.02999
20      241.61032     -  241.63033      -6.16639683567        3               0.02001
21      241.64032     -  241.79037      -6.17301304447        2               0.15005
22      241.80032     -  241.93037      -6.29457778556        9               0.13005
23      241.94032     -  241.94032      -5.83184979887        14               0.0
24      241.95032     -  241.95032      -6.02124689806        4               0.0
25      241.96036     -  241.98032      -6.08648933503        13               0.01996
26      241.99032     -  242.05032      -6.16639683567        3               0.06
27      242.06054     -  242.08037      -6.08648933503        13               0.01983
28      242.09037     -  242.09037      -6.16639683567        3               0.0
29      242.10032     -  242.25037      -6.02124689806        4               0.15005
30      242.26036     -  242.62037      -6.22067653979        7               0.36001
31      242.63032     -  242.63032      -6.16639683567        3               0.0
32      242.64037     -  242.64037      -6.08648933503        13               0.0
33      242.65037     -  242.65037      -5.73288876534        10               0.0
34      242.66032     -  242.66032      -6.08648933503        13               0.0
35      242.67037     -  242.70036      -6.16639683567        3               0.02999
36      242.71032     -  242.74032      -6.08648933503        13               0.03
37      242.75076     -  242.85037      -6.16639683567        3               0.09961
38      242.86037     -  242.88032      -6.08648933503        13               0.01995
39      242.89037     -  242.92037      -6.16639683567        3               0.03
40      242.93037     -  242.94037      -6.02124689806        4               0.00999999999999
41      242.95037     -  243.18032      -6.22067653979        7               0.22995
42      243.19032     -  243.22032      -6.29457778556        9               0.03
43      243.23037     -  243.35037      -6.22067653979        7               0.12
44      243.36067     -  243.45037      -6.16639683567        3               0.0897
45      243.46037     -  243.48032      -6.08648933503        13               0.01995
46      243.49037     -  243.75078      -6.16639683567        3               0.26041
47      243.76036     -  243.77036      -6.08648933503        13               0.01
48      243.78176     -  243.81052      -6.16639683567        3               0.02876
49      243.82036     -  243.96037      -6.08648933503        13               0.14001
50      243.97037     -  244.00037      -6.16639683567        3               0.03
51      244.01037     -  244.02037      -6.08648933503        13               0.01
52      244.03037     -  244.06032      -6.16639683567        3               0.02995
53      244.07037     -  244.08031      -6.08648933503        13               0.00994
54      244.09032     -  244.10037      -6.16639683567        3               0.01005
55      244.11078     -  244.14032      -6.08648933503        13               0.02954
56      244.15032     -  244.20032      -6.16639683567        3               0.05
57      244.21037     -  244.24032      -6.08648933503        13               0.02995
58      244.25074     -  244.26031      -6.16639683567        3               0.00957
59      244.27067     -  244.28037      -6.08648933503        13               0.00970000000001
60      244.29032     -  244.29032      -5.73288876534        10               0.0
61      244.30032     -  244.33036      -6.08648933503        13               0.03004
62      244.34032     -  244.34032      -6.17886271104        0               0.0
63      244.3504     -  245.68037      -6.1402280778        5               1.32997
64      245.69036     -  245.74037      -6.17886271104        0               0.05001
65      245.75032     -  245.75032      -6.19422012174        15               0.0
66      245.76032     -  245.80037      -6.17886271104        0               0.04005
67      245.81037     -  246.37032      -6.1402280778        5               0.55995
68      246.38032     -  246.41032      -6.17886271104        0               0.03
69      246.42032     -  246.42032      -6.19422012174        15               0.0
70      246.43037     -  246.43037      -5.83184979887        14               0.0
71      246.44037     -  246.53037      -6.17301304447        2               0.09
72      246.54037     -  247.07032      -6.22067653979        7               0.52995
73      247.08037     -  247.23036      -6.29457778556        9               0.14999
74      247.24037     -  247.27036      -6.17301304447        2               0.02999
75      247.28181     -  247.84032      -6.29457778556        9               0.55851
76      247.85032     -  247.90037      -6.17301304447        2               0.05005
77      247.91037     -  247.95031      -5.73288876534        10               0.03994
78      247.96032     -  248.03037      -5.83184979887        14               0.07005
79      248.04032     -  248.05037      -6.17301304447        2               0.01005
80      248.06037     -  248.63037      -6.29457778556        9               0.57
81      248.64133     -  248.65033      -6.17301304447        2               0.00899999999999
82      248.66033     -  248.79033      -6.22067653979        7               0.13
83      248.80037     -  248.81055      -6.29457778556        9               0.01018
84      248.82037     -  248.91037      -6.17301304447        2               0.09
85      248.92043     -  248.92043      -5.83184979887        14               0.0
86      248.93031     -  248.96032      -6.17301304447        2               0.03001
87      248.97033     -  249.05033      -6.29457778556        9               0.08
88      249.06032     -  249.21037      -6.17301304447        2               0.15005
89      249.22037     -  249.22037      -5.83184979887        14               0.0
90      249.23032     -  249.26033      -6.02124689806        4               0.03001
91      249.27033     -  249.29037      -6.08648933503        13               0.02004
92      249.30032     -  249.30032      -6.16639683567        3               0.0
93      249.31054     -  249.32037      -6.08648933503        13               0.00982999999999
94      249.33037     -  249.33037      -6.16639683567        3               0.0
95      249.34037     -  249.36056      -6.08648933503        13               0.02019
96      249.37037     -  249.38037      -6.16639683567        3               0.00999999999999
97      249.39037     -  249.41037      -6.02124689806        4               0.02
98      249.42032     -  249.42032      -6.08648933503        13               0.0
99      249.43032     -  249.44037      -6.16639683567        3               0.01005
100      249.45033     -  249.45033      -6.08648933503        13               0.0
101      249.46033     -  249.47037      -5.73288876534        10               0.01004
102      249.48033     -  249.51036      -6.08648933503        13               0.03003
103      249.52037     -  249.53179      -6.16639683567        3               0.01142
104      249.54037     -  249.55032      -6.08648933503        13               0.00995
105      249.56055     -  249.57036      -6.16639683567        3               0.00980999999999
106      249.58033     -  249.59036      -6.02124689806        4               0.01003
107      249.60038     -  249.71036      -6.22067653979        7               0.10998
108      249.72038     -  249.77032      -6.02124689806        4               0.04994
109      249.78037     -  249.80037      -6.08648933503        13               0.02
110      249.81036     -  249.85032      -6.16639683567        3               0.03996
111      249.86037     -  249.90037      -6.17301304447        2               0.04
112      249.91032     -  250.13033      -6.29457778556        9               0.22001
113      250.14032     -  250.21032      -6.17301304447        2               0.07
114      250.22037     -  250.47032      -6.22067653979        7               0.24995
115      250.48031     -  250.49033      -6.02124689806        4               0.01002
116      250.50071     -  250.51033      -6.22067653979        7               0.00962000000001
117      250.52032     -  250.89125      -6.29457778556        9               0.37093
118      250.90032     -  250.94032      -6.17301304447        2               0.04
119      250.95032     -  251.07033      -6.29457778556        9               0.12001
120      251.08032     -  251.32032      -6.17301304447        2               0.24
121      251.33037     -  251.37037      -6.29457778556        9               0.04
122      251.38037     -  251.41032      -6.17301304447        2               0.02995
123      251.42043     -  251.73037      -6.29457778556        9               0.30994
124      251.74037     -  251.89129      -6.22067653979        7               0.15092
125      251.90032     -  252.33032      -6.29457778556        9               0.43
126      252.34037     -  252.34037      -5.83184979887        14               0.0
127      252.35032     -  252.40037      -6.17301304447        2               0.05005
128      252.41037     -  252.48037      -6.29457778556        9               0.07
129      252.49037     -  253.19037      -6.22067653979        7               0.7
130      253.20032     -  253.28036      -6.29457778556        9               0.08004
131      253.29031     -  253.29031      -5.57394817554        1               0.0
132      253.30036     -  253.41037      -5.53453205517        11               0.11001
133      253.42043     -  253.64032      -5.44975607668        12               0.21989
134      253.65032     -  253.72037      -5.49861917212        6               0.07005
135      253.73032     -  253.73032      -5.57394817554        1               0.0
136      253.74037     -  253.81037      -5.44975607668        12               0.07
137      253.82036     -  253.96032      -5.49861917212        6               0.13996
138      253.97033     -  254.00075      -5.57394817554        1               0.03042
139      254.01037     -  254.03037      -5.53453205517        11               0.02
140      254.04032     -  254.18037      -5.44975607668        12               0.14005
141      254.19032     -  254.19032      -5.73288876534        10               0.0
142      254.20033     -  254.20033      -6.08648933503        13               0.0
143      254.21036     -  254.21036      -6.16639683567        3               0.0
144      254.22033     -  254.22033      -6.02124689806        4               0.0
145      254.23031     -  254.25036      -5.83184979887        14               0.02005
146      254.26037     -  254.29032      -6.02124689806        4               0.02995
147      254.30056     -  254.97041      -5.44975607668        12               0.66985
148      254.98032     -  255.01033      -5.57394817554        1               0.03001
149      255.02032     -  255.10033      -5.49861917212        6               0.08001
150      255.11032     -  255.12032      -5.57394817554        1               0.00999999999999
151      255.13037     -  255.25032      -5.53453205517        11               0.11995
152      255.26032     -  255.52037      -5.44975607668        12               0.26005
153      255.53032     -  255.59032      -5.49861917212        6               0.06
154      255.60037     -  255.60037      -5.57394817554        1               0.0
155      255.61032     -  255.66033      -5.49861917212        6               0.05001
156      255.67032     -  255.75036      -5.44975607668        12               0.08004
157      255.76037     -  255.77032      -5.73288876534        10               0.00995
158      255.78033     -  255.87036      -5.53453205517        11               0.09003
159      255.88037     -  256.00076      -5.49861917212        6               0.12039
160      256.01032     -  256.01032      -5.57394817554        1               0.0
161      256.02037     -  256.05036      -5.49861917212        6               0.02999
162      256.06051     -  256.06051      -5.57394817554        1               0.0
163      256.07036     -  256.16032      -5.53453205517        11               0.08996
164      256.17042     -  256.18032      -5.57394817554        1               0.00990000000002
165      256.19036     -  256.31032      -5.53453205517        11               0.11996
166      256.32037     -  256.32037      -5.49861917212        6               0.0
167      256.33032     -  256.37037      -5.57394817554        1               0.04005
168      256.38037     -  256.55032      -5.53453205517        11               0.16995
169      256.56055     -  256.62037      -5.49861917212        6               0.05982
170      256.63036     -  256.64037      -5.57394817554        1               0.01001
171      256.65032     -  256.79036      -5.53453205517        11               0.14004
172      256.80033     -  256.80033      -5.73288876534        10               0.0
173      256.81058     -  256.81058      -5.83184979887        14               0.0
174      256.82037     -  256.85032      -6.17301304447        2               0.02995
175      256.86033     -  256.90037      -5.53453205517        11               0.04004
176      256.91037     -  256.91037      -5.49861917212        6               0.0
177      256.92047     -  256.92047      -5.57394817554        1               0.0
178      256.93031     -  256.99032      -5.53453205517        11               0.06001
179      257.00099     -  257.02037      -5.73288876534        10               0.01938
180      257.03032     -  257.04033      -5.53453205517        11               0.01001
181      257.05037     -  257.10037      -5.49861917212        6               0.05
182      257.11032     -  257.12037      -5.57394817554        1               0.01005
183      257.13032     -  257.27037      -5.49861917212        6               0.14005
184      257.28037     -  257.32037      -5.57394817554        1               0.04
185      257.33037     -  257.39032      -5.49861917212        6               0.05995
186      257.40037     -  257.40037      -5.57394817554        1               0.0
187      257.41032     -  257.73032      -5.53453205517        11               0.32
188      257.74032     -  257.81051      -5.49861917212        6               0.07019
189      257.82037     -  257.82037      -5.57394817554        1               0.0
190      257.83056     -  257.87037      -5.53453205517        11               0.03981
191      257.88037     -  257.89037      -5.49861917212        6               0.00999999999999
192      257.90032     -  257.91041      -5.57394817554        1               0.01009
193      257.9204     -  257.93032      -5.53453205517        11               0.00992000000002
194      257.94037     -  257.97037      -5.73288876534        10               0.03
195      257.98037     -  257.98037      -5.83184979887        14               0.0
196      257.99037     -  258.01032      -6.02124689806        4               0.01995
197      258.02032     -  258.07037      -6.22067653979        7               0.05005
198      258.08037     -  258.39032      -6.29457778556        9               0.30995
199      258.40037     -  258.42032      -6.17301304447        2               0.01995
200      258.43032     -  258.8913      -6.29457778556        9               0.46098
201      258.90031     -  258.92047      -6.17301304447        2               0.02016
202      258.93031     -  259.96036      -6.29457778556        9               1.03005
203      259.97032     -  259.98032      -6.17301304447        2               0.00999999999999
204      259.99032     -  260.09037      -6.29457778556        9               0.10005
205      260.10037     -  260.17037      -6.17301304447        2               0.07
206      260.18032     -  260.20032      -5.83184979887        14               0.02
207      260.21037     -  260.22037      -6.02124689806        4               0.00999999999999
208      260.23037     -  260.24032      -6.08648933503        13               0.00995
209      260.25032     -  260.28032      -5.73288876534        10               0.03
210      260.29037     -  260.33032      -5.83184979887        14               0.03995
211      260.34037     -  260.39032      -6.02124689806        4               0.04995
212      260.40037     -  260.40037      -5.83184979887        14               0.0
213      260.41037     -  260.47037      -6.16639683567        3               0.06
214      260.48031     -  260.78037      -6.08648933503        13               0.30006
215      260.79037     -  260.94037      -6.16639683567        3               0.15
216      260.95032     -  261.01037      -6.08648933503        13               0.06005
217      261.02032     -  261.02032      -6.16639683567        3               0.0
218      261.03176     -  261.07037      -6.17301304447        2               0.03861
219      261.08037     -  261.14032      -6.29457778556        9               0.05995
220      261.15032     -  261.47032      -6.22067653979        7               0.32
221      261.48032     -  261.49032      -6.29457778556        9               0.00999999999999
222      261.50036     -  261.52032      -6.17301304447        2               0.01996
223      261.53176     -  261.59037      -6.29457778556        9               0.05861
224      261.60037     -  262.21033      -6.17301304447        2               0.60996
225      262.22032     -  262.76037      -6.22067653979        7               0.54005
226      262.77037     -  262.89033      -6.16639683567        3               0.11996
227      262.90033     -  262.92043      -6.08648933503        13               0.0201
228      262.93037     -  262.97032      -6.16639683567        3               0.03995
229      262.98032     -  263.01037      -6.02124689806        4               0.03005
230      263.02032     -  263.02032      -6.08648933503        13               0.0
231      263.03032     -  263.04037      -6.16639683567        3               0.01005
232      263.05037     -  263.05037      -6.02124689806        4               0.0
233      263.06032     -  263.07032      -6.08648933503        13               0.00999999999999
234      263.08037     -  263.09037      -6.16639683567        3               0.00999999999999
235      263.10032     -  263.11037      -6.08648933503        13               0.01005
236      263.12032     -  263.14037      -6.17886271104        0               0.02005
237      263.15037     -  263.83033      -6.1402280778        5               0.67996
238      263.84036     -  263.91033      -6.08648933503        13               0.06997
239      263.9204     -  263.93033      -6.16639683567        3               0.00993000000005
240      263.94036     -  263.96036      -6.08648933503        13               0.02
241      263.97037     -  263.99033      -6.16639683567        3               0.01996
242      264.00075     -  264.15032      -6.08648933503        13               0.14957
243      264.16033     -  264.37036      -6.16639683567        3               0.21003
244      264.38033     -  264.41032      -6.08648933503        13               0.02999
245      264.42042     -  264.52041      -6.16639683567        3               0.09999
246      264.53037     -  264.75033      -6.17301304447        2               0.21996
247      264.76033     -  265.33037      -6.22067653979        7               0.57004
248      265.34037     -  265.34037      -6.17886271104        0               0.0
249      265.35033     -  265.75032      -6.1402280778        5               0.39999
250      265.76036     -  265.76036      -6.17886271104        0               0.0
251      265.77036     -  265.77036      -6.19422012174        15               0.0
252      265.78036     -  265.78036      -6.12414570538        8               0.0
253      265.79036     -  265.80032      -5.73288876534        10               0.00995999999998
254      265.81032     -  265.83037      -6.08648933503        13               0.02005
255      265.84031     -  265.84031      -5.73288876534        10               0.0
256      265.85037     -  265.88032      -5.83184979887        14               0.02995
257      265.89037     -  265.99032      -6.17301304447        2               0.09995
258      266.00033     -  266.13037      -6.22067653979        7               0.13004
259      266.14037     -  266.14037      -6.17886271104        0               0.0
260      266.15037     -  266.48032      -6.1402280778        5               0.32995
261      266.49036     -  266.49036      -6.17886271104        0               0.0
262      266.50076     -  266.50076      -6.19422012174        15               0.0
263      266.51032     -  266.51032      -6.17886271104        0               0.0
264      266.52033     -  266.52033      -6.19422012174        15               0.0
265      266.53037     -  266.53037      -6.17886271104        0               0.0
266      266.54032     -  266.72032      -6.1402280778        5               0.18
267      266.73037     -  266.80036      -6.08648933503        13               0.06999
268      266.81032     -  266.84036      -6.16639683567        3               0.03004
269      266.85037     -  266.85037      -6.08648933503        13               0.0
270      266.86036     -  266.87032      -6.16639683567        3               0.00995999999998
271      266.88037     -  266.95037      -6.08648933503        13               0.07
272      266.96032     -  267.02037      -6.16639683567        3               0.06005
273      267.03179     -  267.05032      -6.08648933503        13               0.01853
274      267.06037     -  267.07032      -6.16639683567        3               0.00995
275      267.08031     -  267.31051      -6.08648933503        13               0.2302
276      267.32032     -  267.32032      -6.16639683567        3               0.0
277      267.33037     -  267.58032      -6.08648933503        13               0.24995
278      267.59032     -  267.59032      -5.73288876534        10               0.0
279      267.60037     -  267.60037      -5.83184979887        14               0.0
280      267.61032     -  267.63037      -6.16639683567        3               0.02005
281      267.64037     -  267.80037      -6.02124689806        4               0.16
282      267.81059     -  267.88032      -6.08648933503        13               0.06973
283      267.89032     -  267.95037      -5.73288876534        10               0.06005
284      267.96032     -  268.01032      -5.83184979887        14               0.05
285      268.02037     -  268.05032      -6.02124689806        4               0.02995
286      268.06055     -  268.07032      -5.83184979887        14               0.00977
287      268.08037     -  268.11032      -6.02124689806        4               0.02995
288      268.12037     -  268.24032      -6.08648933503        13               0.11995
289      268.2508     -  268.32031      -6.16639683567        3               0.06951
290      268.33037     -  268.93036      -6.17301304447        2               0.59999
291      268.94032     -  269.04032      -6.22067653979        7               0.1
292      269.05037     -  269.05037      -6.16639683567        3               0.0
293      269.06032     -  269.06032      -6.08648933503        13               0.0
294      269.07036     -  269.12032      -6.16639683567        3               0.04996
295      269.13037     -  269.21037      -6.08648933503        13               0.08
296      269.22037     -  269.22037      -6.16639683567        3               0.0
297      269.23032     -  269.32032      -6.02124689806        4               0.09
298      269.33037     -  269.34032      -5.83184979887        14               0.00995
299      269.35037     -  269.37032      -6.02124689806        4               0.01995
300      269.38032     -  269.38032      -6.08648933503        13               0.0
301      269.39032     -  269.42048      -6.16639683567        3               0.03016
302      269.43032     -  269.45032      -6.08648933503        13               0.02
303      269.46037     -  269.46037      -6.16639683567        3               0.0
304      269.47037     -  269.55032      -6.02124689806        4               0.07995
305      269.56032     -  269.57037      -5.83184979887        14               0.01005
306      269.58037     -  269.74032      -6.02124689806        4               0.15995
307      269.75073     -  269.76032      -6.08648933503        13               0.00959
308      269.77032     -  269.91054      -6.16639683567        3               0.14022
309      269.92042     -  269.92042      -6.08648933503        13               0.0
310      269.93031     -  269.93031      -5.73288876534        10               0.0
311      269.94032     -  269.94032      -5.83184979887        14               0.0
312      269.95032     -  269.97075      -6.16639683567        3               0.02043
record of list pair of x_i,x_i+1
hidden_states original [ 9  9  9 ... 13 13 13]
x_i      [9, 9, 9, 9, 9, 9, 9, 9, 9, 9, 9, 9, 2, 2, 2, 2, 9, 9, 9, 9, 9, 9, 9, 9, 9, 9, 9, 9, 2, 7, 7, 7, 7, 7, 7, 7, 7, 7, 7, 7, 7, 7, 7, 7, 7, 7, 7, 7, 7, 7, 7, 7, 7, 7, 7, 7, 7, 7, 7, 7, 7, 7, 7, 7, 7, 7, 7, 7, 7, 7, 7, 7, 7, 7, 7, 7, 7, 7, 7, 7, 7, 7, 7, 7, 7, 7, 7, 7, 0, 5, 5, 5, 5, 5, 5, 5, 5, 5, 5, 5, 5, 5, 5, 5, 5, 5, 5, 5, 5, 5, 5, 5, 5, 0, 15, 15, 15, 0, 0, 0, 0, 0, 0, 0, 15, 0, 0, 0, 15, 8, 10, 10, 10, 10, 10, 10, 10, 13, 3, 3, 3, 3, 3, 3, 3, 3, 3, 3, 13, 13, 13, 13, 13, 13, 3, 3, 13, 13, 13, 13, 3, 3, 3, 2, 2, 2, 2, 2, 2, 2, 2, 2, 2, 2, 2, 2, 2, 2, 2, 9, 9, 9, 9, 9, 9, 9, 9, 9, 9, 9, 9, 9, 9, 14, 4, 13, 13, 13, 3, 3, 3, 3, 3, 3, 3, 13, 13, 13, 3, 4, 4, 4, 4, 4, 4, 4, 4, 4, 4, 4, 4, 4, 4, 4, 4, 7, 7, 7, 7, 7, 7, 7, 7, 7, 7, 7, 7, 7, 7, 7, 7, 7, 7, 7, 7, 7, 7, 7, 7, 7, 7, 7, 7, 7, 7, 7, 7, 7, 7, 7, 7, 7, 3, 13, 10, 13, 3, 3, 3, 3, 13, 13, 13, 13, 3, 3, 3, 3, 3, 3, 3, 3, 3, 3, 3, 13, 13, 13, 3, 3, 3, 3, 4, 4, 7, 7, 7, 7, 7, 7, 7, 7, 7, 7, 7, 7, 7, 7, 7, 7, 7, 7, 7, 7, 7, 7, 7, 7, 9, 9, 9, 9, 7, 7, 7, 7, 7, 7, 7, 7, 7, 7, 7, 7, 7, 3, 3, 3, 3, 3, 3, 3, 3, 3, 3, 13, 13, 13, 3, 3, 3, 3, 3, 3, 3, 3, 3, 3, 3, 3, 3, 3, 3, 3, 3, 3, 3, 3, 3, 3, 3, 3, 3, 3, 3, 13, 13, 3, 3, 3, 3, 13, 13, 13, 13, 13, 13, 13, 13, 13, 13, 13, 13, 13, 13, 13, 3, 3, 3, 3, 13, 13, 3, 3, 3, 3, 13, 13, 3, 3, 13, 13, 13, 13, 3, 3, 3, 3, 3, 3, 13, 13, 13, 13, 3, 3, 13, 13, 10, 13, 13, 13, 13, 0, 5, 5, 5, 5, 5, 5, 5, 5, 5, 5, 5, 5, 5, 5, 5, 5, 5, 5, 5, 5, 5, 5, 5, 5, 5, 5, 5, 5, 5, 5, 5, 5, 5, 5, 5, 5, 5, 5, 5, 5, 5, 5, 5, 5, 5, 5, 5, 5, 5, 5, 5, 5, 5, 5, 5, 5, 5, 5, 5, 5, 5, 5, 5, 5, 5, 5, 5, 5, 5, 5, 5, 5, 5, 5, 5, 5, 5, 5, 5, 5, 5, 5, 5, 5, 5, 5, 5, 5, 5, 5, 5, 5, 5, 5, 5, 5, 5, 5, 5, 5, 5, 5, 5, 5, 5, 5, 5, 5, 5, 5, 5, 5, 5, 5, 5, 5, 5, 5, 5, 5, 5, 5, 5, 5, 5, 5, 5, 5, 5, 5, 5, 5, 5, 5, 0, 0, 0, 0, 0, 0, 15, 0, 0, 0, 0, 0, 5, 5, 5, 5, 5, 5, 5, 5, 5, 5, 5, 5, 5, 5, 5, 5, 5, 5, 5, 5, 5, 5, 5, 5, 5, 5, 5, 5, 5, 5, 5, 5, 5, 5, 5, 5, 5, 5, 5, 5, 5, 5, 5, 5, 5, 5, 5, 5, 5, 5, 5, 5, 5, 5, 5, 5, 5, 0, 0, 0, 0, 15, 14, 2, 2, 2, 2, 2, 2, 2, 2, 2, 2, 7, 7, 7, 7, 7, 7, 7, 7, 7, 7, 7, 7, 7, 7, 7, 7, 7, 7, 7, 7, 7, 7, 7, 7, 7, 7, 7, 7, 7, 7, 7, 7, 7, 7, 7, 7, 7, 7, 7, 7, 7, 7, 7, 7, 7, 7, 7, 7, 7, 7, 7, 7, 7, 7, 9, 9, 9, 9, 9, 9, 9, 9, 9, 9, 9, 9, 9, 9, 9, 9, 2, 2, 2, 2, 9, 9, 9, 9, 9, 9, 9, 9, 9, 9, 9, 9, 9, 9, 9, 9, 9, 9, 9, 9, 9, 9, 9, 9, 9, 9, 9, 9, 9, 9, 9, 9, 9, 9, 9, 9, 9, 9, 9, 9, 9, 9, 9, 9, 9, 9, 9, 9, 9, 9, 9, 9, 9, 9, 9, 9, 9, 2, 2, 2, 2, 2, 2, 10, 10, 10, 10, 10, 14, 14, 14, 14, 14, 14, 14, 14, 2, 2, 9, 9, 9, 9, 9, 9, 9, 9, 9, 9, 9, 9, 9, 9, 9, 9, 9, 9, 9, 9, 9, 9, 9, 9, 9, 9, 9, 9, 9, 9, 9, 9, 9, 9, 9, 9, 9, 9, 9, 9, 9, 9, 9, 9, 9, 9, 9, 9, 9, 9, 9, 9, 9, 9, 9, 9, 9, 9, 2, 2, 7, 7, 7, 7, 7, 7, 7, 7, 7, 7, 7, 7, 7, 7, 9, 9, 2, 2, 2, 2, 2, 2, 2, 2, 2, 2, 14, 2, 2, 2, 2, 9, 9, 9, 9, 9, 9, 9, 9, 9, 2, 2, 2, 2, 2, 2, 2, 2, 2, 2, 2, 2, 2, 2, 2, 2, 14, 4, 4, 4, 4, 13, 13, 13, 3, 13, 13, 3, 13, 13, 13, 3, 3, 4, 4, 4, 13, 3, 3, 13, 10, 10, 13, 13, 13, 13, 3, 3, 13, 13, 3, 3, 4, 4, 7, 7, 7, 7, 7, 7, 7, 7, 7, 7, 7, 7, 4, 4, 4, 4, 4, 4, 13, 13, 13, 3, 3, 3, 3, 3, 2, 2, 2, 2, 2, 9, 9, 9, 9, 9, 9, 9, 9, 9, 9, 9, 9, 9, 9, 9, 9, 9, 9, 9, 9, 9, 9, 9, 2, 2, 2, 2, 2, 2, 2, 2, 7, 7, 7, 7, 7, 7, 7, 7, 7, 7, 7, 7, 7, 7, 7, 7, 7, 7, 7, 7, 7, 7, 7, 7, 7, 7, 4, 4, 7, 7, 9, 9, 9, 9, 9, 9, 9, 9, 9, 9, 9, 9, 9, 9, 9, 9, 9, 9, 9, 9, 9, 9, 9, 9, 9, 9, 9, 9, 9, 9, 9, 9, 9, 9, 9, 9, 9, 9, 2, 2, 2, 2, 2, 9, 9, 9, 9, 9, 9, 9, 9, 9, 9, 9, 9, 9, 2, 2, 2, 2, 2, 2, 2, 2, 2, 2, 2, 2, 2, 2, 2, 2, 2, 2, 2, 2, 2, 2, 2, 2, 2, 9, 9, 9, 9, 9, 2, 2, 2, 2, 9, 9, 9, 9, 9, 9, 9, 9, 9, 9, 9, 9, 9, 9, 9, 9, 9, 9, 9, 9, 9, 9, 9, 9, 9, 9, 9, 9, 9, 9, 9, 9, 7, 7, 7, 7, 7, 7, 7, 7, 7, 7, 7, 7, 7, 7, 7, 7, 9, 9, 9, 9, 9, 9, 9, 9, 9, 9, 9, 9, 9, 9, 9, 9, 9, 9, 9, 9, 9, 9, 9, 9, 9, 9, 9, 9, 9, 9, 9, 9, 9, 9, 9, 9, 9, 9, 9, 9, 9, 9, 9, 9, 14, 2, 2, 2, 2, 2, 2, 9, 9, 9, 9, 9, 9, 9, 9, 7, 7, 7, 7, 7, 7, 7, 7, 7, 7, 7, 7, 7, 7, 7, 7, 7, 7, 7, 7, 7, 7, 7, 7, 7, 7, 7, 7, 7, 7, 7, 7, 7, 7, 7, 7, 7, 7, 7, 7, 7, 7, 7, 7, 7, 7, 7, 7, 7, 7, 7, 7, 7, 7, 7, 7, 7, 7, 7, 7, 7, 7, 7, 7, 7, 7, 7, 7, 7, 7, 7, 9, 9, 9, 9, 9, 9, 9, 9, 9, 1, 11, 11, 11, 11, 11, 11, 11, 11, 11, 11, 11, 11, 12, 12, 12, 12, 12, 12, 12, 12, 12, 12, 12, 12, 12, 12, 12, 12, 12, 12, 12, 12, 12, 12, 12, 6, 6, 6, 6, 6, 6, 6, 6, 1, 12, 12, 12, 12, 12, 12, 12, 12, 6, 6, 6, 6, 6, 6, 6, 6, 6, 6, 6, 6, 6, 6, 6, 1, 1, 1, 1, 11, 11, 11, 12, 12, 12, 12, 12, 12, 12, 12, 12, 12, 12, 12, 12, 12, 12, 10, 13, 3, 4, 14, 14, 14, 4, 4, 4, 4, 12, 12, 12, 12, 12, 12, 12, 12, 12, 12, 12, 12, 12, 12, 12, 12, 12, 12, 12, 12, 12, 12, 12, 12, 12, 12, 12, 12, 12, 12, 12, 12, 12, 12, 12, 12, 12, 12, 12, 12, 12, 12, 12, 12, 12, 12, 12, 12, 12, 12, 12, 12, 12, 12, 12, 12, 12, 12, 12, 12, 12, 12, 12, 12, 12, 12, 12, 12, 1, 1, 1, 1, 6, 6, 6, 6, 6, 6, 6, 6, 6, 1, 1, 11, 11, 11, 11, 11, 11, 11, 11, 11, 11, 11, 11, 11, 12, 12, 12, 12, 12, 12, 12, 12, 12, 12, 12, 12, 12, 12, 12, 12, 12, 12, 12, 12, 12, 12, 12, 12, 12, 12, 12, 6, 6, 6, 6, 6, 6, 6, 1, 6, 6, 6, 6, 6, 6, 12, 12, 12, 12, 12, 12, 12, 12, 12, 10, 10, 11, 11, 11, 11, 11, 11, 11, 11, 11, 11, 6, 6, 6, 6, 6, 6, 6, 6, 6, 6, 6, 6, 6, 1, 6, 6, 6, 6, 1, 11, 11, 11, 11, 11, 11, 11, 11, 11, 11, 1, 1, 11, 11, 11, 11, 11, 11, 11, 11, 11, 11, 11, 11, 11, 6, 1, 1, 1, 1, 1, 11, 11, 11, 11, 11, 11, 11, 11, 11, 11, 11, 11, 11, 11, 11, 11, 11, 11, 6, 6, 6, 6, 6, 6, 6, 1, 1, 11, 11, 11, 11, 11, 11, 11, 11, 11, 11, 11, 11, 11, 11, 11, 10, 14, 2, 2, 2, 2, 11, 11, 11, 11, 11, 6, 1, 11, 11, 11, 11, 11, 11, 11, 10, 10, 10, 11, 11, 6, 6, 6, 6, 6, 6, 1, 1, 6, 6, 6, 6, 6, 6, 6, 6, 6, 6, 6, 6, 6, 6, 6, 1, 1, 1, 1, 1, 6, 6, 6, 6, 6, 6, 6, 1, 11, 11, 11, 11, 11, 11, 11, 11, 11, 11, 11, 11, 11, 11, 11, 11, 11, 11, 11, 11, 11, 11, 11, 11, 11, 11, 11, 11, 11, 11, 11, 11, 11, 6, 6, 6, 6, 6, 6, 6, 6, 1, 11, 11, 11, 11, 11, 6, 6, 1, 1, 11, 11, 10, 10, 10, 10, 14, 4, 4, 4, 7, 7, 7, 7, 7, 7, 9, 9, 9, 9, 9, 9, 9, 9, 9, 9, 9, 9, 9, 9, 9, 9, 9, 9, 9, 9, 9, 9, 9, 9, 9, 9, 9, 9, 9, 9, 9, 9, 2, 2, 2, 9, 9, 9, 9, 9, 9, 9, 9, 9, 9, 9, 9, 9, 9, 9, 9, 9, 9, 9, 9, 9, 9, 9, 9, 9, 9, 9, 9, 9, 9, 9, 9, 9, 9, 9, 9, 9, 9, 9, 9, 9, 9, 9, 9, 9, 9, 9, 2, 2, 2, 9, 9, 9, 9, 9, 9, 9, 9, 9, 9, 9, 9, 9, 9, 9, 9, 9, 9, 9, 9, 9, 9, 9, 9, 9, 9, 9, 9, 9, 9, 9, 9, 9, 9, 9, 9, 9, 9, 9, 9, 9, 9, 9, 9, 9, 9, 9, 9, 9, 9, 9, 9, 9, 9, 9, 9, 9, 9, 9, 9, 9, 9, 9, 9, 9, 9, 9, 9, 9, 9, 9, 9, 9, 9, 9, 9, 9, 9, 9, 9, 9, 9, 9, 9, 9, 9, 9, 9, 9, 9, 9, 9, 9, 9, 9, 9, 9, 9, 9, 9, 9, 9, 9, 9, 2, 2, 9, 9, 9, 9, 9, 9, 9, 9, 9, 9, 9, 2, 2, 2, 2, 2, 2, 2, 2, 14, 14, 14, 4, 4, 13, 13, 10, 10, 10, 10, 14, 14, 14, 14, 14, 4, 4, 4, 4, 4, 4, 14, 3, 3, 3, 3, 3, 3, 3, 13, 13, 13, 13, 13, 13, 13, 13, 13, 13, 13, 13, 13, 13, 13, 13, 13, 13, 13, 13, 13, 13, 13, 13, 13, 13, 13, 13, 13, 13, 13, 3, 3, 3, 3, 3, 3, 3, 3, 3, 3, 3, 3, 3, 3, 3, 3, 13, 13, 13, 13, 13, 13, 13, 3, 2, 2, 2, 2, 2, 9, 9, 9, 9, 9, 9, 9, 7, 7, 7, 7, 7, 7, 7, 7, 7, 7, 7, 7, 7, 7, 7, 7, 7, 7, 7, 7, 7, 7, 7, 7, 7, 7, 7, 7, 7, 7, 7, 7, 7, 9, 9, 2, 2, 2, 9, 9, 9, 9, 9, 9, 9, 2, 2, 2, 2, 2, 2, 2, 2, 2, 2, 2, 2, 2, 2, 2, 2, 2, 2, 2, 2, 2, 2, 2, 2, 2, 2, 2, 2, 2, 2, 2, 2, 2, 2, 2, 2, 2, 2, 2, 2, 2, 2, 2, 2, 2, 2, 2, 2, 2, 2, 2, 2, 2, 2, 2, 2, 2, 2, 2, 2, 2, 2, 7, 7, 7, 7, 7, 7, 7, 7, 7, 7, 7, 7, 7, 7, 7, 7, 7, 7, 7, 7, 7, 7, 7, 7, 7, 7, 7, 7, 7, 7, 7, 7, 7, 7, 7, 7, 7, 7, 7, 7, 7, 7, 7, 7, 7, 7, 7, 7, 7, 7, 7, 7, 7, 7, 7, 3, 3, 3, 3, 3, 3, 3, 3, 3, 3, 3, 3, 3, 13, 13, 13, 3, 3, 3, 3, 3, 4, 4, 4, 4, 13, 3, 3, 4, 13, 13, 3, 3, 13, 13, 0, 0, 0, 5, 5, 5, 5, 5, 5, 5, 5, 5, 5, 5, 5, 5, 5, 5, 5, 5, 5, 5, 5, 5, 5, 5, 5, 5, 5, 5, 5, 5, 5, 5, 5, 5, 5, 5, 5, 5, 5, 5, 5, 5, 5, 5, 5, 5, 5, 5, 5, 5, 5, 5, 5, 5, 5, 5, 5, 5, 5, 5, 5, 5, 5, 5, 5, 5, 5, 5, 5, 5, 13, 13, 13, 13, 13, 13, 13, 13, 3, 3, 13, 13, 13, 3, 3, 3, 13, 13, 13, 13, 13, 13, 13, 13, 13, 13, 13, 13, 13, 13, 13, 13, 3, 3, 3, 3, 3, 3, 3, 3, 3, 3, 3, 3, 3, 3, 3, 3, 3, 3, 3, 3, 3, 3, 13, 13, 13, 13, 3, 3, 3, 3, 3, 3, 3, 3, 3, 3, 3, 2, 2, 2, 2, 2, 2, 2, 2, 2, 2, 2, 2, 2, 2, 2, 2, 2, 2, 2, 2, 2, 2, 2, 7, 7, 7, 7, 7, 7, 7, 7, 7, 7, 7, 7, 7, 7, 7, 7, 7, 7, 7, 7, 7, 7, 7, 7, 7, 7, 7, 7, 7, 7, 7, 7, 7, 7, 7, 7, 7, 7, 7, 7, 7, 7, 7, 7, 7, 7, 7, 7, 7, 7, 7, 7, 7, 7, 7, 7, 7, 7, 0, 5, 5, 5, 5, 5, 5, 5, 5, 5, 5, 5, 5, 5, 5, 5, 5, 5, 5, 5, 5, 5, 5, 5, 5, 5, 5, 5, 5, 5, 5, 5, 5, 5, 5, 5, 5, 5, 5, 5, 5, 5, 0, 15, 8, 10, 10, 13, 13, 13, 10, 14, 14, 14, 14, 2, 2, 2, 2, 2, 2, 2, 2, 2, 2, 2, 7, 7, 7, 7, 7, 7, 7, 7, 7, 7, 7, 7, 7, 7, 0, 5, 5, 5, 5, 5, 5, 5, 5, 5, 5, 5, 5, 5, 5, 5, 5, 5, 5, 5, 5, 5, 5, 5, 5, 5, 5, 5, 5, 5, 5, 5, 5, 5, 5, 0, 15, 0, 15, 0, 5, 5, 5, 5, 5, 5, 5, 5, 5, 5, 5, 5, 5, 5, 5, 5, 5, 5, 5, 13, 13, 13, 13, 13, 13, 13, 13, 3, 3, 3, 3, 13, 3, 3, 13, 13, 13, 13, 13, 13, 13, 13, 3, 3, 3, 3, 3, 3, 3, 13, 13, 13, 3, 3, 13, 13, 13, 13, 13, 13, 13, 13, 13, 13, 13, 13, 13, 13, 13, 13, 13, 13, 13, 13, 13, 13, 13, 13, 3, 13, 13, 13, 13, 13, 13, 13, 13, 13, 13, 13, 13, 13, 13, 13, 13, 13, 13, 13, 13, 13, 13, 13, 13, 13, 13, 10, 14, 3, 3, 3, 4, 4, 4, 4, 4, 4, 4, 4, 4, 4, 4, 4, 4, 4, 4, 4, 4, 13, 13, 13, 13, 13, 13, 13, 13, 10, 10, 10, 10, 10, 10, 10, 14, 14, 14, 14, 14, 14, 4, 4, 4, 4, 14, 14, 4, 4, 4, 4, 13, 13, 13, 13, 13, 13, 13, 13, 13, 13, 13, 13, 13, 3, 3, 3, 3, 3, 3, 3, 3, 2, 2, 2, 2, 2, 2, 2, 2, 2, 2, 2, 2, 2, 2, 2, 2, 2, 2, 2, 2, 2, 2, 2, 2, 2, 2, 2, 2, 2, 2, 2, 2, 2, 2, 2, 2, 2, 2, 2, 2, 2, 2, 2, 2, 2, 2, 2, 2, 2, 2, 2, 2, 2, 2, 2, 2, 2, 2, 2, 2, 2, 7, 7, 7, 7, 7, 7, 7, 7, 7, 7, 7, 3, 13, 3, 3, 3, 3, 3, 3, 13, 13, 13, 13, 13, 13, 13, 13, 13, 3, 4, 4, 4, 4, 4, 4, 4, 4, 4, 4, 14, 14, 4, 4, 4, 13, 3, 3, 3, 3, 13, 13, 13, 3, 4, 4, 4, 4, 4, 4, 4, 4, 4, 14, 14, 4, 4, 4, 4, 4, 4, 4, 4, 4, 4, 4, 4, 4, 4, 4, 4, 4, 13, 13, 3, 3, 3, 3, 3, 3, 3, 3, 3, 3, 3, 3, 3, 3, 3, 13, 10, 14, 3, 3, 3, 13, 13]
x_i_plus [9, 9, 9, 9, 9, 9, 9, 9, 9, 9, 9, 2, 2, 2, 2, 9, 9, 9, 9, 9, 9, 9, 9, 9, 9, 9, 9, 2, 7, 7, 7, 7, 7, 7, 7, 7, 7, 7, 7, 7, 7, 7, 7, 7, 7, 7, 7, 7, 7, 7, 7, 7, 7, 7, 7, 7, 7, 7, 7, 7, 7, 7, 7, 7, 7, 7, 7, 7, 7, 7, 7, 7, 7, 7, 7, 7, 7, 7, 7, 7, 7, 7, 7, 7, 7, 7, 7, 0, 5, 5, 5, 5, 5, 5, 5, 5, 5, 5, 5, 5, 5, 5, 5, 5, 5, 5, 5, 5, 5, 5, 5, 5, 0, 15, 15, 15, 0, 0, 0, 0, 0, 0, 0, 15, 0, 0, 0, 15, 8, 10, 10, 10, 10, 10, 10, 10, 13, 3, 3, 3, 3, 3, 3, 3, 3, 3, 3, 13, 13, 13, 13, 13, 13, 3, 3, 13, 13, 13, 13, 3, 3, 3, 2, 2, 2, 2, 2, 2, 2, 2, 2, 2, 2, 2, 2, 2, 2, 2, 9, 9, 9, 9, 9, 9, 9, 9, 9, 9, 9, 9, 9, 9, 14, 4, 13, 13, 13, 3, 3, 3, 3, 3, 3, 3, 13, 13, 13, 3, 4, 4, 4, 4, 4, 4, 4, 4, 4, 4, 4, 4, 4, 4, 4, 4, 7, 7, 7, 7, 7, 7, 7, 7, 7, 7, 7, 7, 7, 7, 7, 7, 7, 7, 7, 7, 7, 7, 7, 7, 7, 7, 7, 7, 7, 7, 7, 7, 7, 7, 7, 7, 7, 3, 13, 10, 13, 3, 3, 3, 3, 13, 13, 13, 13, 3, 3, 3, 3, 3, 3, 3, 3, 3, 3, 3, 13, 13, 13, 3, 3, 3, 3, 4, 4, 7, 7, 7, 7, 7, 7, 7, 7, 7, 7, 7, 7, 7, 7, 7, 7, 7, 7, 7, 7, 7, 7, 7, 7, 9, 9, 9, 9, 7, 7, 7, 7, 7, 7, 7, 7, 7, 7, 7, 7, 7, 3, 3, 3, 3, 3, 3, 3, 3, 3, 3, 13, 13, 13, 3, 3, 3, 3, 3, 3, 3, 3, 3, 3, 3, 3, 3, 3, 3, 3, 3, 3, 3, 3, 3, 3, 3, 3, 3, 3, 3, 13, 13, 3, 3, 3, 3, 13, 13, 13, 13, 13, 13, 13, 13, 13, 13, 13, 13, 13, 13, 13, 3, 3, 3, 3, 13, 13, 3, 3, 3, 3, 13, 13, 3, 3, 13, 13, 13, 13, 3, 3, 3, 3, 3, 3, 13, 13, 13, 13, 3, 3, 13, 13, 10, 13, 13, 13, 13, 0, 5, 5, 5, 5, 5, 5, 5, 5, 5, 5, 5, 5, 5, 5, 5, 5, 5, 5, 5, 5, 5, 5, 5, 5, 5, 5, 5, 5, 5, 5, 5, 5, 5, 5, 5, 5, 5, 5, 5, 5, 5, 5, 5, 5, 5, 5, 5, 5, 5, 5, 5, 5, 5, 5, 5, 5, 5, 5, 5, 5, 5, 5, 5, 5, 5, 5, 5, 5, 5, 5, 5, 5, 5, 5, 5, 5, 5, 5, 5, 5, 5, 5, 5, 5, 5, 5, 5, 5, 5, 5, 5, 5, 5, 5, 5, 5, 5, 5, 5, 5, 5, 5, 5, 5, 5, 5, 5, 5, 5, 5, 5, 5, 5, 5, 5, 5, 5, 5, 5, 5, 5, 5, 5, 5, 5, 5, 5, 5, 5, 5, 5, 5, 5, 5, 0, 0, 0, 0, 0, 0, 15, 0, 0, 0, 0, 0, 5, 5, 5, 5, 5, 5, 5, 5, 5, 5, 5, 5, 5, 5, 5, 5, 5, 5, 5, 5, 5, 5, 5, 5, 5, 5, 5, 5, 5, 5, 5, 5, 5, 5, 5, 5, 5, 5, 5, 5, 5, 5, 5, 5, 5, 5, 5, 5, 5, 5, 5, 5, 5, 5, 5, 5, 5, 0, 0, 0, 0, 15, 14, 2, 2, 2, 2, 2, 2, 2, 2, 2, 2, 7, 7, 7, 7, 7, 7, 7, 7, 7, 7, 7, 7, 7, 7, 7, 7, 7, 7, 7, 7, 7, 7, 7, 7, 7, 7, 7, 7, 7, 7, 7, 7, 7, 7, 7, 7, 7, 7, 7, 7, 7, 7, 7, 7, 7, 7, 7, 7, 7, 7, 7, 7, 7, 7, 9, 9, 9, 9, 9, 9, 9, 9, 9, 9, 9, 9, 9, 9, 9, 9, 2, 2, 2, 2, 9, 9, 9, 9, 9, 9, 9, 9, 9, 9, 9, 9, 9, 9, 9, 9, 9, 9, 9, 9, 9, 9, 9, 9, 9, 9, 9, 9, 9, 9, 9, 9, 9, 9, 9, 9, 9, 9, 9, 9, 9, 9, 9, 9, 9, 9, 9, 9, 9, 9, 9, 9, 9, 9, 9, 9, 9, 2, 2, 2, 2, 2, 2, 10, 10, 10, 10, 10, 14, 14, 14, 14, 14, 14, 14, 14, 2, 2, 9, 9, 9, 9, 9, 9, 9, 9, 9, 9, 9, 9, 9, 9, 9, 9, 9, 9, 9, 9, 9, 9, 9, 9, 9, 9, 9, 9, 9, 9, 9, 9, 9, 9, 9, 9, 9, 9, 9, 9, 9, 9, 9, 9, 9, 9, 9, 9, 9, 9, 9, 9, 9, 9, 9, 9, 9, 9, 2, 2, 7, 7, 7, 7, 7, 7, 7, 7, 7, 7, 7, 7, 7, 7, 9, 9, 2, 2, 2, 2, 2, 2, 2, 2, 2, 2, 14, 2, 2, 2, 2, 9, 9, 9, 9, 9, 9, 9, 9, 9, 2, 2, 2, 2, 2, 2, 2, 2, 2, 2, 2, 2, 2, 2, 2, 2, 14, 4, 4, 4, 4, 13, 13, 13, 3, 13, 13, 3, 13, 13, 13, 3, 3, 4, 4, 4, 13, 3, 3, 13, 10, 10, 13, 13, 13, 13, 3, 3, 13, 13, 3, 3, 4, 4, 7, 7, 7, 7, 7, 7, 7, 7, 7, 7, 7, 7, 4, 4, 4, 4, 4, 4, 13, 13, 13, 3, 3, 3, 3, 3, 2, 2, 2, 2, 2, 9, 9, 9, 9, 9, 9, 9, 9, 9, 9, 9, 9, 9, 9, 9, 9, 9, 9, 9, 9, 9, 9, 9, 2, 2, 2, 2, 2, 2, 2, 2, 7, 7, 7, 7, 7, 7, 7, 7, 7, 7, 7, 7, 7, 7, 7, 7, 7, 7, 7, 7, 7, 7, 7, 7, 7, 7, 4, 4, 7, 7, 9, 9, 9, 9, 9, 9, 9, 9, 9, 9, 9, 9, 9, 9, 9, 9, 9, 9, 9, 9, 9, 9, 9, 9, 9, 9, 9, 9, 9, 9, 9, 9, 9, 9, 9, 9, 9, 9, 2, 2, 2, 2, 2, 9, 9, 9, 9, 9, 9, 9, 9, 9, 9, 9, 9, 9, 2, 2, 2, 2, 2, 2, 2, 2, 2, 2, 2, 2, 2, 2, 2, 2, 2, 2, 2, 2, 2, 2, 2, 2, 2, 9, 9, 9, 9, 9, 2, 2, 2, 2, 9, 9, 9, 9, 9, 9, 9, 9, 9, 9, 9, 9, 9, 9, 9, 9, 9, 9, 9, 9, 9, 9, 9, 9, 9, 9, 9, 9, 9, 9, 9, 9, 7, 7, 7, 7, 7, 7, 7, 7, 7, 7, 7, 7, 7, 7, 7, 7, 9, 9, 9, 9, 9, 9, 9, 9, 9, 9, 9, 9, 9, 9, 9, 9, 9, 9, 9, 9, 9, 9, 9, 9, 9, 9, 9, 9, 9, 9, 9, 9, 9, 9, 9, 9, 9, 9, 9, 9, 9, 9, 9, 9, 14, 2, 2, 2, 2, 2, 2, 9, 9, 9, 9, 9, 9, 9, 9, 7, 7, 7, 7, 7, 7, 7, 7, 7, 7, 7, 7, 7, 7, 7, 7, 7, 7, 7, 7, 7, 7, 7, 7, 7, 7, 7, 7, 7, 7, 7, 7, 7, 7, 7, 7, 7, 7, 7, 7, 7, 7, 7, 7, 7, 7, 7, 7, 7, 7, 7, 7, 7, 7, 7, 7, 7, 7, 7, 7, 7, 7, 7, 7, 7, 7, 7, 7, 7, 7, 7, 9, 9, 9, 9, 9, 9, 9, 9, 9, 1, 11, 11, 11, 11, 11, 11, 11, 11, 11, 11, 11, 11, 12, 12, 12, 12, 12, 12, 12, 12, 12, 12, 12, 12, 12, 12, 12, 12, 12, 12, 12, 12, 12, 12, 12, 6, 6, 6, 6, 6, 6, 6, 6, 1, 12, 12, 12, 12, 12, 12, 12, 12, 6, 6, 6, 6, 6, 6, 6, 6, 6, 6, 6, 6, 6, 6, 6, 1, 1, 1, 1, 11, 11, 11, 12, 12, 12, 12, 12, 12, 12, 12, 12, 12, 12, 12, 12, 12, 12, 10, 13, 3, 4, 14, 14, 14, 4, 4, 4, 4, 12, 12, 12, 12, 12, 12, 12, 12, 12, 12, 12, 12, 12, 12, 12, 12, 12, 12, 12, 12, 12, 12, 12, 12, 12, 12, 12, 12, 12, 12, 12, 12, 12, 12, 12, 12, 12, 12, 12, 12, 12, 12, 12, 12, 12, 12, 12, 12, 12, 12, 12, 12, 12, 12, 12, 12, 12, 12, 12, 12, 12, 12, 12, 12, 12, 12, 12, 12, 1, 1, 1, 1, 6, 6, 6, 6, 6, 6, 6, 6, 6, 1, 1, 11, 11, 11, 11, 11, 11, 11, 11, 11, 11, 11, 11, 11, 12, 12, 12, 12, 12, 12, 12, 12, 12, 12, 12, 12, 12, 12, 12, 12, 12, 12, 12, 12, 12, 12, 12, 12, 12, 12, 12, 6, 6, 6, 6, 6, 6, 6, 1, 6, 6, 6, 6, 6, 6, 12, 12, 12, 12, 12, 12, 12, 12, 12, 10, 10, 11, 11, 11, 11, 11, 11, 11, 11, 11, 11, 6, 6, 6, 6, 6, 6, 6, 6, 6, 6, 6, 6, 6, 1, 6, 6, 6, 6, 1, 11, 11, 11, 11, 11, 11, 11, 11, 11, 11, 1, 1, 11, 11, 11, 11, 11, 11, 11, 11, 11, 11, 11, 11, 11, 6, 1, 1, 1, 1, 1, 11, 11, 11, 11, 11, 11, 11, 11, 11, 11, 11, 11, 11, 11, 11, 11, 11, 11, 6, 6, 6, 6, 6, 6, 6, 1, 1, 11, 11, 11, 11, 11, 11, 11, 11, 11, 11, 11, 11, 11, 11, 11, 10, 14, 2, 2, 2, 2, 11, 11, 11, 11, 11, 6, 1, 11, 11, 11, 11, 11, 11, 11, 10, 10, 10, 11, 11, 6, 6, 6, 6, 6, 6, 1, 1, 6, 6, 6, 6, 6, 6, 6, 6, 6, 6, 6, 6, 6, 6, 6, 1, 1, 1, 1, 1, 6, 6, 6, 6, 6, 6, 6, 1, 11, 11, 11, 11, 11, 11, 11, 11, 11, 11, 11, 11, 11, 11, 11, 11, 11, 11, 11, 11, 11, 11, 11, 11, 11, 11, 11, 11, 11, 11, 11, 11, 11, 6, 6, 6, 6, 6, 6, 6, 6, 1, 11, 11, 11, 11, 11, 6, 6, 1, 1, 11, 11, 10, 10, 10, 10, 14, 4, 4, 4, 7, 7, 7, 7, 7, 7, 9, 9, 9, 9, 9, 9, 9, 9, 9, 9, 9, 9, 9, 9, 9, 9, 9, 9, 9, 9, 9, 9, 9, 9, 9, 9, 9, 9, 9, 9, 9, 9, 2, 2, 2, 9, 9, 9, 9, 9, 9, 9, 9, 9, 9, 9, 9, 9, 9, 9, 9, 9, 9, 9, 9, 9, 9, 9, 9, 9, 9, 9, 9, 9, 9, 9, 9, 9, 9, 9, 9, 9, 9, 9, 9, 9, 9, 9, 9, 9, 9, 9, 2, 2, 2, 9, 9, 9, 9, 9, 9, 9, 9, 9, 9, 9, 9, 9, 9, 9, 9, 9, 9, 9, 9, 9, 9, 9, 9, 9, 9, 9, 9, 9, 9, 9, 9, 9, 9, 9, 9, 9, 9, 9, 9, 9, 9, 9, 9, 9, 9, 9, 9, 9, 9, 9, 9, 9, 9, 9, 9, 9, 9, 9, 9, 9, 9, 9, 9, 9, 9, 9, 9, 9, 9, 9, 9, 9, 9, 9, 9, 9, 9, 9, 9, 9, 9, 9, 9, 9, 9, 9, 9, 9, 9, 9, 9, 9, 9, 9, 9, 9, 9, 9, 9, 9, 9, 9, 9, 2, 2, 9, 9, 9, 9, 9, 9, 9, 9, 9, 9, 9, 2, 2, 2, 2, 2, 2, 2, 2, 14, 14, 14, 4, 4, 13, 13, 10, 10, 10, 10, 14, 14, 14, 14, 14, 4, 4, 4, 4, 4, 4, 14, 3, 3, 3, 3, 3, 3, 3, 13, 13, 13, 13, 13, 13, 13, 13, 13, 13, 13, 13, 13, 13, 13, 13, 13, 13, 13, 13, 13, 13, 13, 13, 13, 13, 13, 13, 13, 13, 13, 3, 3, 3, 3, 3, 3, 3, 3, 3, 3, 3, 3, 3, 3, 3, 3, 13, 13, 13, 13, 13, 13, 13, 3, 2, 2, 2, 2, 2, 9, 9, 9, 9, 9, 9, 9, 7, 7, 7, 7, 7, 7, 7, 7, 7, 7, 7, 7, 7, 7, 7, 7, 7, 7, 7, 7, 7, 7, 7, 7, 7, 7, 7, 7, 7, 7, 7, 7, 7, 9, 9, 2, 2, 2, 9, 9, 9, 9, 9, 9, 9, 2, 2, 2, 2, 2, 2, 2, 2, 2, 2, 2, 2, 2, 2, 2, 2, 2, 2, 2, 2, 2, 2, 2, 2, 2, 2, 2, 2, 2, 2, 2, 2, 2, 2, 2, 2, 2, 2, 2, 2, 2, 2, 2, 2, 2, 2, 2, 2, 2, 2, 2, 2, 2, 2, 2, 2, 2, 2, 2, 2, 2, 2, 7, 7, 7, 7, 7, 7, 7, 7, 7, 7, 7, 7, 7, 7, 7, 7, 7, 7, 7, 7, 7, 7, 7, 7, 7, 7, 7, 7, 7, 7, 7, 7, 7, 7, 7, 7, 7, 7, 7, 7, 7, 7, 7, 7, 7, 7, 7, 7, 7, 7, 7, 7, 7, 7, 7, 3, 3, 3, 3, 3, 3, 3, 3, 3, 3, 3, 3, 3, 13, 13, 13, 3, 3, 3, 3, 3, 4, 4, 4, 4, 13, 3, 3, 4, 13, 13, 3, 3, 13, 13, 0, 0, 0, 5, 5, 5, 5, 5, 5, 5, 5, 5, 5, 5, 5, 5, 5, 5, 5, 5, 5, 5, 5, 5, 5, 5, 5, 5, 5, 5, 5, 5, 5, 5, 5, 5, 5, 5, 5, 5, 5, 5, 5, 5, 5, 5, 5, 5, 5, 5, 5, 5, 5, 5, 5, 5, 5, 5, 5, 5, 5, 5, 5, 5, 5, 5, 5, 5, 5, 5, 5, 5, 13, 13, 13, 13, 13, 13, 13, 13, 3, 3, 13, 13, 13, 3, 3, 3, 13, 13, 13, 13, 13, 13, 13, 13, 13, 13, 13, 13, 13, 13, 13, 13, 3, 3, 3, 3, 3, 3, 3, 3, 3, 3, 3, 3, 3, 3, 3, 3, 3, 3, 3, 3, 3, 3, 13, 13, 13, 13, 3, 3, 3, 3, 3, 3, 3, 3, 3, 3, 3, 2, 2, 2, 2, 2, 2, 2, 2, 2, 2, 2, 2, 2, 2, 2, 2, 2, 2, 2, 2, 2, 2, 2, 7, 7, 7, 7, 7, 7, 7, 7, 7, 7, 7, 7, 7, 7, 7, 7, 7, 7, 7, 7, 7, 7, 7, 7, 7, 7, 7, 7, 7, 7, 7, 7, 7, 7, 7, 7, 7, 7, 7, 7, 7, 7, 7, 7, 7, 7, 7, 7, 7, 7, 7, 7, 7, 7, 7, 7, 7, 7, 0, 5, 5, 5, 5, 5, 5, 5, 5, 5, 5, 5, 5, 5, 5, 5, 5, 5, 5, 5, 5, 5, 5, 5, 5, 5, 5, 5, 5, 5, 5, 5, 5, 5, 5, 5, 5, 5, 5, 5, 5, 5, 0, 15, 8, 10, 10, 13, 13, 13, 10, 14, 14, 14, 14, 2, 2, 2, 2, 2, 2, 2, 2, 2, 2, 2, 7, 7, 7, 7, 7, 7, 7, 7, 7, 7, 7, 7, 7, 7, 0, 5, 5, 5, 5, 5, 5, 5, 5, 5, 5, 5, 5, 5, 5, 5, 5, 5, 5, 5, 5, 5, 5, 5, 5, 5, 5, 5, 5, 5, 5, 5, 5, 5, 5, 0, 15, 0, 15, 0, 5, 5, 5, 5, 5, 5, 5, 5, 5, 5, 5, 5, 5, 5, 5, 5, 5, 5, 5, 13, 13, 13, 13, 13, 13, 13, 13, 3, 3, 3, 3, 13, 3, 3, 13, 13, 13, 13, 13, 13, 13, 13, 3, 3, 3, 3, 3, 3, 3, 13, 13, 13, 3, 3, 13, 13, 13, 13, 13, 13, 13, 13, 13, 13, 13, 13, 13, 13, 13, 13, 13, 13, 13, 13, 13, 13, 13, 13, 3, 13, 13, 13, 13, 13, 13, 13, 13, 13, 13, 13, 13, 13, 13, 13, 13, 13, 13, 13, 13, 13, 13, 13, 13, 13, 13, 10, 14, 3, 3, 3, 4, 4, 4, 4, 4, 4, 4, 4, 4, 4, 4, 4, 4, 4, 4, 4, 4, 13, 13, 13, 13, 13, 13, 13, 13, 10, 10, 10, 10, 10, 10, 10, 14, 14, 14, 14, 14, 14, 4, 4, 4, 4, 14, 14, 4, 4, 4, 4, 13, 13, 13, 13, 13, 13, 13, 13, 13, 13, 13, 13, 13, 3, 3, 3, 3, 3, 3, 3, 3, 2, 2, 2, 2, 2, 2, 2, 2, 2, 2, 2, 2, 2, 2, 2, 2, 2, 2, 2, 2, 2, 2, 2, 2, 2, 2, 2, 2, 2, 2, 2, 2, 2, 2, 2, 2, 2, 2, 2, 2, 2, 2, 2, 2, 2, 2, 2, 2, 2, 2, 2, 2, 2, 2, 2, 2, 2, 2, 2, 2, 2, 7, 7, 7, 7, 7, 7, 7, 7, 7, 7, 7, 3, 13, 3, 3, 3, 3, 3, 3, 13, 13, 13, 13, 13, 13, 13, 13, 13, 3, 4, 4, 4, 4, 4, 4, 4, 4, 4, 4, 14, 14, 4, 4, 4, 13, 3, 3, 3, 3, 13, 13, 13, 3, 4, 4, 4, 4, 4, 4, 4, 4, 4, 14, 14, 4, 4, 4, 4, 4, 4, 4, 4, 4, 4, 4, 4, 4, 4, 4, 4, 4, 13, 13, 3, 3, 3, 3, 3, 3, 3, 3, 3, 3, 3, 3, 3, 3, 3, 13, 10, 14, 3, 3, 3, 13, 13, 13]
list of [x_i,x_i_plus] [[0, 0], [0, 1], [0, 2], [0, 3], [0, 4], [0, 5], [0, 6], [0, 7], [0, 8], [0, 9], [0, 10], [0, 11], [0, 12], [0, 13], [0, 14], [0, 15], [1, 0], [1, 1], [1, 2], [1, 3], [1, 4], [1, 5], [1, 6], [1, 7], [1, 8], [1, 9], [1, 10], [1, 11], [1, 12], [1, 13], [1, 14], [1, 15], [2, 0], [2, 1], [2, 2], [2, 3], [2, 4], [2, 5], [2, 6], [2, 7], [2, 8], [2, 9], [2, 10], [2, 11], [2, 12], [2, 13], [2, 14], [2, 15], [3, 0], [3, 1], [3, 2], [3, 3], [3, 4], [3, 5], [3, 6], [3, 7], [3, 8], [3, 9], [3, 10], [3, 11], [3, 12], [3, 13], [3, 14], [3, 15], [4, 0], [4, 1], [4, 2], [4, 3], [4, 4], [4, 5], [4, 6], [4, 7], [4, 8], [4, 9], [4, 10], [4, 11], [4, 12], [4, 13], [4, 14], [4, 15], [5, 0], [5, 1], [5, 2], [5, 3], [5, 4], [5, 5], [5, 6], [5, 7], [5, 8], [5, 9], [5, 10], [5, 11], [5, 12], [5, 13], [5, 14], [5, 15], [6, 0], [6, 1], [6, 2], [6, 3], [6, 4], [6, 5], [6, 6], [6, 7], [6, 8], [6, 9], [6, 10], [6, 11], [6, 12], [6, 13], [6, 14], [6, 15], [7, 0], [7, 1], [7, 2], [7, 3], [7, 4], [7, 5], [7, 6], [7, 7], [7, 8], [7, 9], [7, 10], [7, 11], [7, 12], [7, 13], [7, 14], [7, 15], [8, 0], [8, 1], [8, 2], [8, 3], [8, 4], [8, 5], [8, 6], [8, 7], [8, 8], [8, 9], [8, 10], [8, 11], [8, 12], [8, 13], [8, 14], [8, 15], [9, 0], [9, 1], [9, 2], [9, 3], [9, 4], [9, 5], [9, 6], [9, 7], [9, 8], [9, 9], [9, 10], [9, 11], [9, 12], [9, 13], [9, 14], [9, 15], [10, 0], [10, 1], [10, 2], [10, 3], [10, 4], [10, 5], [10, 6], [10, 7], [10, 8], [10, 9], [10, 10], [10, 11], [10, 12], [10, 13], [10, 14], [10, 15], [11, 0], [11, 1], [11, 2], [11, 3], [11, 4], [11, 5], [11, 6], [11, 7], [11, 8], [11, 9], [11, 10], [11, 11], [11, 12], [11, 13], [11, 14], [11, 15], [12, 0], [12, 1], [12, 2], [12, 3], [12, 4], [12, 5], [12, 6], [12, 7], [12, 8], [12, 9], [12, 10], [12, 11], [12, 12], [12, 13], [12, 14], [12, 15], [13, 0], [13, 1], [13, 2], [13, 3], [13, 4], [13, 5], [13, 6], [13, 7], [13, 8], [13, 9], [13, 10], [13, 11], [13, 12], [13, 13], [13, 14], [13, 15], [14, 0], [14, 1], [14, 2], [14, 3], [14, 4], [14, 5], [14, 6], [14, 7], [14, 8], [14, 9], [14, 10], [14, 11], [14, 12], [14, 13], [14, 14], [14, 15], [15, 0], [15, 1], [15, 2], [15, 3], [15, 4], [15, 5], [15, 6], [15, 7], [15, 8], [15, 9], [15, 10], [15, 11], [15, 12], [15, 13], [15, 14], [15, 15]]
List of [[x_i,x_i_plus], number of repetition] [[[-6.178862711042445, -6.178862711042445], 22], [[-6.178862711042445, -5.573948175541528], 0], [[-6.178862711042445, -6.173013044470926], 0], [[-6.178862711042445, -6.166396835669284], 0], [[-6.178862711042445, -6.021246898060707], 0], [[-6.178862711042445, -6.140228077802737], 7], [[-6.178862711042445, -5.4986191721191755], 0], [[-6.178862711042445, -6.220676539788938], 0], [[-6.178862711042445, -6.124145705375695], 0], [[-6.178862711042445, -6.294577785560494], 0], [[-6.178862711042445, -5.732888765340828], 0], [[-6.178862711042445, -5.534532055173939], 0], [[-6.178862711042445, -5.449756076683558], 0], [[-6.178862711042445, -6.0864893350289835], 0], [[-6.178862711042445, -5.831849798874126], 0], [[-6.178862711042445, -6.194220121739837], 8], [[-5.573948175541528, -6.178862711042445], 0], [[-5.573948175541528, -5.573948175541528], 19], [[-5.573948175541528, -6.173013044470926], 0], [[-5.573948175541528, -6.166396835669284], 0], [[-5.573948175541528, -6.021246898060707], 0], [[-5.573948175541528, -6.140228077802737], 0], [[-5.573948175541528, -5.4986191721191755], 5], [[-5.573948175541528, -6.220676539788938], 0], [[-5.573948175541528, -6.124145705375695], 0], [[-5.573948175541528, -6.294577785560494], 0], [[-5.573948175541528, -5.732888765340828], 0], [[-5.573948175541528, -5.534532055173939], 11], [[-5.573948175541528, -5.449756076683558], 1], [[-5.573948175541528, -6.0864893350289835], 0], [[-5.573948175541528, -5.831849798874126], 0], [[-5.573948175541528, -6.194220121739837], 0], [[-6.173013044470926, -6.178862711042445], 0], [[-6.173013044470926, -5.573948175541528], 0], [[-6.173013044470926, -6.173013044470926], 285], [[-6.173013044470926, -6.166396835669284], 0], [[-6.173013044470926, -6.021246898060707], 0], [[-6.173013044470926, -6.140228077802737], 0], [[-6.173013044470926, -5.4986191721191755], 0], [[-6.173013044470926, -6.220676539788938], 8], [[-6.173013044470926, -6.124145705375695], 0], [[-6.173013044470926, -6.294577785560494], 15], [[-6.173013044470926, -5.732888765340828], 1], [[-6.173013044470926, -5.534532055173939], 1], [[-6.173013044470926, -5.449756076683558], 0], [[-6.173013044470926, -6.0864893350289835], 0], [[-6.173013044470926, -5.831849798874126], 3], [[-6.173013044470926, -6.194220121739837], 0], [[-6.166396835669284, -6.178862711042445], 0], [[-6.166396835669284, -5.573948175541528], 0], [[-6.166396835669284, -6.173013044470926], 5], [[-6.166396835669284, -6.166396835669284], 210], [[-6.166396835669284, -6.021246898060707], 10], [[-6.166396835669284, -6.140228077802737], 0], [[-6.166396835669284, -5.4986191721191755], 0], [[-6.166396835669284, -6.220676539788938], 0], [[-6.166396835669284, -6.124145705375695], 0], [[-6.166396835669284, -6.294577785560494], 0], [[-6.166396835669284, -5.732888765340828], 0], [[-6.166396835669284, -5.534532055173939], 0], [[-6.166396835669284, -5.449756076683558], 0], [[-6.166396835669284, -6.0864893350289835], 35], [[-6.166396835669284, -5.831849798874126], 0], [[-6.166396835669284, -6.194220121739837], 0], [[-6.021246898060707, -6.178862711042445], 0], [[-6.021246898060707, -5.573948175541528], 0], [[-6.021246898060707, -6.173013044470926], 0], [[-6.021246898060707, -6.166396835669284], 0], [[-6.021246898060707, -6.021246898060707], 99], [[-6.021246898060707, -6.140228077802737], 0], [[-6.021246898060707, -5.4986191721191755], 0], [[-6.021246898060707, -6.220676539788938], 5], [[-6.021246898060707, -6.124145705375695], 0], [[-6.021246898060707, -6.294577785560494], 0], [[-6.021246898060707, -5.732888765340828], 0], [[-6.021246898060707, -5.534532055173939], 0], [[-6.021246898060707, -5.449756076683558], 1], [[-6.021246898060707, -6.0864893350289835], 11], [[-6.021246898060707, -5.831849798874126], 5], [[-6.021246898060707, -6.194220121739837], 0], [[-6.140228077802737, -6.178862711042445], 5], [[-6.140228077802737, -5.573948175541528], 0], [[-6.140228077802737, -6.173013044470926], 0], [[-6.140228077802737, -6.166396835669284], 0], [[-6.140228077802737, -6.021246898060707], 0], [[-6.140228077802737, -6.140228077802737], 371], [[-6.140228077802737, -5.4986191721191755], 0], [[-6.140228077802737, -6.220676539788938], 0], [[-6.140228077802737, -6.124145705375695], 0], [[-6.140228077802737, -6.294577785560494], 0], [[-6.140228077802737, -5.732888765340828], 0], [[-6.140228077802737, -5.534532055173939], 0], [[-6.140228077802737, -5.449756076683558], 0], [[-6.140228077802737, -6.0864893350289835], 2], [[-6.140228077802737, -5.831849798874126], 0], [[-6.140228077802737, -6.194220121739837], 0], [[-5.4986191721191755, -6.178862711042445], 0], [[-5.4986191721191755, -5.573948175541528], 14], [[-5.4986191721191755, -6.173013044470926], 0], [[-5.4986191721191755, -6.166396835669284], 0], [[-5.4986191721191755, -6.021246898060707], 0], [[-5.4986191721191755, -6.140228077802737], 0], [[-5.4986191721191755, -5.4986191721191755], 94], [[-5.4986191721191755, -6.220676539788938], 0], [[-5.4986191721191755, -6.124145705375695], 0], [[-5.4986191721191755, -6.294577785560494], 0], [[-5.4986191721191755, -5.732888765340828], 0], [[-5.4986191721191755, -5.534532055173939], 0], [[-5.4986191721191755, -5.449756076683558], 1], [[-5.4986191721191755, -6.0864893350289835], 0], [[-5.4986191721191755, -5.831849798874126], 0], [[-5.4986191721191755, -6.194220121739837], 0], [[-6.220676539788938, -6.178862711042445], 3], [[-6.220676539788938, -5.573948175541528], 0], [[-6.220676539788938, -6.173013044470926], 0], [[-6.220676539788938, -6.166396835669284], 4], [[-6.220676539788938, -6.021246898060707], 2], [[-6.220676539788938, -6.140228077802737], 0], [[-6.220676539788938, -5.4986191721191755], 0], [[-6.220676539788938, -6.220676539788938], 488], [[-6.220676539788938, -6.124145705375695], 0], [[-6.220676539788938, -6.294577785560494], 8], [[-6.220676539788938, -5.732888765340828], 0], [[-6.220676539788938, -5.534532055173939], 0], [[-6.220676539788938, -5.449756076683558], 0], [[-6.220676539788938, -6.0864893350289835], 0], [[-6.220676539788938, -5.831849798874126], 0], [[-6.220676539788938, -6.194220121739837], 0], [[-6.124145705375695, -6.178862711042445], 0], [[-6.124145705375695, -5.573948175541528], 0], [[-6.124145705375695, -6.173013044470926], 0], [[-6.124145705375695, -6.166396835669284], 0], [[-6.124145705375695, -6.021246898060707], 0], [[-6.124145705375695, -6.140228077802737], 0], [[-6.124145705375695, -5.4986191721191755], 0], [[-6.124145705375695, -6.220676539788938], 0], [[-6.124145705375695, -6.124145705375695], 0], [[-6.124145705375695, -6.294577785560494], 0], [[-6.124145705375695, -5.732888765340828], 2], [[-6.124145705375695, -5.534532055173939], 0], [[-6.124145705375695, -5.449756076683558], 0], [[-6.124145705375695, -6.0864893350289835], 0], [[-6.124145705375695, -5.831849798874126], 0], [[-6.124145705375695, -6.194220121739837], 0], [[-6.294577785560494, -6.178862711042445], 0], [[-6.294577785560494, -5.573948175541528], 1], [[-6.294577785560494, -6.173013044470926], 17], [[-6.294577785560494, -6.166396835669284], 0], [[-6.294577785560494, -6.021246898060707], 0], [[-6.294577785560494, -6.140228077802737], 0], [[-6.294577785560494, -5.4986191721191755], 0], [[-6.294577785560494, -6.220676539788938], 4], [[-6.294577785560494, -6.124145705375695], 0], [[-6.294577785560494, -6.294577785560494], 542], [[-6.294577785560494, -5.732888765340828], 0], [[-6.294577785560494, -5.534532055173939], 0], [[-6.294577785560494, -5.449756076683558], 0], [[-6.294577785560494, -6.0864893350289835], 0], [[-6.294577785560494, -5.831849798874126], 2], [[-6.294577785560494, -6.194220121739837], 0], [[-5.732888765340828, -6.178862711042445], 0], [[-5.732888765340828, -5.573948175541528], 0], [[-5.732888765340828, -6.173013044470926], 0], [[-5.732888765340828, -6.166396835669284], 0], [[-5.732888765340828, -6.021246898060707], 0], [[-5.732888765340828, -6.140228077802737], 0], [[-5.732888765340828, -5.4986191721191755], 0], [[-5.732888765340828, -6.220676539788938], 0], [[-5.732888765340828, -6.124145705375695], 0], [[-5.732888765340828, -6.294577785560494], 0], [[-5.732888765340828, -5.732888765340828], 27], [[-5.732888765340828, -5.534532055173939], 2], [[-5.732888765340828, -5.449756076683558], 0], [[-5.732888765340828, -6.0864893350289835], 6], [[-5.732888765340828, -5.831849798874126], 8], [[-5.732888765340828, -6.194220121739837], 0], [[-5.534532055173939, -6.178862711042445], 0], [[-5.534532055173939, -5.573948175541528], 1], [[-5.534532055173939, -6.173013044470926], 0], [[-5.534532055173939, -6.166396835669284], 0], [[-5.534532055173939, -6.021246898060707], 0], [[-5.534532055173939, -6.140228077802737], 0], [[-5.534532055173939, -5.4986191721191755], 7], [[-5.534532055173939, -6.220676539788938], 0], [[-5.534532055173939, -6.124145705375695], 0], [[-5.534532055173939, -6.294577785560494], 0], [[-5.534532055173939, -5.732888765340828], 3], [[-5.534532055173939, -5.534532055173939], 134], [[-5.534532055173939, -5.449756076683558], 3], [[-5.534532055173939, -6.0864893350289835], 0], [[-5.534532055173939, -5.831849798874126], 0], [[-5.534532055173939, -6.194220121739837], 0], [[-5.449756076683558, -6.178862711042445], 0], [[-5.449756076683558, -5.573948175541528], 1], [[-5.449756076683558, -6.173013044470926], 0], [[-5.449756076683558, -6.166396835669284], 0], [[-5.449756076683558, -6.021246898060707], 0], [[-5.449756076683558, -6.140228077802737], 0], [[-5.449756076683558, -5.4986191721191755], 3], [[-5.449756076683558, -6.220676539788938], 0], [[-5.449756076683558, -6.124145705375695], 0], [[-5.449756076683558, -6.294577785560494], 0], [[-5.449756076683558, -5.732888765340828], 2], [[-5.449756076683558, -5.534532055173939], 0], [[-5.449756076683558, -5.449756076683558], 144], [[-5.449756076683558, -6.0864893350289835], 0], [[-5.449756076683558, -5.831849798874126], 0], [[-5.449756076683558, -6.194220121739837], 0], [[-6.0864893350289835, -6.178862711042445], 2], [[-6.0864893350289835, -5.573948175541528], 0], [[-6.0864893350289835, -6.173013044470926], 0], [[-6.0864893350289835, -6.166396835669284], 43], [[-6.0864893350289835, -6.021246898060707], 0], [[-6.0864893350289835, -6.140228077802737], 0], [[-6.0864893350289835, -5.4986191721191755], 0], [[-6.0864893350289835, -6.220676539788938], 0], [[-6.0864893350289835, -6.124145705375695], 0], [[-6.0864893350289835, -6.294577785560494], 0], [[-6.0864893350289835, -5.732888765340828], 8], [[-6.0864893350289835, -5.534532055173939], 0], [[-6.0864893350289835, -5.449756076683558], 0], [[-6.0864893350289835, -6.0864893350289835], 223], [[-6.0864893350289835, -5.831849798874126], 0], [[-6.0864893350289835, -6.194220121739837], 0], [[-5.831849798874126, -6.178862711042445], 0], [[-5.831849798874126, -5.573948175541528], 0], [[-5.831849798874126, -6.173013044470926], 6], [[-5.831849798874126, -6.166396835669284], 3], [[-5.831849798874126, -6.021246898060707], 10], [[-5.831849798874126, -6.140228077802737], 0], [[-5.831849798874126, -5.4986191721191755], 0], [[-5.831849798874126, -6.220676539788938], 0], [[-5.831849798874126, -6.124145705375695], 0], [[-5.831849798874126, -6.294577785560494], 0], [[-5.831849798874126, -5.732888765340828], 0], [[-5.831849798874126, -5.534532055173939], 0], [[-5.831849798874126, -5.449756076683558], 0], [[-5.831849798874126, -6.0864893350289835], 0], [[-5.831849798874126, -5.831849798874126], 26], [[-5.831849798874126, -6.194220121739837], 0], [[-6.194220121739837, -6.178862711042445], 5], [[-6.194220121739837, -5.573948175541528], 0], [[-6.194220121739837, -6.173013044470926], 0], [[-6.194220121739837, -6.166396835669284], 0], [[-6.194220121739837, -6.021246898060707], 0], [[-6.194220121739837, -6.140228077802737], 0], [[-6.194220121739837, -5.4986191721191755], 0], [[-6.194220121739837, -6.220676539788938], 0], [[-6.194220121739837, -6.124145705375695], 2], [[-6.194220121739837, -6.294577785560494], 0], [[-6.194220121739837, -5.732888765340828], 0], [[-6.194220121739837, -5.534532055173939], 0], [[-6.194220121739837, -5.449756076683558], 0], [[-6.194220121739837, -6.0864893350289835], 0], [[-6.194220121739837, -5.831849798874126], 1], [[-6.194220121739837, -6.194220121739837], 2]]
 
Means and total domain of each hidden state
-------------------------