Number of Rows
--------------
9938
 
Hidden States
-------------
[ 9 12 12 ...  6  6 13]
 
Record of all hidden state
**********************************
No.     TIME Start  -  TIME End      VALUE           Hidden State {}th       Time domain
0      800.01033     -  800.01033      -5.46654111788        9               0.0
1      800.02031     -  800.07038      -5.49986543865        12               0.05007
2      800.08045     -  800.08045      -5.4093392496        11               0.0
3      800.09033     -  800.10045      -5.49986543865        12               0.01012
4      800.11033     -  800.12038      -5.46654111788        9               0.01005
5      800.13038     -  800.13038      -5.49986543865        12               0.0
6      800.14033     -  800.17033      -5.52539446335        4               0.0300000000001
7      800.18038     -  800.18038      -5.4093392496        11               0.0
8      800.19033     -  800.21033      -5.49986543865        12               0.02
9      800.22033     -  800.31033      -5.64204584814        0               0.09
10      800.32033     -  800.40033      -5.60361971976        14               0.08
11      800.4111     -  800.45033      -5.64204584814        0               0.03923
12      800.46038     -  800.59038      -5.60361971976        14               0.13
13      800.60038     -  800.64033      -5.64204584814        0               0.03995
14      800.65033     -  800.66116      -5.52539446335        4               0.0108299999999
15      800.67033     -  800.67033      -5.4093392496        11               0.0
16      800.68036     -  800.68036      -5.52539446335        4               0.0
17      800.69033     -  800.69033      -5.4093392496        11               0.0
18      800.70036     -  800.70036      -5.53686496831        10               0.0
19      800.71033     -  800.83037      -5.60361971976        14               0.12004
20      800.8746     -  800.8746      -5.4093392496        11               0.0
21      800.89957     -  800.97033      -5.64204584814        0               0.07076
22      800.98037     -  801.08041      -5.60361971976        14               0.10004
23      801.09033     -  801.23033      -5.64204584814        0               0.14
24      801.24032     -  801.33037      -5.60361971976        14               0.09005
25      801.34035     -  801.37036      -5.46654111788        9               0.0300100000001
26      801.38098     -  801.39037      -5.49986543865        12               0.00938999999994
27      801.40032     -  801.43037      -5.52539446335        4               0.0300500000001
28      801.44037     -  801.45032      -5.4093392496        11               0.00995
29      801.46037     -  801.48037      -5.52539446335        4               0.02
30      801.49032     -  801.50037      -5.4093392496        11               0.01005
31      801.51032     -  801.51032      -4.53027784483        8               0.0
32      801.52037     -  801.52037      -5.49986543865        12               0.0
33      801.53032     -  801.66033      -5.52539446335        4               0.13001
34      801.67037     -  801.67037      -5.46654111788        9               0.0
35      801.68033     -  801.69789      -5.41558613676        7               0.01756
36      801.72954     -  801.74033      -5.46654111788        9               0.0107899999999
37      801.75031     -  801.77033      -5.49986543865        12               0.0200199999999
38      801.78031     -  801.78031      -5.4093392496        11               0.0
39      801.79037     -  801.81038      -5.49986543865        12               0.02001
40      801.82037     -  801.82037      -5.46654111788        9               0.0
41      801.83033     -  801.87038      -5.49986543865        12               0.04005
42      801.88033     -  801.88033      -5.4093392496        11               0.0
43      801.89033     -  801.92032      -5.49986543865        12               0.02999
44      801.93037     -  802.05032      -5.46654111788        9               0.11995
45      802.06032     -  802.06032      -5.49986543865        12               0.0
46      802.07036     -  802.07036      -5.4093392496        11               0.0
47      802.08037     -  802.09037      -5.49986543865        12               0.00999999999999
48      802.10037     -  802.11032      -5.4093392496        11               0.00995
49      802.12032     -  802.25037      -5.52539446335        4               0.13005
50      802.26037     -  802.26037      -5.49986543865        12               0.0
51      802.27037     -  802.32032      -5.46654111788        9               0.0499500000001
52      802.33037     -  802.40036      -5.49986543865        12               0.06999
53      802.41092     -  802.42031      -5.46654111788        9               0.00938999999994
54      802.46327     -  802.46327      -4.53027784483        8               0.0
55      802.47033     -  802.47033      -5.41558613676        7               0.0
56      802.48033     -  802.48033      -5.46654111788        9               0.0
57      802.49037     -  802.51033      -5.49986543865        12               0.01996
58      802.52037     -  802.52037      -5.4093392496        11               0.0
59      802.53037     -  802.54037      -5.52539446335        4               0.0100000000001
60      802.55037     -  802.65037      -5.49986543865        12               0.0999999999999
61      802.66037     -  802.72033      -5.46654111788        9               0.05996
62      802.73037     -  802.74033      -5.49986543865        12               0.00995999999998
63      802.75037     -  803.01031      -5.52539446335        4               0.25994
64      803.02031     -  803.11092      -5.64204584814        0               0.09061
65      803.12037     -  803.19036      -5.60361971976        14               0.0699900000001
66      803.20033     -  803.49038      -5.64204584814        0               0.29005
67      803.50038     -  803.50038      -5.4093392496        11               0.0
68      803.51038     -  803.68038      -5.64204584814        0               0.17
69      803.69042     -  803.72057      -5.60361971976        14               0.0301499999999
70      803.73038     -  803.85038      -5.64204584814        0               0.12
71      803.86033     -  804.03038      -5.60361971976        14               0.17005
72      804.04038     -  804.11033      -5.64204584814        0               0.0699499999999
73      804.12033     -  804.15038      -5.69280483402        5               0.0300500000001
74      804.16118     -  804.32038      -5.64204584814        0               0.1592
75      804.33043     -  804.36038      -5.60361971976        14               0.02995
76      804.37038     -  804.48032      -5.64204584814        0               0.10994
77      804.49032     -  804.52032      -5.60361971976        14               0.03
78      804.53037     -  804.63038      -5.64204584814        0               0.10001
79      804.64032     -  804.75033      -5.60361971976        14               0.11001
80      804.76032     -  804.86037      -5.64204584814        0               0.10005
81      804.87033     -  804.89033      -5.60361971976        14               0.02
82      804.90032     -  805.02037      -5.64204584814        0               0.12005
83      805.03033     -  805.05037      -5.60361971976        14               0.02004
84      805.06032     -  805.17038      -5.64204584814        0               0.11006
85      805.18032     -  805.22042      -5.60361971976        14               0.0400999999999
86      805.23038     -  805.25037      -5.64204584814        0               0.01999
87      805.26032     -  805.39037      -5.60361971976        14               0.13005
88      805.40037     -  805.47056      -5.64204584814        0               0.07019
89      805.48036     -  805.52037      -5.60361971976        14               0.0400099999999
90      805.53038     -  805.58032      -5.64204584814        0               0.04994
91      805.59033     -  805.69115      -5.60361971976        14               0.10082
92      805.70037     -  805.72055      -5.64204584814        0               0.02018
93      805.73038     -  805.91092      -5.60361971976        14               0.18054
94      805.92031     -  806.06036      -5.64204584814        0               0.14005
95      806.07038     -  806.25037      -5.60361971976        14               0.17999
96      806.26033     -  806.30032      -5.64204584814        0               0.0399900000001
97      806.31037     -  806.31037      -5.60361971976        14               0.0
98      806.32032     -  806.43032      -5.57965520492        13               0.11
99      806.44117     -  806.45037      -5.53686496831        10               0.00919999999996
100      806.46032     -  806.47048      -5.60361971976        14               0.0101599999999
101      806.48037     -  806.52033      -5.64204584814        0               0.03996
102      806.53036     -  806.73032      -5.60361971976        14               0.19996
103      806.74037     -  806.90037      -5.64204584814        0               0.16
104      806.91037     -  806.98033      -5.69280483402        5               0.06996
105      806.99033     -  807.09037      -5.64204584814        0               0.10004
106      807.10037     -  807.20037      -5.60361971976        14               0.1
107      807.21033     -  807.49033      -5.64204584814        0               0.28
108      807.50037     -  807.50037      -5.60361971976        14               0.0
109      807.5106     -  807.62033      -5.57965520492        13               0.10973
110      807.63036     -  807.65036      -5.60361971976        14               0.02
111      807.66106     -  807.66106      -5.64204584814        0               0.0
112      807.67036     -  807.91037      -5.69280483402        5               0.24001
113      807.92032     -  807.93033      -5.64204584814        0               0.0100100000001
114      807.94031     -  807.95032      -5.60361971976        14               0.0100100000001
115      807.96032     -  807.96032      -5.53686496831        10               0.0
116      807.97033     -  808.08032      -5.57965520492        13               0.10999
117      808.09033     -  808.27038      -5.60361971976        14               0.18005
118      808.28036     -  808.90033      -5.69280483402        5               0.61997
119      808.91033     -  808.99033      -5.64204584814        0               0.0799999999999
120      809.00037     -  809.34033      -5.69280483402        5               0.33996
121      809.35033     -  809.40033      -5.64204584814        0               0.0500000000001
122      809.41098     -  809.42037      -5.60361971976        14               0.00939000000005
123      809.43037     -  809.46032      -5.64204584814        0               0.02995
124      809.47047     -  809.60037      -5.60361971976        14               0.1299
125      809.61037     -  810.15032      -5.64204584814        0               0.53995
126      810.16033     -  810.16033      -5.10197136826        3               0.0
127      810.17033     -  810.17033      -5.4093392496        11               0.0
128      810.18037     -  810.67032      -5.64204584814        0               0.48995
129      810.68032     -  810.77032      -5.60361971976        14               0.0899999999999
130      810.78032     -  810.82037      -5.64204584814        0               0.0400500000001
131      810.83032     -  810.85032      -5.60361971976        14               0.02
132      810.86033     -  810.96037      -5.64204584814        0               0.10004
133      810.97033     -  810.98037      -5.60361971976        14               0.01004
134      810.99037     -  811.05033      -5.53686496831        10               0.05996
135      811.06033     -  811.06033      -5.4093392496        11               0.0
136      811.07033     -  811.14037      -5.49986543865        12               0.0700399999999
137      811.15037     -  811.15037      -5.46654111788        9               0.0
138      811.16098     -  811.19122      -5.49986543865        12               0.03024
139      811.20032     -  811.33032      -5.52539446335        4               0.13
140      811.34037     -  811.35037      -5.46654111788        9               0.00999999999999
141      811.36032     -  811.42032      -5.49986543865        12               0.0599999999999
142      811.43033     -  811.51037      -5.52539446335        4               0.0800399999999
143      811.52037     -  811.53037      -5.46654111788        9               0.00999999999999
144      811.54033     -  811.54033      -5.49986543865        12               0.0
145      811.55033     -  811.57033      -5.52539446335        4               0.02
146      811.58037     -  811.58037      -5.4093392496        11               0.0
147      811.59037     -  811.70037      -5.52539446335        4               0.11
148      811.71037     -  811.71037      -5.4093392496        11               0.0
149      811.72037     -  811.76032      -5.52539446335        4               0.03995
150      811.77037     -  811.78036      -5.46654111788        9               0.00999000000002
151      811.79033     -  811.82037      -5.49986543865        12               0.03004
152      811.83048     -  811.88033      -5.52539446335        4               0.04985
153      811.89033     -  811.95033      -5.46654111788        9               0.0600000000001
154      811.96033     -  811.97037      -5.64204584814        0               0.01004
155      811.98037     -  812.0204      -5.60361971976        14               0.04003
156      812.03033     -  812.27033      -5.64204584814        0               0.24
157      812.28037     -  812.29037      -5.60361971976        14               0.0100000000001
158      812.30149     -  812.30149      -5.4093392496        11               0.0
159      812.31036     -  812.32033      -5.69280483402        5               0.00997000000007
160      812.33035     -  812.36031      -5.64204584814        0               0.0299600000001
161      812.37032     -  812.56033      -5.60361971976        14               0.19001
162      812.57033     -  812.58048      -5.64204584814        0               0.01015
163      812.59033     -  812.60037      -5.60361971976        14               0.01004
164      812.61037     -  812.65032      -5.46654111788        9               0.03995
165      812.66125     -  812.68037      -5.49986543865        12               0.01912
166      812.69033     -  812.69033      -5.46654111788        9               0.0
167      812.70032     -  812.80037      -5.49986543865        12               0.10005
168      812.81033     -  812.81033      -5.4093392496        11               0.0
169      812.82032     -  812.88035      -5.49986543865        12               0.06003
170      812.89037     -  812.91037      -5.46654111788        9               0.02
171      812.92033     -  812.94033      -5.41558613676        7               0.02
172      812.95032     -  812.95032      -5.46654111788        9               0.0
173      812.96033     -  812.97036      -5.49986543865        12               0.01003
174      812.98033     -  812.98033      -5.46654111788        9               0.0
175      812.99032     -  813.01037      -5.49986543865        12               0.02005
176      813.02033     -  813.07036      -5.52539446335        4               0.0500300000001
177      813.08037     -  813.13036      -5.49986543865        12               0.04999
178      813.14032     -  813.17031      -5.46654111788        9               0.02999
179      813.18037     -  813.18037      -5.49986543865        12               0.0
180      813.19122     -  813.32037      -5.52539446335        4               0.12915
181      813.33032     -  813.33032      -5.4093392496        11               0.0
182      813.34032     -  813.71033      -5.52539446335        4               0.37001
183      813.72052     -  813.72052      -5.4093392496        11               0.0
184      813.73037     -  813.82036      -5.57965520492        13               0.0899900000001
185      813.83037     -  813.92036      -5.53686496831        10               0.0899899999999
186      813.93033     -  814.07033      -5.56035307006        6               0.14
187      814.08032     -  814.11033      -5.53686496831        10               0.0300099999999
188      814.12031     -  814.22036      -5.56035307006        6               0.10005
189      814.23033     -  814.23033      -5.4093392496        11               0.0
190      814.24036     -  814.30036      -5.53686496831        10               0.0599999999999
191      814.31037     -  814.35069      -5.57965520492        13               0.04032
192      814.36032     -  814.38036      -5.56035307006        6               0.02004
193      814.39038     -  814.39038      -5.4093392496        11               0.0
194      814.40036     -  814.40036      -5.53686496831        10               0.0
195      814.41096     -  814.52032      -5.57965520492        13               0.10936
196      814.53033     -  814.62036      -5.56035307006        6               0.09003
197      814.63033     -  814.63033      -5.4093392496        11               0.0
198      814.64036     -  814.64036      -5.53686496831        10               0.0
199      814.65033     -  814.75033      -5.56035307006        6               0.0999999999999
200      814.76037     -  814.76037      -5.53686496831        10               0.0
201      814.77033     -  814.87033      -5.56035307006        6               0.1
202      814.88032     -  814.88032      -5.4093392496        11               0.0
203      814.89033     -  815.07038      -5.52539446335        4               0.18005
204      815.08042     -  815.10037      -5.49986543865        12               0.01995
205      815.11033     -  815.11033      -5.4093392496        11               0.0
206      815.12032     -  815.17037      -5.64204584814        0               0.0500500000001
207      815.18032     -  815.31033      -5.56035307006        6               0.13001
208      815.32032     -  815.33048      -5.53686496831        10               0.0101599999999
209      815.34032     -  815.40037      -5.56035307006        6               0.0600499999999
210      815.41096     -  815.41096      -5.53686496831        10               0.0
211      815.42032     -  815.75031      -5.56035307006        6               0.32999
212      815.76031     -  815.78031      -5.53686496831        10               0.02
213      815.79037     -  815.90033      -5.56035307006        6               0.10996
214      815.91036     -  815.91036      -5.4093392496        11               0.0
215      815.92037     -  815.99036      -5.52539446335        4               0.06999
216      816.00037     -  816.00037      -5.4093392496        11               0.0
217      816.01032     -  816.01032      -5.10197136826        3               0.0
218      816.02032     -  816.08032      -5.52539446335        4               0.0600000000001
219      816.09032     -  816.09032      -5.4093392496        11               0.0
220      816.10037     -  816.13033      -5.52539446335        4               0.02996
221      816.14032     -  816.15032      -5.4093392496        11               0.00999999999999
222      816.161     -  816.22053      -5.52539446335        4               0.0595300000001
223      816.23033     -  816.25037      -5.46654111788        9               0.02004
224      816.26032     -  816.39032      -5.49986543865        12               0.13
225      816.40032     -  816.74031      -5.52539446335        4               0.33999
226      816.75031     -  816.75031      -5.4093392496        11               0.0
227      816.76035     -  816.92037      -5.53686496831        10               0.16002
228      816.93032     -  816.93032      -5.4093392496        11               0.0
229      816.94032     -  817.12032      -5.52539446335        4               0.18
230      817.13032     -  817.13032      -5.4093392496        11               0.0
231      817.14032     -  817.18032      -5.49986543865        12               0.0400000000001
232      817.19032     -  817.21032      -5.4093392496        11               0.02
233      817.22036     -  817.25032      -5.49986543865        12               0.02996
234      817.26037     -  817.29032      -5.52539446335        4               0.02995
235      817.30158     -  817.38037      -5.49986543865        12               0.07879
236      817.39036     -  817.39036      -5.4093392496        11               0.0
237      817.40033     -  817.43037      -5.49986543865        12               0.03004
238      817.44037     -  817.44037      -5.46654111788        9               0.0
239      817.45037     -  817.50033      -5.49986543865        12               0.0499599999999
240      817.51037     -  817.61033      -5.52539446335        4               0.09996
241      817.62037     -  817.84037      -5.49986543865        12               0.22
242      817.85033     -  817.85033      -5.46654111788        9               0.0
243      817.86033     -  817.90037      -5.49986543865        12               0.04004
244      817.91032     -  818.13037      -5.52539446335        4               0.22005
245      818.14036     -  818.17037      -5.46654111788        9               0.0300100000001
246      818.18032     -  818.24046      -5.49986543865        12               0.0601399999999
247      818.25033     -  818.29038      -5.46654111788        9               0.0400500000001
248      818.30036     -  818.30036      -5.49986543865        12               0.0
249      818.31037     -  818.40032      -5.52539446335        4               0.0899499999999
250      818.41098     -  818.45033      -5.49986543865        12               0.03935
251      818.46032     -  818.48036      -5.46654111788        9               0.02004
252      818.49038     -  818.50032      -5.49986543865        12               0.00994000000003
253      818.51037     -  818.59036      -5.52539446335        4               0.0799900000001
254      818.60033     -  818.60033      -5.4093392496        11               0.0
255      818.61036     -  818.61036      -4.53027784483        8               0.0
256      818.62033     -  818.62033      -5.10197136826        3               0.0
257      818.63032     -  818.65037      -5.52539446335        4               0.02005
258      818.66095     -  818.67036      -5.49986543865        12               0.00941
259      818.68033     -  818.68033      -5.10197136826        3               0.0
260      818.69119     -  818.69119      -5.4093392496        11               0.0
261      818.70037     -  818.77036      -5.53686496831        10               0.06999
262      818.78037     -  818.79036      -5.60361971976        14               0.00999000000002
263      818.80057     -  818.87036      -5.64204584814        0               0.06979
264      818.88033     -  818.98033      -5.52539446335        4               0.1
265      818.99033     -  818.99033      -5.4093392496        11               0.0
266      819.00033     -  819.02041      -5.49986543865        12               0.02008
267      819.03038     -  819.04038      -5.46654111788        9               0.00999999999999
268      819.05038     -  819.14036      -5.49986543865        12               0.08998
269      819.15037     -  819.17032      -5.46654111788        9               0.01995
270      819.18037     -  819.18037      -5.49986543865        12               0.0
271      819.19037     -  819.23032      -5.52539446335        4               0.03995
272      819.24037     -  819.25032      -5.46654111788        9               0.00995
273      819.26037     -  819.29032      -5.49986543865        12               0.02995
274      819.30037     -  819.33037      -5.46654111788        9               0.03
275      819.34037     -  819.40033      -5.49986543865        12               0.05996
276      819.41036     -  819.41036      -5.4093392496        11               0.0
277      819.42037     -  819.44042      -5.52539446335        4               0.02005
278      819.45032     -  819.46033      -5.4093392496        11               0.01001
279      819.47037     -  819.59032      -5.49986543865        12               0.11995
280      819.60033     -  819.62038      -5.46654111788        9               0.02005
281      819.63032     -  819.64038      -5.49986543865        12               0.0100600000001
282      819.65032     -  819.66038      -5.46654111788        9               0.0100600000001
283      819.67037     -  819.71037      -5.49986543865        12               0.04
284      819.72033     -  819.72033      -5.46654111788        9               0.0
285      819.73032     -  819.76033      -5.41558613676        7               0.0300099999999
286      819.77035     -  819.79032      -5.46654111788        9               0.0199699999999
287      819.80151     -  819.80151      -4.53027784483        8               0.0
288      819.81037     -  819.81037      -5.10197136826        3               0.0
289      819.82037     -  819.82037      -5.4093392496        11               0.0
290      819.83038     -  819.84036      -5.49986543865        12               0.00998000000004
291      819.85038     -  819.86037      -5.46654111788        9               0.00999000000002
292      819.87033     -  819.88042      -5.49986543865        12               0.01009
293      819.89033     -  819.90032      -5.46654111788        9               0.00999000000002
294      819.91098     -  819.94043      -5.41558613676        7               0.02945
295      819.95032     -  819.95032      -5.49986543865        12               0.0
296      819.96032     -  819.96032      -5.4093392496        11               0.0
297      819.97052     -  820.00478      -4.53027784483        8               0.03426
298      820.03001     -  820.03001      -5.10197136826        3               0.0
299      820.04033     -  820.04033      -5.49986543865        12               0.0
300      820.05037     -  820.16102      -5.46654111788        9               0.11065
301      820.17037     -  820.19042      -5.49986543865        12               0.02005
302      820.20036     -  820.26033      -5.52539446335        4               0.0599699999999
303      820.27068     -  820.41033      -5.49986543865        12               0.13965
304      820.42037     -  820.45033      -5.46654111788        9               0.02996
305      820.46038     -  820.52046      -5.49986543865        12               0.06008
306      820.53033     -  820.58033      -5.46654111788        9               0.05
307      820.59037     -  820.67033      -5.49986543865        12               0.07996
308      820.68033     -  820.70033      -5.46654111788        9               0.02
309      820.71033     -  820.76033      -5.49986543865        12               0.05
310      820.77033     -  820.77033      -5.46654111788        9               0.0
311      820.78037     -  820.79037      -5.41558613676        7               0.0100000000001
312      820.80037     -  820.84033      -5.46654111788        9               0.03996
313      820.85033     -  820.90033      -5.49986543865        12               0.0500000000001
314      820.91037     -  820.91037      -5.46654111788        9               0.0
315      820.92037     -  820.96037      -5.49986543865        12               0.04
316      820.97048     -  820.97048      -5.46654111788        9               0.0
317      820.98033     -  820.99038      -5.41558613676        7               0.01005
318      821.00037     -  821.07037      -5.46654111788        9               0.0700000000001
319      821.08033     -  821.11033      -5.49986543865        12               0.03
320      821.12033     -  821.12033      -5.46654111788        9               0.0
321      821.13033     -  821.18031      -5.49986543865        12               0.04998
322      821.19041     -  821.25037      -5.10197136826        3               0.0599599999999
323      821.26032     -  821.26032      -5.4093392496        11               0.0
324      821.27032     -  821.33037      -5.49986543865        12               0.06005
325      821.34033     -  821.54033      -5.52539446335        4               0.2
326      821.55033     -  821.55033      -5.4093392496        11               0.0
327      821.56033     -  821.57033      -5.49986543865        12               0.00999999999999
328      821.58037     -  821.58037      -5.4093392496        11               0.0
329      821.59033     -  821.65038      -5.49986543865        12               0.06005
330      821.66037     -  821.71033      -5.46654111788        9               0.0499600000001
331      821.72037     -  821.73033      -5.49986543865        12               0.00995999999998
332      821.74032     -  821.74032      -5.10197136826        3               0.0
333      821.75037     -  821.75037      -5.4093392496        11               0.0
334      821.76037     -  821.83041      -5.49986543865        12               0.0700400000001
335      821.84037     -  821.85036      -5.46654111788        9               0.00999000000002
336      821.86033     -  821.87037      -5.49986543865        12               0.01004
337      821.88031     -  821.88031      -5.4093392496        11               0.0
338      821.89033     -  822.02053      -5.49986543865        12               0.1302
339      822.03033     -  822.05038      -5.46654111788        9               0.02005
340      822.06037     -  822.22053      -5.49986543865        12               0.16016
341      822.23033     -  822.29038      -5.46654111788        9               0.06005
342      822.30033     -  822.32033      -5.41558613676        7               0.02
343      822.33033     -  822.42033      -5.46654111788        9               0.09
344      822.43038     -  822.47048      -5.49986543865        12               0.0400999999999
345      822.48033     -  822.50033      -5.52539446335        4               0.02
346      822.51033     -  822.53037      -5.46654111788        9               0.02004
347      822.54037     -  822.55156      -5.49986543865        12               0.0111899999999
348      822.56037     -  822.75032      -5.46654111788        9               0.18995
349      822.76033     -  822.77041      -5.49986543865        12               0.01008
350      822.78032     -  822.95036      -5.46654111788        9               0.17004
351      822.96037     -  822.99037      -5.49986543865        12               0.03
352      823.00037     -  823.00037      -5.4093392496        11               0.0
353      823.01037     -  823.03037      -5.49986543865        12               0.02
354      823.04032     -  823.04032      -5.46654111788        9               0.0
355      823.05159     -  823.08033      -5.41558613676        7               0.02874
356      823.09033     -  823.18041      -5.46654111788        9               0.0900800000001
357      823.19041     -  823.26037      -5.41558613676        7               0.0699599999999
358      823.27064     -  823.31033      -5.46654111788        9               0.0396900000001
359      823.32033     -  823.35037      -5.41558613676        7               0.03004
360      823.36037     -  823.40038      -5.46654111788        9               0.0400100000001
361      823.41102     -  823.42035      -5.41558613676        7               0.00932999999998
362      823.43033     -  823.5205      -5.46654111788        9               0.0901699999999
363      823.53037     -  823.60037      -5.41558613676        7               0.0700000000001
364      823.61033     -  823.70037      -5.46654111788        9               0.09004
365      823.71037     -  823.71037      -5.49986543865        12               0.0
366      823.72037     -  823.72037      -5.4093392496        11               0.0
367      823.73033     -  823.74037      -5.52539446335        4               0.01004
368      823.75033     -  823.75033      -5.49986543865        12               0.0
369      823.76033     -  823.84037      -5.46654111788        9               0.0800400000001
370      823.85033     -  823.90031      -5.41558613676        7               0.04998
371      823.91097     -  823.92031      -5.46654111788        9               0.00933999999995
372      823.93033     -  823.93033      -5.49986543865        12               0.0
373      823.9404     -  823.95031      -5.52539446335        4               0.00990999999999
374      823.96031     -  824.00035      -5.46654111788        9               0.04004
375      824.01036     -  824.02031      -5.49986543865        12               0.00995
376      824.03036     -  824.03036      -5.4093392496        11               0.0
377      824.04031     -  824.04031      -5.49986543865        12               0.0
378      824.05031     -  824.06031      -5.46654111788        9               0.00999999999999
379      824.07031     -  824.22033      -5.41558613676        7               0.15002
380      824.23033     -  824.24037      -5.46654111788        9               0.01004
381      824.25037     -  824.27037      -5.49986543865        12               0.02
382      824.28037     -  824.29037      -5.46654111788        9               0.0100000000001
383      824.30033     -  824.30033      -5.41558613676        7               0.0
384      824.31033     -  824.34036      -5.49986543865        12               0.03003
385      824.35037     -  824.50037      -5.46654111788        9               0.15
386      824.51037     -  824.52033      -5.49986543865        12               0.00995999999998
387      824.53033     -  824.56033      -5.52539446335        4               0.03
388      824.57041     -  824.57041      -5.4093392496        11               0.0
389      824.58033     -  824.58033      -5.52539446335        4               0.0
390      824.59033     -  824.59033      -5.4093392496        11               0.0
391      824.60033     -  824.61033      -5.52539446335        4               0.00999999999999
392      824.62037     -  824.66037      -5.49986543865        12               0.04
393      824.67037     -  824.82037      -5.46654111788        9               0.15
394      824.83033     -  824.85037      -5.49986543865        12               0.02004
395      824.86037     -  825.47038      -5.46654111788        9               0.61001
396      825.48037     -  825.51037      -5.41558613676        7               0.03
397      825.52037     -  825.57037      -5.46654111788        9               0.0500000000001
398      825.58037     -  825.59037      -5.41558613676        7               0.00999999999999
399      825.60037     -  825.65056      -5.46654111788        9               0.05019
400      825.66032     -  825.68032      -5.49986543865        12               0.0200000000001
401      825.69045     -  825.70037      -5.4093392496        11               0.00991999999997
402      825.71032     -  825.74032      -5.49986543865        12               0.03
403      825.75032     -  825.98037      -5.46654111788        9               0.23005
404      825.99037     -  825.99037      -5.41558613676        7               0.0
405      826.00032     -  826.02032      -5.46654111788        9               0.02
406      826.03032     -  826.15037      -5.49986543865        12               0.12005
407      826.16099     -  826.22037      -5.52539446335        4               0.05938
408      826.23037     -  826.23037      -5.4093392496        11               0.0
409      826.24032     -  826.28037      -5.49986543865        12               0.04005
410      826.29037     -  826.30032      -5.4093392496        11               0.00995
411      826.31032     -  826.34037      -5.49986543865        12               0.03005
412      826.35032     -  826.35032      -5.4093392496        11               0.0
413      826.36032     -  826.42032      -5.49986543865        12               0.0599999999999
414      826.43037     -  826.43037      -5.4093392496        11               0.0
415      826.44041     -  826.46036      -5.49986543865        12               0.01995
416      826.47051     -  826.47051      -5.46654111788        9               0.0
417      826.48037     -  826.52037      -5.49986543865        12               0.04
418      826.53037     -  826.56037      -5.46654111788        9               0.0300000000001
419      826.57032     -  826.66032      -5.49986543865        12               0.0899999999999
420      826.67032     -  826.67032      -5.46654111788        9               0.0
421      826.68032     -  826.74032      -5.49986543865        12               0.0599999999999
422      826.75032     -  826.89032      -5.52539446335        4               0.14
423      826.90032     -  826.91101      -5.46654111788        9               0.0106900000001
424      826.92036     -  827.04037      -5.49986543865        12               0.12001
425      827.05163     -  827.06037      -5.46654111788        9               0.00873999999999
426      827.07032     -  827.07032      -5.49986543865        12               0.0
427      827.08032     -  827.30156      -5.52539446335        4               0.22124
428      827.31032     -  827.33043      -5.46654111788        9               0.0201099999999
429      827.34037     -  827.34037      -5.49986543865        12               0.0
430      827.35032     -  827.52032      -5.52539446335        4               0.17
431      827.53032     -  827.64037      -5.49986543865        12               0.11005
432      827.65037     -  827.65037      -5.4093392496        11               0.0
433      827.66032     -  827.81036      -5.49986543865        12               0.15004
434      827.82037     -  828.23031      -5.52539446335        4               0.40994
435      828.24093     -  828.40037      -5.64204584814        0               0.15944
436      828.41037     -  829.07032      -5.52539446335        4               0.65995
437      829.08037     -  829.08037      -5.4093392496        11               0.0
438      829.09037     -  829.09037      -5.10197136826        3               0.0
439      829.10037     -  829.13037      -5.49986543865        12               0.03
440      829.14036     -  829.16103      -5.52539446335        4               0.02067
441      829.17031     -  829.17031      -5.4093392496        11               0.0
442      829.18075     -  829.18075      -5.49986543865        12               0.0
443      829.19037     -  829.20037      -5.46654111788        9               0.00999999999999
444      829.21033     -  829.27032      -5.49986543865        12               0.05999
445      829.28037     -  829.33033      -5.46654111788        9               0.0499600000001
446      829.34037     -  829.48035      -5.49986543865        12               0.13998
447      829.49033     -  829.53037      -5.46654111788        9               0.04004
448      829.54037     -  829.60033      -5.49986543865        12               0.0599599999999
449      829.61031     -  829.73037      -5.52539446335        4               0.12006
450      829.74037     -  829.80033      -5.49986543865        12               0.05996
451      829.81033     -  829.81033      -5.46654111788        9               0.0
452      829.82033     -  830.05033      -5.49986543865        12               0.23
453      830.06033     -  830.09033      -5.46654111788        9               0.03
454      830.10037     -  830.14037      -5.49986543865        12               0.04
455      830.15038     -  830.15038      -5.46654111788        9               0.0
456      830.16102     -  830.26038      -5.49986543865        12               0.09936
457      830.27033     -  830.32038      -5.52539446335        4               0.0500500000001
458      830.33044     -  830.43037      -5.49986543865        12               0.0999300000001
459      830.44047     -  830.45037      -5.46654111788        9               0.00990000000002
460      830.4607     -  830.49038      -5.49986543865        12               0.02968
461      830.50033     -  830.67036      -5.52539446335        4               0.17003
462      830.68033     -  830.77033      -5.49986543865        12               0.0899999999999
463      830.78031     -  830.82035      -5.52539446335        4               0.04004
464      830.83035     -  830.96033      -5.49986543865        12               0.12998
465      830.97037     -  831.07038      -5.52539446335        4               0.10001
466      831.08043     -  831.29031      -5.49986543865        12               0.20988
467      831.30187     -  831.30187      -5.46654111788        9               0.0
468      831.31033     -  831.77036      -5.49986543865        12               0.46003
469      831.78033     -  831.78033      -5.46654111788        9               0.0
470      831.79032     -  831.87037      -5.49986543865        12               0.08005
471      831.88033     -  831.88033      -5.46654111788        9               0.0
472      831.89036     -  831.89036      -5.49986543865        12               0.0
473      831.90033     -  832.06033      -5.52539446335        4               0.16
474      832.07032     -  832.18033      -5.49986543865        12               0.11001
475      832.19032     -  832.32038      -5.52539446335        4               0.13006
476      832.33043     -  832.44043      -5.49986543865        12               0.11
477      832.45033     -  832.48037      -5.46654111788        9               0.03004
478      832.49033     -  832.57037      -5.49986543865        12               0.0800400000001
479      832.58037     -  832.61033      -5.46654111788        9               0.02996
480      832.62032     -  832.70036      -5.49986543865        12               0.0800400000001
481      832.71037     -  832.74033      -5.46654111788        9               0.02996
482      832.75032     -  832.76033      -5.49986543865        12               0.01001
483      832.77049     -  832.87037      -5.52539446335        4               0.09988
484      832.88037     -  832.89037      -5.49986543865        12               0.00999999999999
485      832.90037     -  832.93032      -5.46654111788        9               0.0299500000001
486      832.94033     -  833.31036      -5.49986543865        12               0.37003
487      833.32032     -  833.32032      -5.4093392496        11               0.0
488      833.33033     -  833.39036      -5.49986543865        12               0.06003
489      833.40037     -  833.64032      -5.52539446335        4               0.23995
490      833.65032     -  833.65032      -5.49986543865        12               0.0
491      833.66315     -  834.87065      -3.36100878731        2               1.2075
492      834.91271     -  834.92037      -5.49986543865        12               0.0076600000001
493      834.93037     -  834.98032      -5.46654111788        9               0.04995
494      834.99032     -  835.07032      -5.49986543865        12               0.08
495      835.0804     -  835.23032      -5.46654111788        9               0.14992
496      835.24043     -  835.31037      -5.49986543865        12               0.0699400000001
497      835.32037     -  835.33037      -5.46654111788        9               0.00999999999999
498      835.34037     -  835.38032      -5.49986543865        12               0.03995
499      835.39042     -  835.45032      -5.46654111788        9               0.0599000000001
500      835.46032     -  835.60032      -5.49986543865        12               0.14
501      835.61032     -  835.66032      -5.52539446335        4               0.05
502      835.67036     -  835.76032      -5.49986543865        12               0.08996
503      835.77033     -  835.85032      -5.46654111788        9               0.0799900000001
504      835.86032     -  835.92037      -5.49986543865        12               0.06005
505      835.93033     -  835.99037      -5.46654111788        9               0.06004
506      836.00037     -  836.07037      -5.49986543865        12               0.0700000000001
507      836.08041     -  836.17031      -5.46654111788        9               0.0898999999999
508      836.18037     -  836.21037      -5.49986543865        12               0.03
509      836.22032     -  836.22032      -5.4093392496        11               0.0
510      836.23032     -  836.27032      -5.49986543865        12               0.04
511      836.28032     -  836.29037      -5.4093392496        11               0.0100500000001
512      836.30032     -  836.33036      -5.49986543865        12               0.03004
513      836.34037     -  836.35037      -5.46654111788        9               0.00999999999999
514      836.36032     -  836.42032      -5.49986543865        12               0.0599999999999
515      836.43037     -  836.45037      -5.46654111788        9               0.02
516      836.46032     -  836.60037      -5.49986543865        12               0.14005
517      836.61031     -  836.61031      -5.46654111788        9               0.0
518      836.62038     -  836.69032      -5.49986543865        12               0.0699400000001
519      836.70032     -  836.81032      -5.52539446335        4               0.11
520      836.82037     -  836.86037      -5.46654111788        9               0.04
521      836.87032     -  837.11036      -5.49986543865        12               0.24004
522      837.12037     -  837.21032      -5.46654111788        9               0.08995
523      837.22035     -  837.27031      -5.49986543865        12               0.0499599999999
524      837.28031     -  837.28031      -5.4093392496        11               0.0
525      837.29035     -  837.87032      -5.60361971976        14               0.57997
526      837.88037     -  837.88037      -5.53686496831        10               0.0
527      837.89032     -  837.94037      -5.60361971976        14               0.0500500000001
528      837.95037     -  837.95037      -5.4093392496        11               0.0
529      837.96037     -  838.25032      -5.64204584814        0               0.28995
530      838.26037     -  838.31032      -5.69280483402        5               0.0499500000001
531      838.32037     -  838.48033      -5.64204584814        0               0.15996
532      838.49032     -  838.5117      -5.52539446335        4               0.02138
533      838.52047     -  839.03037      -5.64204584814        0               0.5099
534      839.04032     -  839.13033      -5.60361971976        14               0.09001
535      839.14032     -  839.63049      -5.57965520492        13               0.49017
536      839.64036     -  839.78031      -5.60361971976        14               0.13995
537      839.79079     -  839.87037      -5.57965520492        13               0.07958
538      839.88037     -  840.19048      -5.56035307006        6               0.31011
539      840.20032     -  840.25032      -5.57965520492        13               0.05
540      840.26032     -  840.40037      -5.60361971976        14               0.14005
541      840.41111     -  840.41111      -5.53686496831        10               0.0
542      840.42032     -  840.72036      -5.60361971976        14               0.30004
543      840.73032     -  841.09032      -5.57965520492        13               0.36
544      841.10033     -  841.18032      -5.60361971976        14               0.0799900000001
545      841.1904     -  841.1904      -5.53686496831        10               0.0
546      841.20036     -  841.28036      -5.60361971976        14               0.0799999999999
547      841.29037     -  841.29037      -5.53686496831        10               0.0
548      841.30165     -  841.49033      -5.57965520492        13               0.18868
549      841.50032     -  841.50032      -5.4093392496        11               0.0
550      841.51037     -  841.64031      -5.57965520492        13               0.12994
551      841.65037     -  841.73033      -5.60361971976        14               0.07996
552      841.74032     -  841.9404      -5.57965520492        13               0.20008
553      841.95032     -  841.95032      -5.10197136826        3               0.0
554      841.96032     -  842.62032      -4.89611629088        1               0.66
555      842.63032     -  842.63032      -5.10197136826        3               0.0
556      842.64032     -  843.70037      -4.89611629088        1               1.06005
557      843.71036     -  843.71036      -4.53027784483        8               0.0
558      843.72037     -  844.90037      -4.89611629088        1               1.18
559      844.91115     -  844.91115      -5.10197136826        3               0.0
560      844.92031     -  844.95031      -5.60361971976        14               0.03
561      844.96096     -  845.17033      -5.57965520492        13               0.20937
562      845.18056     -  845.33041      -5.56035307006        6               0.14985
563      845.34039     -  845.40032      -5.57965520492        13               0.05993
564      845.41037     -  845.57033      -5.56035307006        6               0.15996
565      845.5804     -  845.60032      -5.53686496831        10               0.01992
566      845.61032     -  845.67033      -5.56035307006        6               0.06001
567      845.68037     -  845.70037      -5.57965520492        13               0.02
568      845.71033     -  845.76032      -5.60361971976        14               0.04999
569      845.77056     -  845.97037      -5.57965520492        13               0.19981
570      845.98033     -  846.16036      -5.56035307006        6               0.18003
571      846.17037     -  846.31032      -5.57965520492        13               0.13995
572      846.32037     -  846.39036      -5.56035307006        6               0.06999
573      846.40037     -  846.52037      -5.57965520492        13               0.12
574      846.53032     -  847.19033      -5.56035307006        6               0.66001
575      847.20032     -  847.31036      -5.57965520492        13               0.11004
576      847.32037     -  847.57032      -5.56035307006        6               0.24995
577      847.58033     -  847.58033      -5.4093392496        11               0.0
578      847.59036     -  847.73036      -5.56035307006        6               0.14
579      847.74051     -  847.75036      -5.57965520492        13               0.00985000000003
580      847.76037     -  848.04032      -5.56035307006        6               0.27995
581      848.05168     -  848.05168      -5.4093392496        11               0.0
582      848.06032     -  848.06032      -5.10197136826        3               0.0
583      848.07033     -  848.37033      -5.56035307006        6               0.3
584      848.38036     -  848.40037      -5.57965520492        13               0.02001
585      848.41037     -  848.45033      -5.56035307006        6               0.0399600000001
586      848.46032     -  848.46032      -5.4093392496        11               0.0
587      848.47037     -  848.49037      -5.52539446335        4               0.02
588      848.50032     -  848.51033      -5.49986543865        12               0.01001
589      848.52036     -  848.55033      -5.46654111788        9               0.02997
590      848.56036     -  848.98032      -5.41558613676        7               0.41996
591      848.99033     -  849.04032      -5.46654111788        9               0.04999
592      849.05037     -  849.05037      -5.49986543865        12               0.0
593      849.06032     -  849.06032      -5.4093392496        11               0.0
594      849.07033     -  849.31036      -5.46654111788        9               0.24003
595      849.32033     -  849.36033      -5.41558613676        7               0.04
596      849.37036     -  849.43032      -5.46654111788        9               0.05996
597      849.44037     -  849.45032      -5.49986543865        12               0.00995
598      849.46033     -  849.47036      -5.52539446335        4               0.01003
599      849.48037     -  849.48037      -5.4093392496        11               0.0
600      849.49032     -  849.60033      -5.49986543865        12               0.11001
601      849.61045     -  849.66033      -5.46654111788        9               0.04988
602      849.67036     -  849.71032      -5.49986543865        12               0.0399600000001
603      849.72033     -  849.89037      -5.46654111788        9               0.17004
604      849.90032     -  849.91112      -5.49986543865        12               0.0108
605      849.92036     -  850.00036      -5.52539446335        4               0.08
606      850.01033     -  850.03032      -5.49986543865        12               0.01999
607      850.04037     -  850.04037      -5.46654111788        9               0.0
608      850.05032     -  850.08032      -5.41558613676        7               0.03
609      850.09037     -  850.15037      -5.46654111788        9               0.0599999999999
610      850.16037     -  850.20032      -5.49986543865        12               0.0399500000001
611      850.21033     -  850.28032      -5.46654111788        9               0.06999
612      850.29033     -  850.31037      -5.49986543865        12               0.02004
613      850.32032     -  850.43033      -5.46654111788        9               0.11001
614      850.44042     -  850.44042      -5.41558613676        7               0.0
615      850.45033     -  850.53037      -5.46654111788        9               0.0800399999999
616      850.54036     -  850.59033      -5.49986543865        12               0.04997
617      850.60032     -  850.62032      -5.46654111788        9               0.02
618      850.63033     -  850.70037      -5.49986543865        12               0.0700400000001
619      850.71037     -  850.77031      -5.46654111788        9               0.05994
620      850.78035     -  850.81035      -5.49986543865        12               0.03
621      850.82036     -  850.82036      -5.4093392496        11               0.0
622      850.83036     -  851.01037      -5.57965520492        13               0.18001
623      851.02037     -  851.07037      -5.53686496831        10               0.0500000000001
624      851.08032     -  851.37032      -5.60361971976        14               0.29
625      851.38036     -  851.57032      -5.57965520492        13               0.18996
626      851.58032     -  851.63049      -5.60361971976        14               0.05017
627      851.64033     -  851.64033      -5.53686496831        10               0.0
628      851.65032     -  851.76037      -5.57965520492        13               0.11005
629      851.77036     -  851.77036      -5.4093392496        11               0.0
630      851.78032     -  851.91032      -5.57965520492        13               0.13
631      851.92037     -  852.05166      -5.60361971976        14               0.13129
632      852.06037     -  852.06037      -5.4093392496        11               0.0
633      852.07037     -  852.07037      -5.53686496831        10               0.0
634      852.08033     -  852.24057      -5.57965520492        13               0.16024
635      852.25037     -  852.76037      -4.53027784483        8               0.51
636      852.77037     -  853.00033      -4.44265144553        15               0.22996
637      853.01038     -  853.06033      -4.53027784483        8               0.04995
638      853.07033     -  854.18037      -4.44265144553        15               1.11004
639      854.19037     -  854.23033      -4.53027784483        8               0.03996
640      854.24033     -  855.42037      -4.44265144553        15               1.18004
641      855.43032     -  855.44043      -4.53027784483        8               0.0101099999999
642      855.45032     -  855.49036      -4.44265144553        15               0.04004
643      855.50037     -  855.62033      -4.53027784483        8               0.11996
644      855.6304     -  855.76033      -4.44265144553        15               0.12993
645      855.77077     -  855.77077      -5.41558613676        7               0.0
646      855.78037     -  855.82038      -5.60361971976        14               0.0400100000001
647      855.83033     -  855.92033      -5.57965520492        13               0.09
648      855.93033     -  855.95033      -5.10197136826        3               0.02
649      855.96036     -  855.97037      -4.53027784483        8               0.01001
650      855.98037     -  855.99037      -5.10197136826        3               0.00999999999999
651      856.00031     -  856.10045      -5.60361971976        14               0.10014
652      856.11033     -  856.11033      -5.4093392496        11               0.0
653      856.12031     -  856.75033      -5.60361971976        14               0.63002
654      856.76037     -  856.76037      -5.4093392496        11               0.0
655      856.77033     -  856.83033      -5.49986543865        12               0.0600000000001
656      856.84032     -  856.86032      -5.46654111788        9               0.02
657      856.87033     -  856.90036      -5.41558613676        7               0.03003
658      856.91033     -  856.96032      -5.46654111788        9               0.04999
659      856.97037     -  857.05032      -5.49986543865        12               0.0799500000001
660      857.06032     -  857.16031      -5.46654111788        9               0.0999899999999
661      857.17035     -  857.22031      -5.49986543865        12               0.0499600000001
662      857.23031     -  857.41032      -5.46654111788        9               0.18001
663      857.42037     -  857.48037      -5.49986543865        12               0.0599999999999
664      857.49032     -  857.82033      -5.46654111788        9               0.33001
665      857.83049     -  857.87037      -5.49986543865        12               0.0398799999999
666      857.88078     -  858.01037      -5.46654111788        9               0.12959
667      858.02032     -  858.18036      -5.49986543865        12               0.16004
668      858.19033     -  858.19033      -5.4093392496        11               0.0
669      858.20032     -  858.27068      -5.49986543865        12               0.0703599999999
670      858.28031     -  858.29049      -5.46654111788        9               0.01018
671      858.30032     -  858.30032      -5.49986543865        12               0.0
672      858.31033     -  858.45037      -5.52539446335        4               0.14004
673      858.46032     -  858.46032      -5.49986543865        12               0.0
674      858.47037     -  858.58053      -5.46654111788        9               0.11016
675      858.59037     -  858.60036      -5.49986543865        12               0.00999000000002
676      858.61037     -  858.88032      -5.46654111788        9               0.26995
677      858.89036     -  858.91036      -5.49986543865        12               0.02
678      858.92037     -  859.11032      -5.46654111788        9               0.18995
679      859.12033     -  859.15036      -5.41558613676        7               0.03003
680      859.16125     -  859.53036      -5.46654111788        9               0.36911
681      859.54032     -  859.57032      -5.49986543865        12               0.0300000000001
682      859.58033     -  859.65032      -5.46654111788        9               0.06999
683      859.66037     -  859.75036      -5.41558613676        7               0.0899900000001
684      859.76032     -  859.81036      -5.46654111788        9               0.05004
685      859.82037     -  859.84037      -5.41558613676        7               0.02
686      859.85036     -  860.35037      -5.46654111788        9               0.50001
687      860.36036     -  860.46032      -5.49986543865        12               0.09996
688      860.47037     -  860.48034      -5.46654111788        9               0.00996999999995
689      860.49037     -  860.52032      -5.49986543865        12               0.02995
690      860.53032     -  860.56036      -5.46654111788        9               0.03004
691      860.57037     -  860.68031      -5.49986543865        12               0.10994
692      860.69048     -  860.87037      -5.46654111788        9               0.17989
693      860.88032     -  860.93037      -5.49986543865        12               0.0500500000001
694      860.94036     -  861.07033      -5.46654111788        9               0.12997
695      861.08046     -  861.16033      -5.41558613676        7               0.07987
696      861.17036     -  861.28037      -5.46654111788        9               0.11001
697      861.29036     -  861.31036      -5.49986543865        12               0.02
698      861.32033     -  861.35032      -5.46654111788        9               0.02999
699      861.36037     -  861.39037      -5.41558613676        7               0.03
700      861.40036     -  861.47033      -5.46654111788        9               0.06997
701      861.48031     -  861.48031      -5.49986543865        12               0.0
702      861.49033     -  861.49033      -5.4093392496        11               0.0
703      861.50032     -  861.58044      -4.53027784483        8               0.08012
704      861.59037     -  861.6306      -4.44265144553        15               0.04023
705      861.64037     -  861.65032      -5.41558613676        7               0.00995
706      861.66033     -  861.70037      -5.46654111788        9               0.04004
707      861.71032     -  861.80036      -5.41558613676        7               0.0900399999999
708      861.81037     -  862.13037      -5.46654111788        9               0.32
709      862.14036     -  862.15033      -5.49986543865        12               0.00997000000007
710      862.16126     -  862.19041      -5.46654111788        9               0.0291500000001
711      862.20036     -  862.23033      -5.49986543865        12               0.0299699999999
712      862.24032     -  862.24032      -5.4093392496        11               0.0
713      862.25033     -  862.26032      -5.10197136826        3               0.00999000000002
714      862.27037     -  862.27037      -5.4093392496        11               0.0
715      862.28032     -  862.34032      -5.49986543865        12               0.0600000000001
716      862.35037     -  862.39037      -5.46654111788        9               0.04
717      862.40036     -  862.42032      -5.49986543865        12               0.01996
718      862.43032     -  862.45032      -5.46654111788        9               0.02
719      862.46036     -  862.47037      -5.49986543865        12               0.01001
720      862.48032     -  862.56039      -5.52539446335        4               0.08007
721      862.57032     -  862.57032      -5.4093392496        11               0.0
722      862.58046     -  862.63033      -5.53686496831        10               0.0498699999999
723      862.64032     -  862.64032      -5.4093392496        11               0.0
724      862.65033     -  862.88031      -5.69280483402        5               0.22998
725      862.89037     -  862.89037      -5.52539446335        4               0.0
726      862.90032     -  863.00036      -5.49986543865        12               0.10004
727      863.01037     -  863.01037      -5.46654111788        9               0.0
728      863.02036     -  863.03037      -5.41558613676        7               0.01001
729      863.04032     -  863.06032      -5.46654111788        9               0.0200000000001
730      863.07033     -  863.09036      -5.41558613676        7               0.02003
731      863.10056     -  863.18032      -5.46654111788        9               0.0797600000001
732      863.19033     -  863.20036      -5.41558613676        7               0.01003
733      863.21033     -  863.22036      -5.46654111788        9               0.01003
734      863.23037     -  863.28031      -5.49986543865        12               0.04994
735      863.29031     -  863.48037      -5.52539446335        4               0.19006
736      863.49032     -  863.55036      -5.49986543865        12               0.06004
737      863.56033     -  863.64037      -5.46654111788        9               0.0800399999999
738      863.65036     -  863.78037      -5.49986543865        12               0.13001
739      863.79032     -  863.84031      -5.46654111788        9               0.0499900000001
740      863.85037     -  863.96037      -5.49986543865        12               0.11
741      863.97032     -  864.01032      -5.46654111788        9               0.04
742      864.02033     -  864.02033      -5.49986543865        12               0.0
743      864.03032     -  864.22032      -5.52539446335        4               0.19
744      864.23031     -  864.29032      -5.49986543865        12               0.0600099999999
745      864.30175     -  864.31036      -5.46654111788        9               0.00860999999998
746      864.32037     -  864.39036      -5.49986543865        12               0.06999
747      864.40033     -  864.55174      -5.52539446335        4               0.15141
748      864.56037     -  864.57032      -5.49986543865        12               0.00995
749      864.58052     -  864.59036      -5.46654111788        9               0.00984000000005
750      864.60033     -  864.71032      -5.49986543865        12               0.10999
751      864.72032     -  864.75036      -5.52539446335        4               0.03004
752      864.76033     -  864.81036      -5.49986543865        12               0.05003
753      864.82033     -  864.87036      -5.46654111788        9               0.05003
754      864.88033     -  864.89032      -5.49986543865        12               0.00999000000002
755      864.90037     -  865.02072      -5.52539446335        4               0.12035
756      865.03032     -  865.0518      -5.49986543865        12               0.02148
757      865.06033     -  865.18037      -5.46654111788        9               0.12004
758      865.1904     -  865.26037      -5.49986543865        12               0.06997
759      865.27036     -  865.34037      -5.52539446335        4               0.07001
760      865.35032     -  865.35032      -5.46654111788        9               0.0
761      865.36037     -  865.42032      -5.49986543865        12               0.05995
762      865.43037     -  865.46037      -5.52539446335        4               0.03
763      865.47032     -  865.57037      -5.49986543865        12               0.10005
764      865.58033     -  865.59037      -5.46654111788        9               0.01004
765      865.60033     -  865.70033      -5.49986543865        12               0.1
766      865.71032     -  865.73032      -5.46654111788        9               0.02
767      865.74033     -  865.82037      -5.49986543865        12               0.0800400000001
768      865.83046     -  865.84037      -5.4093392496        11               0.00990999999999
769      865.85041     -  865.89032      -5.49986543865        12               0.03991
770      865.90033     -  865.90033      -5.46654111788        9               0.0
771      865.91032     -  865.97037      -5.49986543865        12               0.06005
772      865.98032     -  866.03032      -5.46654111788        9               0.05
773      866.04037     -  866.11037      -5.49986543865        12               0.0699999999999
774      866.12037     -  866.14033      -5.46654111788        9               0.01996
775      866.15036     -  866.30037      -5.49986543865        12               0.15001
776      866.31031     -  866.33037      -5.46654111788        9               0.0200600000001
777      866.34032     -  866.39037      -5.49986543865        12               0.0500499999999
778      866.40037     -  866.41032      -5.46654111788        9               0.00995
779      866.42032     -  866.47037      -5.49986543865        12               0.0500500000001
780      866.48032     -  866.50037      -5.46654111788        9               0.02005
781      866.51037     -  866.69048      -5.41558613676        7               0.18011
782      866.70032     -  866.76036      -5.46654111788        9               0.06004
783      866.77074     -  867.07032      -5.41558613676        7               0.29958
784      867.08033     -  867.14037      -5.46654111788        9               0.06004
785      867.15032     -  867.40033      -5.41558613676        7               0.25001
786      867.41032     -  867.58032      -5.46654111788        9               0.17
787      867.59032     -  867.73031      -5.49986543865        12               0.13999
788      867.74083     -  867.87032      -5.46654111788        9               0.12949
789      867.88037     -  868.17032      -5.49986543865        12               0.28995
790      868.18032     -  868.28037      -5.46654111788        9               0.10005
791      868.29032     -  868.29032      -5.41558613676        7               0.0
792      868.30037     -  868.40032      -5.46654111788        9               0.0999499999999
793      868.41037     -  868.45033      -5.49986543865        12               0.0399600000001
794      868.46037     -  868.61033      -5.46654111788        9               0.14996
795      868.62032     -  868.63032      -5.41558613676        7               0.00999999999999
796      868.64036     -  868.72032      -5.46654111788        9               0.07996
797      868.73037     -  868.74032      -5.41558613676        7               0.00995
798      868.75032     -  869.00032      -5.46654111788        9               0.25
799      869.01032     -  869.05176      -5.49986543865        12               0.04144
800      869.06031     -  869.06031      -5.4093392496        11               0.0
801      869.07032     -  869.15037      -5.49986543865        12               0.0800499999999
802      869.16033     -  869.18037      -5.46654111788        9               0.02004
803      869.1904     -  869.25032      -5.49986543865        12               0.05992
804      869.26033     -  869.41121      -5.46654111788        9               0.15088
805      869.42032     -  869.45032      -5.41558613676        7               0.0300000000001
806      869.46037     -  869.57036      -5.46654111788        9               0.10999
807      869.58058     -  869.70037      -5.41558613676        7               0.11979
808      869.71037     -  869.86033      -5.46654111788        9               0.14996
809      869.87037     -  869.87037      -4.53027784483        8               0.0
810      869.88037     -  869.90037      -5.49986543865        12               0.02
811      869.91129     -  869.94041      -5.46654111788        9               0.02912
812      869.95036     -  869.98036      -5.49986543865        12               0.03
813      869.99036     -  870.34037      -5.46654111788        9               0.35001
814      870.35037     -  870.37037      -5.41558613676        7               0.02
815      870.38032     -  870.51033      -5.46654111788        9               0.13001
816      870.52032     -  870.52032      -5.41558613676        7               0.0
817      870.53037     -  870.64032      -5.46654111788        9               0.10995
818      870.65033     -  870.74032      -5.49986543865        12               0.0899899999999
819      870.75042     -  871.11031      -5.46654111788        9               0.35989
820      871.12031     -  871.36032      -5.49986543865        12               0.24001
821      871.37033     -  871.62037      -5.46654111788        9               0.25004
822      871.63037     -  871.69036      -5.41558613676        7               0.0599900000001
823      871.70033     -  871.95036      -5.46654111788        9               0.25003
824      871.96032     -  871.96032      -5.49986543865        12               0.0
825      871.97031     -  871.97031      -5.4093392496        11               0.0
826      871.98033     -  872.02037      -5.49986543865        12               0.04004
827      872.03032     -  872.11032      -5.46654111788        9               0.08
828      872.12037     -  872.13032      -5.41558613676        7               0.00995
829      872.14037     -  872.29032      -5.46654111788        9               0.14995
830      872.30033     -  872.38033      -5.49986543865        12               0.0799999999999
831      872.39032     -  872.55174      -5.46654111788        9               0.16142
832      872.56032     -  872.57032      -5.41558613676        7               0.00999999999999
833      872.58056     -  872.58056      -5.46654111788        9               0.0
834      872.59037     -  872.59037      -4.53027784483        8               0.0
835      872.60037     -  873.83037      -5.10197136826        3               1.23
836      873.84037     -  873.90033      -4.89611629088        1               0.05996
837      873.91037     -  874.10037      -5.10197136826        3               0.19
838      874.11032     -  874.12032      -4.53027784483        8               0.00999999999999
839      874.13045     -  875.40033      -5.10197136826        3               1.26988
840      875.41134     -  875.44046      -4.89611629088        1               0.02912
841      875.45037     -  875.79032      -5.10197136826        3               0.33995
842      875.80037     -  876.81037      -5.56035307006        6               1.01
843      876.82036     -  876.89033      -5.57965520492        13               0.0699699999999
844      876.90037     -  877.10037      -5.56035307006        6               0.2
845      877.11033     -  877.11033      -5.57965520492        13               0.0
846      877.12033     -  877.14033      -5.60361971976        14               0.02
847      877.15033     -  877.34037      -5.57965520492        13               0.19004
848      877.35037     -  877.42037      -5.60361971976        14               0.0700000000001
849      877.43033     -  877.4404      -5.53686496831        10               0.0100699999999
850      877.45038     -  877.61032      -5.57965520492        13               0.15994
851      877.62037     -  877.63037      -5.60361971976        14               0.00999999999999
852      877.64037     -  877.93036      -5.57965520492        13               0.28999
853      877.94041     -  878.04032      -5.56035307006        6               0.0999099999999
854      878.05036     -  878.05036      -5.4093392496        11               0.0
855      878.06036     -  878.11035      -5.53686496831        10               0.0499900000001
856      878.12036     -  878.42038      -5.56035307006        6               0.30002
857      878.43036     -  878.50033      -5.57965520492        13               0.06997
858      878.51036     -  878.52037      -5.53686496831        10               0.01001
859      878.53032     -  878.58055      -5.60361971976        14               0.0502300000001
860      878.59032     -  878.59032      -5.53686496831        10               0.0
861      878.60033     -  878.68033      -5.57965520492        13               0.08
862      878.69039     -  878.74033      -5.10197136826        3               0.04994
863      878.75031     -  879.04033      -5.57965520492        13               0.29002
864      879.05032     -  879.07032      -5.60361971976        14               0.02
865      879.08033     -  879.09056      -5.57965520492        13               0.01023
866      879.10036     -  879.29032      -5.56035307006        6               0.18996
867      879.30037     -  879.52074      -5.57965520492        13               0.22037
868      879.53037     -  879.75037      -5.56035307006        6               0.22
869      879.76032     -  879.81033      -5.57965520492        13               0.05001
870      879.82037     -  880.04032      -5.60361971976        14               0.21995
871      880.05178     -  880.13058      -5.57965520492        13               0.0788
872      880.14031     -  880.15033      -5.60361971976        14               0.0100200000001
873      880.16133     -  880.19037      -5.57965520492        13               0.02904
874      880.20032     -  880.23033      -4.53027784483        8               0.0300099999999
875      880.24036     -  880.24036      -5.10197136826        3               0.0
876      880.25037     -  880.65033      -5.57965520492        13               0.39996
877      880.66033     -  881.00036      -5.56035307006        6               0.34003
878      881.01032     -  881.37032      -5.57965520492        13               0.36
879      881.38068     -  881.40037      -5.53686496831        10               0.01969
880      881.4113     -  881.45037      -5.60361971976        14               0.03907
881      881.46032     -  881.51037      -5.64204584814        0               0.0500499999999
882      881.52081     -  881.57037      -5.60361971976        14               0.04956
883      881.58032     -  881.64032      -5.57965520492        13               0.0599999999999
884      881.65032     -  881.71037      -5.56035307006        6               0.06005
885      881.72032     -  881.96032      -5.57965520492        13               0.24
886      881.97032     -  881.99032      -5.60361971976        14               0.02
887      882.00036     -  882.16132      -5.57965520492        13               0.16096
888      882.17036     -  882.22032      -5.60361971976        14               0.0499600000001
889      882.23037     -  882.69037      -5.57965520492        13               0.46
890      882.70037     -  882.82032      -5.60361971976        14               0.11995
891      882.83051     -  883.04037      -5.57965520492        13               0.20986
892      883.05032     -  883.09032      -5.56035307006        6               0.04
893      883.10037     -  883.10037      -5.57965520492        13               0.0
894      883.11032     -  883.15037      -5.60361971976        14               0.04005
895      883.16135     -  883.18032      -5.57965520492        13               0.0189700000001
896      883.19032     -  883.24037      -5.56035307006        6               0.0500499999999
897      883.25032     -  883.34032      -5.57965520492        13               0.09
898      883.35037     -  883.51037      -5.56035307006        6               0.16
899      883.52032     -  883.74032      -5.57965520492        13               0.22
900      883.75037     -  883.78036      -5.60361971976        14               0.02999
901      883.79037     -  884.81032      -5.57965520492        13               1.01995
902      884.82037     -  884.88032      -5.60361971976        14               0.05995
903      884.89032     -  885.33037      -5.57965520492        13               0.44005
904      885.34037     -  885.41032      -5.60361971976        14               0.0699499999999
905      885.42037     -  885.56037      -5.57965520492        13               0.14
906      885.57032     -  885.63037      -5.60361971976        14               0.0600499999999
907      885.64037     -  885.64037      -5.4093392496        11               0.0
908      885.65032     -  885.74037      -5.57965520492        13               0.09005
909      885.75037     -  886.01037      -5.56035307006        6               0.26
910      886.02036     -  886.10032      -5.57965520492        13               0.07996
911      886.11037     -  886.22032      -5.56035307006        6               0.10995
912      886.23032     -  886.29037      -5.57965520492        13               0.06005
913      886.30108     -  886.35037      -5.56035307006        6               0.04929
914      886.36037     -  886.41032      -5.57965520492        13               0.04995
915      886.42032     -  886.52037      -5.56035307006        6               0.10005
916      886.53037     -  886.85037      -5.57965520492        13               0.32
917      886.86037     -  886.95036      -5.56035307006        6               0.0899900000001
918      886.96037     -  886.97032      -5.57965520492        13               0.00995
919      886.98037     -  886.99055      -5.60361971976        14               0.01018
920      887.00032     -  887.16131      -5.64204584814        0               0.16099
921      887.17032     -  887.22032      -5.60361971976        14               0.0500000000001
922      887.23037     -  887.41037      -5.57965520492        13               0.18
923      887.42032     -  887.53032      -5.56035307006        6               0.11
924      887.54037     -  887.57032      -5.53686496831        10               0.02995
925      887.58037     -  887.60037      -5.60361971976        14               0.02
926      887.61032     -  887.93037      -5.57965520492        13               0.32005
927      887.94041     -  888.11037      -5.56035307006        6               0.16996
928      888.12037     -  888.14032      -5.57965520492        13               0.01995
929      888.15032     -  888.16037      -5.60361971976        14               0.01005
930      888.17032     -  888.18037      -5.53686496831        10               0.0100500000001
931      888.19037     -  888.21032      -5.60361971976        14               0.01995
932      888.22037     -  888.37032      -5.64204584814        0               0.14995
933      888.38037     -  888.40032      -5.60361971976        14               0.01995
934      888.41145     -  888.49032      -5.57965520492        13               0.0788700000001
935      888.50031     -  888.51032      -5.53686496831        10               0.01001
936      888.52093     -  888.68037      -5.56035307006        6               0.15944
937      888.69037     -  888.72037      -5.57965520492        13               0.03
938      888.73033     -  888.87045      -5.60361971976        14               0.14012
939      888.88032     -  888.94043      -5.57965520492        13               0.06011
940      888.95032     -  889.00036      -5.56035307006        6               0.05004
941      889.01037     -  889.01037      -5.4093392496        11               0.0
942      889.02086     -  889.14032      -5.57965520492        13               0.11946
943      889.15032     -  889.20032      -5.60361971976        14               0.0500000000001
944      889.21032     -  889.75032      -5.57965520492        13               0.54
945      889.76032     -  889.76032      -5.56035307006        6               0.0
946      889.77037     -  889.77037      -5.4093392496        11               0.0
947      889.78037     -  889.89032      -5.53686496831        10               0.10995
948      889.90032     -  889.96032      -5.56035307006        6               0.0600000000001
949      889.97032     -  890.02037      -5.57965520492        13               0.0500499999999
950      890.03037     -  890.04032      -5.53686496831        10               0.00995
951      890.05032     -  890.08037      -5.60361971976        14               0.03005
952      890.09037     -  890.20037      -5.10197136826        3               0.11
953      890.21037     -  890.21037      -5.4093392496        11               0.0
954      890.22032     -  890.24037      -5.53686496831        10               0.02005
955      890.25032     -  890.25032      -5.4093392496        11               0.0
956      890.26033     -  890.42032      -5.57965520492        13               0.15999
957      890.43037     -  890.43037      -5.4093392496        11               0.0
958      890.44032     -  890.56032      -5.57965520492        13               0.12
959      890.57037     -  890.60037      -5.60361971976        14               0.03
960      890.61037     -  891.45032      -5.57965520492        13               0.83995
961      891.46037     -  891.53032      -5.56035307006        6               0.0699499999999
962      891.54032     -  891.57036      -5.57965520492        13               0.0300400000001
963      891.58037     -  891.64032      -5.56035307006        6               0.05995
964      891.65036     -  892.09032      -5.57965520492        13               0.43996
965      892.10037     -  892.26032      -5.56035307006        6               0.15995
966      892.27037     -  892.27037      -5.4093392496        11               0.0
967      892.28037     -  892.65032      -5.57965520492        13               0.36995
968      892.66037     -  892.67037      -5.53686496831        10               0.0100000000001
969      892.68037     -  892.71032      -5.56035307006        6               0.02995
970      892.72032     -  892.81032      -5.57965520492        13               0.09
971      892.82037     -  893.01032      -5.56035307006        6               0.18995
972      893.02032     -  893.02032      -5.4093392496        11               0.0
973      893.03037     -  893.08055      -5.53686496831        10               0.0501800000001
974      893.09037     -  893.28035      -5.56035307006        6               0.18998
975      893.29032     -  893.35032      -5.57965520492        13               0.0600000000001
976      893.36032     -  893.46037      -5.56035307006        6               0.10005
977      893.47032     -  893.66037      -5.57965520492        13               0.19005
978      893.67037     -  893.80113      -5.60361971976        14               0.13076
979      893.81037     -  893.81037      -5.57965520492        13               0.0
980      893.82032     -  894.07033      -5.56035307006        6               0.25001
981      894.08052     -  894.15033      -5.57965520492        13               0.0698100000001
982      894.16037     -  894.20032      -5.10197136826        3               0.0399500000001
983      894.21033     -  894.21033      -5.4093392496        11               0.0
984      894.22037     -  894.63045      -5.57965520492        13               0.41008
985      894.64033     -  894.66141      -5.56035307006        6               0.0210800000001
986      894.67031     -  894.67031      -5.4093392496        11               0.0
987      894.68033     -  894.83037      -5.56035307006        6               0.15004
988      894.84032     -  894.90032      -5.57965520492        13               0.0599999999999
989      894.91137     -  894.93033      -5.60361971976        14               0.01896
990      894.94037     -  894.94037      -5.4093392496        11               0.0
991      894.95032     -  894.98032      -5.60361971976        14               0.03
992      894.99048     -  895.02091      -5.57965520492        13               0.0304299999999
993      895.03032     -  895.06037      -5.56035307006        6               0.0300500000001
994      895.07033     -  895.07033      -5.4093392496        11               0.0
995      895.08051     -  895.09037      -5.53686496831        10               0.00986
996      895.10032     -  895.16142      -5.57965520492        13               0.0611
997      895.17036     -  895.23032      -5.56035307006        6               0.05996
998      895.24037     -  895.24037      -5.53686496831        10               0.0
999      895.25032     -  895.35082      -5.56035307006        6               0.1005
1000      895.36037     -  895.47037      -5.57965520492        13               0.11
1001      895.48037     -  896.19037      -5.56035307006        6               0.71
1002      896.20032     -  896.20032      -5.4093392496        11               0.0
1003      896.21037     -  896.21037      -5.53686496831        10               0.0
1004      896.22037     -  896.35033      -5.56035307006        6               0.12996
1005      896.36037     -  896.67037      -5.57965520492        13               0.31
1006      896.68037     -  896.75032      -5.60361971976        14               0.0699499999999
1007      896.76037     -  896.76037      -5.4093392496        11               0.0
1008      896.77032     -  896.77032      -5.53686496831        10               0.0
1009      896.78036     -  896.97032      -5.57965520492        13               0.18996
1010      896.98037     -  897.18037      -5.56035307006        6               0.2
1011      897.19045     -  897.19045      -5.4093392496        11               0.0
1012      897.20032     -  897.29032      -5.57965520492        13               0.0899999999999
1013      897.30032     -  897.32037      -5.56035307006        6               0.02005
1014      897.33032     -  897.37032      -5.53686496831        10               0.04
1015      897.38037     -  897.50031      -5.60361971976        14               0.11994
1016      897.51033     -  897.87032      -5.64204584814        0               0.35999
1017      897.88036     -  897.90036      -5.60361971976        14               0.02
1018      897.91037     -  897.91037      -5.4093392496        11               0.0
1019      897.92032     -  897.93032      -5.60361971976        14               0.0100000000001
1020      897.94039     -  897.94039      -5.4093392496        11               0.0
1021      897.95037     -  897.95037      -4.53027784483        8               0.0
1022      897.96037     -  897.98037      -5.10197136826        3               0.02
1023      897.99032     -  897.99032      -5.4093392496        11               0.0
1024      898.00033     -  898.24037      -5.60361971976        14               0.24004
1025      898.25032     -  898.30033      -5.53686496831        10               0.05001
1026      898.31032     -  898.56037      -5.60361971976        14               0.25005
1027      898.5706     -  898.60033      -5.53686496831        10               0.02973
1028      898.61032     -  898.86037      -5.60361971976        14               0.25005
1029      898.87032     -  898.93032      -5.53686496831        10               0.0600000000001
1030      898.94043     -  898.94043      -5.4093392496        11               0.0
1031      898.95032     -  899.23037      -5.60361971976        14               0.28005
1032      899.24037     -  899.26037      -5.57965520492        13               0.02
1033      899.27093     -  899.37032      -5.56035307006        6               0.09939
1034      899.38033     -  899.39037      -5.53686496831        10               0.01004
1035      899.40037     -  899.53037      -5.60361971976        14               0.13
1036      899.54037     -  899.80037      -5.53686496831        10               0.26
1037      899.81032     -  899.99032      -5.56035307006        6               0.18
 
Means and total domain of each hidden state
---------------------------------------
0th hidden state
total number with this hidden state =  49
mean =  [-5.64204585]
total time_domain =  6.33037

1th hidden state
total number with this hidden state =  5
mean =  [-4.89611629]
total time_domain =  2.98913

2th hidden state
total number with this hidden state =  1
mean =  [-3.36100879]
total time_domain =  1.2075

3th hidden state
total number with this hidden state =  25
mean =  [-5.10197137]
total time_domain =  3.34967

4th hidden state
total number with this hidden state =  74
mean =  [-5.52539446]
total time_domain =  7.64395

5th hidden state
total number with this hidden state =  8
mean =  [-5.69280483]
total time_domain =  1.58985

6th hidden state
total number with this hidden state =  63
mean =  [-5.56035307]
total time_domain =  10.35951

7th hidden state
total number with this hidden state =  48
mean =  [-5.41558614]
total time_domain =  2.49446

8th hidden state
total number with this hidden state =  18
mean =  [-4.53027784]
total time_domain =  0.89438

9th hidden state
total number with this hidden state =  190
mean =  [-5.46654112]
total time_domain =  12.81652

10th hidden state
total number with this hidden state =  47
mean =  [-5.53686497]
total time_domain =  1.42866

11th hidden state
total number with this hidden state =  105
mean =  [-5.40933925]
total time_domain =  0.10979

12th hidden state
total number with this hidden state =  216
mean =  [-5.49986544]
total time_domain =  12.22871

13th hidden state
total number with this hidden state =  90
mean =  [-5.5796552]
total time_domain =  14.83496

14th hidden state
total number with this hidden state =  93
mean =  [-5.60361972]
total time_domain =  8.44188

15th hidden state
total number with this hidden state =  6
mean =  [-4.44265145]
total time_domain =  2.73024

