Number of Rows
--------------
51179
 
Hidden States
-------------
[9 9 9 ... 9 9 9]
 
Record of all hidden state
**********************************
No.     TIME Start  -  TIME End      VALUE           Hidden State {}th       Time domain
0      200.01037     -  200.18037      -5.3770699237        9               0.17
1      200.19037     -  200.20032      -5.15392777526        1               0.00995
2      200.21032     -  200.22037      -5.3770699237        9               0.01005
3      200.23037     -  200.23037      -4.45792235038        2               0.0
4      200.27604     -  200.34033      -5.44650665137        4               0.06429
5      200.35042     -  200.36032      -5.3770699237        9               0.00989999999999
6      200.37032     -  200.40048      -4.45792235038        2               0.03016
7      200.41037     -  200.45033      -5.3770699237        9               0.03996
8      200.4604     -  200.48037      -4.45792235038        2               0.01997
9      200.49037     -  200.50036      -5.3770699237        9               0.00998999999999
10      200.51033     -  200.57033      -5.48739278057        12               0.06
11      200.58036     -  200.59037      -5.33912640496        13               0.01001
12      200.60043     -  200.75037      -5.44650665137        4               0.14994
13      200.76037     -  200.94032      -5.3770699237        9               0.17995
14      200.95037     -  201.02032      -5.44650665137        4               0.06995
15      201.03033     -  201.09037      -5.3770699237        9               0.06004
16      201.10036     -  201.52032      -5.48739278057        12               0.41996
17      201.53033     -  201.55033      -5.33912640496        13               0.02
18      201.56032     -  201.91037      -5.15392777526        1               0.35005
19      201.92032     -  202.07033      -5.0358089802        15               0.15001
20      202.08032     -  202.52033      -5.15392777526        1               0.44001
21      202.53036     -  202.66037      -5.0358089802        15               0.13001
22      202.67032     -  202.72033      -5.48739278057        12               0.05001
23      202.73036     -  202.78037      -5.33912640496        13               0.05001
24      202.79032     -  202.97036      -5.44650665137        4               0.18004
25      202.98032     -  203.03037      -5.3770699237        9               0.05005
26      203.04032     -  203.17037      -5.44650665137        4               0.13005
27      203.18032     -  203.31033      -5.3770699237        9               0.13001
28      203.32032     -  203.44032      -5.44650665137        4               0.12
29      203.45033     -  203.51037      -5.3770699237        9               0.06004
30      203.52032     -  203.86038      -5.48739278057        12               0.34006
31      203.87037     -  203.87037      -5.33912640496        13               0.0
32      203.88032     -  204.10045      -5.48739278057        12               0.22013
33      204.11033     -  204.27033      -5.44650665137        4               0.16
34      204.28032     -  204.38032      -5.3770699237        9               0.1
35      204.39032     -  204.6704      -5.54325328403        5               0.28008
36      204.68037     -  204.85046      -5.48739278057        12               0.17009
37      204.86036     -  205.02037      -5.54325328403        5               0.16001
38      205.03036     -  205.09032      -5.48739278057        12               0.05996
39      205.10033     -  205.10033      -5.33912640496        13               0.0
40      205.11032     -  205.82032      -5.54325328403        5               0.71
41      205.83032     -  206.05037      -5.3770699237        9               0.22005
42      206.06032     -  206.16037      -5.44650665137        4               0.10005
43      206.17036     -  206.46037      -5.3770699237        9               0.29001
44      206.47037     -  206.65037      -5.48739278057        12               0.18
45      206.66037     -  206.99032      -5.54325328403        5               0.32995
46      207.00035     -  207.10037      -5.48739278057        12               0.10002
47      207.11032     -  207.74037      -5.54325328403        5               0.63005
48      207.75032     -  207.79032      -5.48739278057        12               0.04
49      207.80038     -  207.96032      -5.44650665137        4               0.15994
50      207.97038     -  208.00032      -5.3770699237        9               0.02994
51      208.01033     -  208.31033      -5.48739278057        12               0.3
52      208.32174     -  208.44033      -5.54325328403        5               0.11859
53      208.45037     -  208.50038      -5.48739278057        12               0.05001
54      208.51037     -  208.54087      -5.54325328403        5               0.0305
55      208.55038     -  209.03038      -5.61891494828        10               0.48
56      209.04032     -  209.06036      -5.69623399787        0               0.02004
57      209.07033     -  209.10043      -5.48739278057        12               0.0301
58      209.11033     -  209.11033      -5.33912640496        13               0.0
59      209.12036     -  209.26089      -5.69623399787        0               0.14053
60      209.27033     -  209.34032      -5.61891494828        10               0.06999
61      209.35042     -  209.46045      -5.52261374217        3               0.11003
62      209.47033     -  209.51036      -5.15392777526        1               0.04003
63      209.52033     -  209.67038      -5.61891494828        10               0.15005
64      209.68119     -  209.71044      -5.15392777526        1               0.02925
65      209.72031     -  209.97037      -5.61891494828        10               0.25006
66      209.98037     -  210.39037      -5.54325328403        5               0.41
67      210.40038     -  210.58038      -5.48739278057        12               0.18
68      210.59032     -  210.98038      -5.44650665137        4               0.39006
69      210.99037     -  211.02033      -5.3770699237        9               0.02996
70      211.03032     -  211.15032      -5.52261374217        3               0.12
71      211.16037     -  211.19032      -5.61891494828        10               0.02995
72      211.20038     -  212.76032      -5.69623399787        0               1.55994
73      212.77037     -  212.77037      -5.33912640496        13               0.0
74      212.78032     -  213.13037      -5.54325328403        5               0.35005
75      213.14037     -  213.34032      -5.61891494828        10               0.19995
76      213.35037     -  213.43037      -5.54325328403        5               0.08
77      213.44032     -  213.48032      -5.3770699237        9               0.04
78      213.49033     -  213.69037      -5.52261374217        3               0.20004
79      213.70032     -  213.74036      -5.48739278057        12               0.04004
80      213.75038     -  213.78032      -5.33912640496        13               0.02994
81      213.79037     -  214.30032      -5.54325328403        5               0.50995
82      214.31037     -  214.44031      -5.61891494828        10               0.12994
83      214.45037     -  214.66037      -5.54325328403        5               0.21
84      214.67033     -  215.11031      -5.52261374217        3               0.43998
85      215.12032     -  215.40037      -5.48739278057        12               0.28005
86      215.41032     -  215.43037      -5.33912640496        13               0.02005
87      215.44033     -  215.50032      -5.69623399787        0               0.05999
88      215.51037     -  215.65032      -5.48739278057        12               0.13995
89      215.66032     -  215.69031      -5.54325328403        5               0.02999
90      215.70031     -  215.70031      -5.61891494828        10               0.0
91      215.71031     -  215.76085      -5.69623399787        0               0.05054
92      215.77032     -  215.84037      -5.3770699237        9               0.07005
93      215.85032     -  215.87032      -5.33912640496        13               0.02
94      215.88033     -  216.02037      -5.44650665137        4               0.14004
95      216.03037     -  216.11036      -5.3770699237        9               0.07999
96      216.12037     -  216.21037      -5.44650665137        4               0.09
97      216.22032     -  216.23032      -5.3770699237        9               0.01
98      216.24037     -  216.40032      -5.44650665137        4               0.15995
99      216.41032     -  216.62032      -5.3770699237        9               0.21
100      216.63037     -  216.76037      -5.44650665137        4               0.13
101      216.77037     -  216.79032      -5.3770699237        9               0.01995
102      216.80037     -  216.95037      -5.52261374217        3               0.15
103      216.96032     -  217.20032      -5.48739278057        12               0.24
104      217.21037     -  217.21037      -5.33912640496        13               0.0
105      217.22032     -  217.27037      -5.54325328403        5               0.05005
106      217.28036     -  217.36037      -5.52261374217        3               0.08001
107      217.37037     -  217.46032      -5.44650665137        4               0.08995
108      217.47032     -  217.52037      -5.3770699237        9               0.05005
109      217.53037     -  218.01036      -5.52261374217        3               0.47999
110      218.02037     -  218.09037      -5.3770699237        9               0.07
111      218.10046     -  218.26032      -5.44650665137        4               0.15986
112      218.27037     -  218.32177      -5.48739278057        12               0.0514
113      218.33032     -  218.34037      -5.33912640496        13               0.01005
114      218.35054     -  218.38037      -5.44650665137        4               0.02983
115      218.39037     -  218.43032      -5.3770699237        9               0.03995
116      218.44036     -  218.54032      -5.52261374217        3               0.09996
117      218.55032     -  218.71041      -5.3075041331        11               0.16009
118      218.72037     -  218.78032      -5.3770699237        9               0.05995
119      218.79069     -  218.85032      -5.3075041331        11               0.05963
120      218.86037     -  218.87037      -5.23491205013        6               0.01
121      218.88037     -  218.90037      -5.14587895543        8               0.02
122      218.91037     -  218.95032      -5.23491205013        6               0.03995
123      218.99461     -  219.02064      -3.54192795877        7               0.02603
124      219.049     -  219.049      -5.23491205013        6               0.0
125      219.06032     -  219.14037      -5.3075041331        11               0.08005
126      219.15044     -  219.26037      -5.3770699237        9               0.10993
127      219.27037     -  219.41037      -5.3075041331        11               0.14
128      219.42032     -  219.55037      -5.23491205013        6               0.13005
129      219.56032     -  219.56032      -5.3075041331        11               0.0
130      219.57032     -  219.77032      -5.52261374217        3               0.2
131      219.78032     -  219.86037      -5.15392777526        1               0.08005
132      219.87032     -  220.02032      -5.52261374217        3               0.15
133      220.03032     -  220.05032      -5.3770699237        9               0.02
134      220.06032     -  220.15032      -5.3075041331        11               0.09
135      220.16037     -  220.32033      -5.14587895543        8               0.15996
136      220.33037     -  220.40032      -5.23491205013        6               0.06995
137      220.41037     -  220.47036      -5.3770699237        9               0.05999
138      220.48032     -  220.68032      -5.44650665137        4               0.2
139      220.69033     -  221.06037      -5.3770699237        9               0.37004
140      221.07037     -  221.18032      -5.3075041331        11               0.10995
141      221.19032     -  221.20037      -5.23491205013        6               0.01005
142      221.21037     -  221.28033      -5.15392777526        1               0.06996
143      221.29073     -  221.37032      -5.23491205013        6               0.07959
144      221.38037     -  221.60037      -5.14587895543        8               0.22
145      221.61037     -  221.62037      -5.3075041331        11               0.01
146      221.63032     -  221.92036      -5.14587895543        8               0.29004
147      221.93031     -  221.98032      -5.23491205013        6               0.05001
148      221.99036     -  222.04037      -5.15392777526        1               0.05001
149      222.05032     -  222.1813      -5.3770699237        9               0.13098
150      222.19037     -  222.20037      -5.23491205013        6               0.00999999999999
151      222.21032     -  222.22032      -5.3075041331        11               0.00999999999999
152      222.23037     -  222.27032      -5.52261374217        3               0.03995
153      222.28037     -  222.31036      -5.15392777526        1               0.02999
154      222.32176     -  222.41032      -5.52261374217        3               0.08856
155      222.42032     -  223.07182      -5.61891494828        10               0.6515
156      223.08036     -  223.35052      -5.69623399787        0               0.27016
157      223.36032     -  223.51037      -5.48739278057        12               0.15005
158      223.52037     -  223.60037      -5.54325328403        5               0.08
159      223.61037     -  223.69031      -5.48739278057        12               0.07994
160      223.70032     -  223.70032      -5.33912640496        13               0.0
161      223.7104     -  223.79032      -5.54325328403        5               0.07992
162      223.80033     -  223.99032      -5.52261374217        3               0.18999
163      224.00037     -  224.08037      -5.3770699237        9               0.08
164      224.09036     -  224.14033      -5.44650665137        4               0.04997
165      224.15037     -  224.24032      -5.3770699237        9               0.08995
166      224.25036     -  224.33037      -5.52261374217        3               0.08001
167      224.34037     -  224.49036      -5.48739278057        12               0.14999
168      224.50041     -  224.59032      -5.33912640496        13               0.08991
169      224.60037     -  224.65057      -5.15392777526        1               0.0502
170      224.66032     -  224.69036      -5.52261374217        3               0.03004
171      224.70032     -  224.87033      -5.15392777526        1               0.17001
172      224.88036     -  224.88036      -5.23491205013        6               0.0
173      224.89032     -  224.97033      -5.3075041331        11               0.08001
174      224.98037     -  225.00036      -5.23491205013        6               0.01999
175      225.01037     -  225.06032      -5.15392777526        1               0.04995
176      225.07032     -  225.16036      -5.52261374217        3               0.09004
177      225.17032     -  225.27033      -5.15392777526        1               0.10001
178      225.28036     -  225.55033      -5.52261374217        3               0.26997
179      225.56033     -  225.73033      -5.44650665137        4               0.17
180      225.74038     -  225.74038      -5.3770699237        9               0.0
181      225.75033     -  225.76062      -4.45792235038        2               0.01029
182      225.77038     -  225.79082      -5.3770699237        9               0.02044
183      225.80033     -  225.99033      -4.45792235038        2               0.19
184      226.00037     -  226.10627      -3.54192795877        7               0.1059
185      226.11033     -  226.11033      -4.45792235038        2               0.0
186      226.12033     -  226.25038      -5.44650665137        4               0.13005
187      226.26033     -  226.27033      -5.3770699237        9               0.00999999999999
188      226.28038     -  226.47033      -5.48739278057        12               0.18995
189      226.48034     -  226.51038      -5.54325328403        5               0.03004
190      226.52038     -  226.61033      -5.3770699237        9               0.08995
191      226.62033     -  226.67034      -5.44650665137        4               0.05001
192      226.68033     -  226.75033      -5.3770699237        9               0.07
193      226.76038     -  226.88038      -5.3075041331        11               0.12
194      226.89038     -  226.92038      -5.3770699237        9               0.03
195      226.93137     -  227.08037      -4.45792235038        2               0.149
196      227.09037     -  227.16035      -5.3770699237        9               0.06998
197      227.17037     -  227.21043      -5.48739278057        12               0.04006
198      227.22033     -  227.31032      -5.54325328403        5               0.08999
199      227.3539     -  227.42033      -5.23491205013        6               0.06643
200      227.43033     -  227.63032      -5.3075041331        11               0.19999
201      227.64032     -  227.64032      -5.3770699237        9               0.0
202      227.65032     -  227.68037      -5.44650665137        4               0.03005
203      227.69032     -  227.75032      -5.3770699237        9               0.06
204      227.76032     -  227.90032      -5.52261374217        3               0.14
205      227.91033     -  227.91033      -5.3770699237        9               0.0
206      227.92033     -  228.08033      -5.44650665137        4               0.16
207      228.12466     -  228.12466      -5.48739278057        12               0.0
208      228.14532     -  228.24032      -5.54325328403        5               0.095
209      228.25037     -  228.47032      -5.61891494828        10               0.21995
210      228.48037     -  228.63036      -5.54325328403        5               0.14999
211      228.67567     -  228.71069      -3.54192795877        7               0.03502
212      228.73755     -  228.81037      -5.52261374217        3               0.07282
213      228.82033     -  229.10052      -5.61891494828        10               0.28019
214      229.11036     -  229.22039      -5.54325328403        5               0.11003
215      229.23037     -  229.34033      -5.61891494828        10               0.10996
216      229.35037     -  229.40129      -4.45792235038        2               0.05092
217      229.42527     -  229.93036      -5.44650665137        4               0.50509
218      229.94033     -  229.99032      -5.3770699237        9               0.04999
219      230.00037     -  230.09032      -5.52261374217        3               0.08995
220      230.10037     -  230.33032      -5.3075041331        11               0.22995
221      230.34033     -  230.40033      -5.23491205013        6               0.06
222      230.41032     -  230.55032      -5.3075041331        11               0.14
223      230.56037     -  230.69036      -5.3770699237        9               0.12999
224      230.70033     -  230.78032      -5.52261374217        3               0.07999
225      230.79032     -  230.86033      -5.3075041331        11               0.07001
226      230.87032     -  230.88032      -5.3770699237        9               0.01
227      230.89032     -  230.89032      -5.3075041331        11               0.0
228      230.90032     -  230.95036      -5.14587895543        8               0.05004
229      230.96033     -  230.98037      -5.23491205013        6               0.02004
230      230.99032     -  231.02037      -5.3770699237        9               0.03005
231      231.03032     -  231.45037      -5.44650665137        4               0.42005
232      231.46037     -  231.65032      -5.3770699237        9               0.18995
233      231.66033     -  231.73037      -5.44650665137        4               0.07004
234      231.74033     -  231.83032      -5.3770699237        9               0.08999
235      231.84033     -  231.93136      -5.44650665137        4               0.09103
236      231.94032     -  231.96037      -5.3770699237        9               0.02005
237      231.97032     -  232.17037      -5.44650665137        4               0.20005
238      232.18133     -  232.20032      -5.3770699237        9               0.01899
239      232.21048     -  232.25032      -5.15392777526        1               0.03984
240      232.26037     -  232.28032      -5.23491205013        6               0.01995
241      232.29032     -  232.67037      -5.3075041331        11               0.38005
242      232.68037     -  232.82032      -5.23491205013        6               0.13995
243      232.83037     -  232.87033      -5.3075041331        11               0.03996
244      232.88036     -  232.96037      -5.3770699237        9               0.08001
245      232.97037     -  233.06037      -5.3075041331        11               0.09
246      233.07109     -  233.12079      -5.52261374217        3               0.0497
247      233.13041     -  233.14033      -5.3075041331        11               0.00991999999999
248      233.15037     -  233.18032      -5.23491205013        6               0.02995
249      233.19032     -  233.24037      -5.3075041331        11               0.05005
250      233.25032     -  233.30037      -5.3770699237        9               0.05005
251      233.31032     -  233.33037      -5.23491205013        6               0.02005
252      233.34032     -  233.34032      -5.3770699237        9               0.0
253      233.35051     -  233.46037      -5.44650665137        4               0.10986
254      233.47037     -  233.55037      -5.48739278057        12               0.08
255      233.56037     -  233.56037      -5.44650665137        4               0.0
256      233.57114     -  233.69045      -5.3770699237        9               0.11931
257      233.70037     -  233.72032      -5.3075041331        11               0.01995
258      233.73037     -  233.78037      -5.23491205013        6               0.05
259      233.79084     -  233.81032      -5.15392777526        1               0.01948
260      233.82037     -  234.32112      -5.52261374217        3               0.50075
261      234.33056     -  234.39037      -5.3770699237        9               0.05981
262      234.40032     -  234.44035      -5.48739278057        12               0.04003
263      234.4506     -  234.66037      -5.54325328403        5               0.20977
264      234.67032     -  234.77037      -5.48739278057        12               0.10005
265      234.78037     -  234.92032      -5.54325328403        5               0.13995
266      234.93146     -  235.14032      -5.48739278057        12               0.20886
267      235.15032     -  235.16032      -5.33912640496        13               0.01
268      235.17037     -  235.68032      -5.44650665137        4               0.50995
269      235.69033     -  235.80031      -5.3770699237        9               0.10998
270      235.81038     -  235.89033      -5.44650665137        4               0.07995
271      235.90032     -  236.08032      -5.48739278057        12               0.18
272      236.09032     -  236.09032      -5.33912640496        13               0.0
273      236.10056     -  236.44032      -5.54325328403        5               0.33976
274      236.45032     -  236.51032      -5.61891494828        10               0.06
275      236.52031     -  237.15037      -5.54325328403        5               0.63006
276      237.16031     -  237.16031      -5.48739278057        12               0.0
277      237.17036     -  237.50037      -5.44650665137        4               0.33001
278      237.51032     -  237.52037      -5.3770699237        9               0.01005
279      237.53032     -  237.57032      -4.45792235038        2               0.04
280      237.58032     -  237.62055      -5.15392777526        1               0.04023
281      237.63032     -  237.67032      -5.3770699237        9               0.04
282      237.68037     -  237.68037      -5.33912640496        13               0.0
283      237.69037     -  237.89037      -5.54325328403        5               0.2
284      237.90032     -  237.94032      -5.48739278057        12               0.04
285      237.95037     -  238.18033      -5.44650665137        4               0.22996
286      238.19032     -  238.24037      -5.48739278057        12               0.05005
287      238.25033     -  238.37037      -5.54325328403        5               0.12004
288      238.38036     -  238.44032      -5.48739278057        12               0.05996
289      238.45033     -  238.48032      -5.33912640496        13               0.02999
290      238.49037     -  239.00033      -5.48739278057        12               0.50996
291      239.01033     -  239.06037      -5.44650665137        4               0.05004
292      239.07114     -  239.09032      -5.3770699237        9               0.01918
293      239.10056     -  239.20037      -5.48739278057        12               0.09981
294      239.2104     -  239.22037      -5.33912640496        13               0.00997000000001
295      239.23037     -  239.48033      -5.48739278057        12               0.24996
296      239.49033     -  239.54033      -5.44650665137        4               0.05
297      239.55033     -  239.58037      -5.3770699237        9               0.03004
298      239.59037     -  240.00037      -5.48739278057        12               0.41
299      240.01038     -  240.03038      -5.33912640496        13               0.02
300      240.04032     -  240.20032      -5.54325328403        5               0.16
301      240.21043     -  240.24032      -5.52261374217        3               0.02989
302      240.25037     -  240.33033      -5.15392777526        1               0.07996
303      240.34032     -  240.40032      -5.52261374217        3               0.06
304      240.41033     -  240.46032      -5.61891494828        10               0.04999
305      240.47033     -  240.62036      -5.54325328403        5               0.15003
306      240.63033     -  240.69038      -5.3770699237        9               0.06005
307      240.70033     -  240.80035      -5.52261374217        3               0.10002
308      240.81035     -  240.86038      -5.3770699237        9               0.05003
309      240.87038     -  241.07033      -5.48739278057        12               0.19995
310      241.08041     -  241.30038      -5.44650665137        4               0.21997
311      241.31038     -  241.41038      -5.48739278057        12               0.1
312      241.42038     -  241.56038      -5.54325328403        5               0.14
313      241.57033     -  241.81033      -5.48739278057        12               0.24
314      241.82047     -  242.36038      -5.44650665137        4               0.53991
315      242.37041     -  242.51032      -5.48739278057        12               0.13991
316      242.52037     -  242.82032      -3.54192795877        7               0.29995
317      242.83032     -  242.83032      -4.45792235038        2               0.0
318      242.84037     -  242.97037      -3.54192795877        7               0.13
319      242.98033     -  242.98033      -5.3770699237        9               0.0
320      242.99033     -  243.08033      -5.54325328403        5               0.09
321      243.09033     -  243.30037      -3.54192795877        7               0.21004
322      243.31037     -  243.57033      -5.52261374217        3               0.25996
323      243.58032     -  243.62033      -5.48739278057        12               0.04001
324      243.63033     -  243.96033      -5.54325328403        5               0.33
325      243.97036     -  244.24032      -5.3770699237        9               0.26996
326      244.25032     -  244.34033      -5.44650665137        4               0.09001
327      244.35033     -  244.35033      -5.3770699237        9               0.0
328      244.36033     -  244.51037      -5.3075041331        11               0.15004
329      244.52037     -  244.56032      -5.14587895543        8               0.03995
330      244.57037     -  244.69032      -5.23491205013        6               0.11995
331      244.70032     -  244.75036      -5.3770699237        9               0.05004
332      244.7605     -  244.78037      -5.3075041331        11               0.01987
333      244.79089     -  244.97037      -5.23491205013        6               0.17948
334      244.98032     -  245.03037      -5.3075041331        11               0.05005
335      245.0409     -  245.12033      -5.23491205013        6               0.07943
336      245.13037     -  245.29098      -5.14587895543        8               0.16061
337      245.30037     -  245.51032      -5.23491205013        6               0.20995
338      245.52032     -  245.59037      -5.14587895543        8               0.07005
339      245.60032     -  245.83033      -5.23491205013        6               0.23001
340      245.84037     -  245.92033      -5.14587895543        8               0.07996
341      245.93033     -  246.01037      -5.3075041331        11               0.08004
342      246.02033     -  246.16037      -5.14587895543        8               0.14004
343      246.17037     -  246.20033      -5.0358089802        15               0.02996
344      246.21047     -  246.31033      -5.23491205013        6               0.09986
345      246.32037     -  246.48037      -5.3075041331        11               0.16
346      246.49037     -  246.77037      -5.3770699237        9               0.28
347      246.78037     -  246.81032      -5.23491205013        6               0.02995
348      246.82041     -  246.82041      -5.3770699237        9               0.0
349      246.83037     -  247.42037      -5.44650665137        4               0.59
350      247.43037     -  247.44033      -5.3770699237        9               0.00995999999998
351      247.45033     -  247.63037      -5.3075041331        11               0.18004
352      247.64037     -  247.69036      -5.3770699237        9               0.04999
353      247.70056     -  247.87032      -5.3075041331        11               0.16976
354      247.88032     -  248.11037      -5.3770699237        9               0.23005
355      248.12037     -  248.22031      -5.3075041331        11               0.09994
356      248.23037     -  248.24031      -5.3770699237        9               0.00994
357      248.25037     -  248.38031      -5.3075041331        11               0.12994
358      248.39032     -  248.40033      -5.3770699237        9               0.01001
359      248.41033     -  248.55032      -5.23491205013        6               0.13999
360      248.56032     -  248.58032      -5.15392777526        1               0.02
361      248.59032     -  248.80032      -5.23491205013        6               0.21
362      248.81033     -  248.88031      -5.3075041331        11               0.06998
363      248.89037     -  249.01032      -5.3770699237        9               0.11995
364      249.02032     -  249.04096      -5.3075041331        11               0.02064
365      249.05032     -  249.12032      -5.23491205013        6               0.07
366      249.13032     -  249.29037      -5.3075041331        11               0.16005
367      249.30037     -  249.30037      -5.23491205013        6               0.0
368      249.31032     -  249.31032      -5.15392777526        1               0.0
369      249.32032     -  249.36037      -5.23491205013        6               0.04005
370      249.37033     -  249.41032      -5.3075041331        11               0.03999
371      249.42077     -  249.47037      -5.23491205013        6               0.0496
372      249.48032     -  249.60032      -5.3075041331        11               0.12
373      249.61037     -  249.87037      -5.3770699237        9               0.26
374      249.88033     -  249.92036      -5.3075041331        11               0.04003
375      249.93032     -  249.98036      -5.23491205013        6               0.05004
376      249.99032     -  250.06032      -5.3770699237        9               0.07
377      250.07037     -  250.10037      -5.23491205013        6               0.03
378      250.11037     -  250.29117      -5.14587895543        8               0.1808
379      250.30032     -  250.31037      -5.23491205013        6               0.01005
380      250.32032     -  250.45033      -5.3075041331        11               0.13001
381      250.46037     -  250.54036      -5.14587895543        8               0.07999
382      250.55037     -  250.63037      -5.23491205013        6               0.08
383      250.64036     -  250.88032      -5.14587895543        8               0.23996
384      250.89032     -  251.18032      -5.0358089802        15               0.29
385      251.19033     -  251.23033      -5.14587895543        8               0.04
386      251.24037     -  251.37033      -5.23491205013        6               0.12996
387      251.38032     -  251.51032      -5.14587895543        8               0.13
388      251.52032     -  251.81032      -5.0358089802        15               0.29
389      251.8204     -  251.93151      -5.14587895543        8               0.11111
390      251.94032     -  251.99032      -5.23491205013        6               0.05
391      252.00037     -  252.18032      -5.14587895543        8               0.17995
392      252.19037     -  252.28037      -5.23491205013        6               0.09
393      252.29094     -  252.31032      -5.14587895543        8               0.01938
394      252.3204     -  252.55037      -5.23491205013        6               0.22997
395      252.56037     -  252.61033      -5.3075041331        11               0.04996
396      252.62037     -  253.02037      -5.14587895543        8               0.4
397      253.03032     -  253.08033      -5.0358089802        15               0.05001
398      253.09036     -  253.15036      -5.14587895543        8               0.06
399      253.16033     -  253.17032      -5.3075041331        11               0.00999000000002
400      253.18032     -  253.23032      -5.23491205013        6               0.05
401      253.24036     -  253.36037      -5.15392777526        1               0.12001
402      253.37037     -  253.59032      -5.0358089802        15               0.21995
403      253.60032     -  254.09037      -5.14587895543        8               0.49005
404      254.10048     -  254.10048      -5.23491205013        6               0.0
405      254.11037     -  254.14032      -5.3075041331        11               0.02995
406      254.15033     -  254.36037      -5.14587895543        8               0.21004
407      254.37037     -  254.39033      -5.23491205013        6               0.01996
408      254.40037     -  254.60048      -5.14587895543        8               0.20011
409      254.61033     -  254.61033      -5.23491205013        6               0.0
410      254.62037     -  254.63033      -5.3075041331        11               0.00995999999998
411      254.64037     -  254.67033      -5.14587895543        8               0.02996
412      254.68032     -  254.75037      -5.3075041331        11               0.07005
413      254.76032     -  254.88038      -5.3770699237        9               0.12006
414      254.89031     -  255.07117      -5.15392777526        1               0.18086
415      255.08033     -  255.09037      -5.23491205013        6               0.01004
416      255.10037     -  255.16033      -5.3075041331        11               0.05996
417      255.17033     -  255.18033      -5.23491205013        6               0.00999999999999
418      255.19033     -  255.33033      -5.14587895543        8               0.14
419      255.34033     -  255.37033      -5.23491205013        6               0.03
420      255.38037     -  255.46033      -5.3075041331        11               0.07996
421      255.47037     -  255.48037      -5.23491205013        6               0.00999999999999
422      255.49037     -  255.52037      -5.14587895543        8               0.03
423      255.53061     -  255.55032      -5.23491205013        6               0.01971
424      255.56032     -  255.58037      -5.3075041331        11               0.02005
425      255.59033     -  255.61037      -5.52261374217        3               0.02004
426      255.62036     -  255.73032      -5.3770699237        9               0.10996
427      255.74038     -  255.79099      -5.3075041331        11               0.05061
428      255.80032     -  255.89033      -5.3770699237        9               0.09001
429      255.90033     -  255.95033      -5.3075041331        11               0.05
430      255.96045     -  256.01045      -5.23491205013        6               0.05
431      256.02036     -  256.31032      -5.3075041331        11               0.28996
432      256.32037     -  256.32037      -5.14587895543        8               0.0
433      256.33036     -  256.38033      -5.3075041331        11               0.04997
434      256.39032     -  256.42037      -5.3770699237        9               0.03005
435      256.43032     -  256.67032      -5.44650665137        4               0.24
436      256.68153     -  256.81033      -5.3770699237        9               0.1288
437      256.82037     -  256.90037      -5.3075041331        11               0.08
438      256.91037     -  257.15032      -5.14587895543        8               0.23995
439      257.16032     -  257.20037      -5.3075041331        11               0.04005
440      257.21037     -  257.21037      -5.52261374217        3               0.0
441      257.22032     -  257.30037      -5.61891494828        10               0.08005
442      257.31037     -  257.38036      -5.52261374217        3               0.06999
443      257.39032     -  257.44037      -5.3075041331        11               0.05005
444      257.45037     -  257.56033      -5.23491205013        6               0.10996
445      257.57047     -  257.75032      -5.3075041331        11               0.17985
446      257.76037     -  257.83032      -5.3770699237        9               0.0699499999999
447      257.84037     -  258.39036      -5.44650665137        4               0.54999
448      258.40033     -  258.40033      -5.3770699237        9               0.0
449      258.41037     -  258.66033      -5.3075041331        11               0.24996
450      258.67032     -  258.87032      -5.52261374217        3               0.2
451      258.88033     -  259.29037      -5.48739278057        12               0.41004
452      259.30037     -  259.52037      -5.44650665137        4               0.22
453      259.53032     -  259.61032      -5.3770699237        9               0.08
454      259.62037     -  259.75036      -5.44650665137        4               0.12999
455      259.76033     -  259.94036      -5.52261374217        3               0.18003
456      259.95037     -  260.05033      -5.44650665137        4               0.09996
457      260.06032     -  260.20036      -5.3770699237        9               0.14004
458      260.21033     -  260.25037      -5.33912640496        13               0.04004
459      260.26037     -  260.44031      -5.79260898374        14               0.17994
460      260.45032     -  260.46047      -5.69623399787        0               0.01015
461      260.47032     -  260.52033      -5.33912640496        13               0.05001
462      260.53036     -  260.79037      -5.79260898374        14               0.26001
463      260.80037     -  261.05032      -5.69623399787        0               0.24995
464      261.06037     -  261.22037      -5.48739278057        12               0.16
465      261.23036     -  261.54102      -5.44650665137        4               0.31066
466      261.55037     -  261.57046      -5.3770699237        9               0.02009
467      261.58032     -  261.69036      -5.54325328403        5               0.11004
468      261.70032     -  261.72037      -5.3770699237        9               0.02005
469      261.73032     -  261.84037      -5.44650665137        4               0.11005
470      261.85052     -  261.97037      -5.3770699237        9               0.11985
471      261.98037     -  262.09032      -5.52261374217        3               0.10995
472      262.10032     -  262.20055      -5.3075041331        11               0.10023
473      262.21037     -  262.21037      -5.3770699237        9               0.0
474      262.22037     -  262.33036      -5.44650665137        4               0.10999
475      262.34077     -  262.34077      -5.3770699237        9               0.0
476      262.35037     -  262.45037      -5.3075041331        11               0.1
477      262.46042     -  262.62037      -5.3770699237        9               0.15995
478      262.63032     -  262.75037      -5.44650665137        4               0.12005
479      262.76033     -  262.76033      -5.3770699237        9               0.0
480      262.77037     -  262.86033      -5.3075041331        11               0.08996
481      262.87032     -  263.15037      -5.3770699237        9               0.28005
482      263.16033     -  263.20033      -5.48739278057        12               0.04
483      263.21046     -  263.60032      -5.54325328403        5               0.38986
484      263.61032     -  263.61032      -5.52261374217        3               0.0
485      263.62037     -  263.66031      -5.44650665137        4               0.03994
486      263.67037     -  263.80032      -5.3770699237        9               0.12995
487      263.81037     -  263.84032      -5.52261374217        3               0.02995
488      263.85032     -  263.93161      -5.3075041331        11               0.08129
489      263.94037     -  263.97033      -5.3770699237        9               0.02996
490      263.98037     -  264.16037      -5.48739278057        12               0.18
491      264.1925     -  264.39069      -3.54192795877        7               0.19819
492      264.41526     -  264.51033      -5.52261374217        3               0.09507
493      264.52033     -  264.54031      -5.15392777526        1               0.01998
494      264.55032     -  264.72032      -5.52261374217        3               0.17
495      264.73037     -  264.76036      -5.3770699237        9               0.02999
496      264.77037     -  264.84037      -4.45792235038        2               0.07
497      264.85051     -  264.95058      -5.3770699237        9               0.10007
498      264.96044     -  265.07036      -5.54325328403        5               0.10992
499      265.08033     -  265.12038      -5.0358089802        15               0.04005
500      265.13032     -  265.14033      -4.45792235038        2               0.01001
501      265.15032     -  265.30069      -3.54192795877        7               0.15037
502      265.32978     -  265.35037      -5.3770699237        9               0.02059
503      265.36037     -  265.39033      -4.45792235038        2               0.02996
504      265.40033     -  265.49037      -5.44650665137        4               0.09004
505      265.50037     -  265.52037      -5.3770699237        9               0.02
506      265.53037     -  265.57041      -5.14587895543        8               0.04004
507      265.58037     -  265.6816      -5.0358089802        15               0.10123
508      265.72071     -  265.72071      -4.45792235038        2               0.0
509      265.74526     -  265.79103      -5.0358089802        15               0.04577
510      265.80036     -  265.91032      -4.45792235038        2               0.10996
511      265.94485     -  265.97069      -3.54192795877        7               0.02584
512      265.99749     -  266.03038      -5.3770699237        9               0.03289
513      266.04038     -  266.13031      -5.44650665137        4               0.08993
514      266.16339     -  266.24063      -3.54192795877        7               0.07724
515      266.27213     -  266.31033      -5.23491205013        6               0.0382
516      266.32033     -  266.33033      -5.15392777526        1               0.00999999999999
517      266.34033     -  266.37037      -4.45792235038        2               0.03004
518      266.38033     -  266.42033      -5.0358089802        15               0.04
519      266.43164     -  266.49037      -4.45792235038        2               0.05873
520      266.50037     -  266.52037      -5.3770699237        9               0.02
521      266.53037     -  266.56033      -4.45792235038        2               0.02996
522      266.5704     -  266.62033      -5.3770699237        9               0.04993
523      266.63033     -  266.71045      -4.45792235038        2               0.08012
524      266.72031     -  266.76032      -5.44650665137        4               0.04001
525      266.77032     -  266.77032      -5.3770699237        9               0.0
526      266.78032     -  266.80037      -4.45792235038        2               0.02005
527      266.81037     -  266.85036      -3.54192795877        7               0.03999
528      266.86037     -  266.87048      -4.45792235038        2               0.01011
529      266.88032     -  266.98065      -3.54192795877        7               0.10033
530      267.01198     -  267.01198      -4.45792235038        2               0.0
531      267.02038     -  267.05037      -5.48739278057        12               0.02999
532      267.06038     -  267.06038      -5.33912640496        13               0.0
533      267.07044     -  267.23038      -5.54325328403        5               0.15994
534      267.24033     -  267.25033      -5.0358089802        15               0.01
535      267.26038     -  267.27033      -4.45792235038        2               0.00995
536      267.28033     -  267.29033      -5.3770699237        9               0.00999999999999
537      267.30033     -  267.36031      -5.23491205013        6               0.0599800000001
538      267.40669     -  267.53065      -3.54192795877        7               0.12396
539      267.5561     -  267.63033      -5.3770699237        9               0.07423
540      267.64038     -  267.80033      -5.3075041331        11               0.15995
541      267.81033     -  267.81033      -5.23491205013        6               0.0
542      267.82049     -  267.84038      -5.15392777526        1               0.01989
543      267.85053     -  267.93038      -5.3770699237        9               0.07985
544      267.94032     -  268.03036      -5.52261374217        3               0.09004
545      268.04038     -  268.61038      -5.61891494828        10               0.57
546      268.62037     -  268.66037      -5.54325328403        5               0.04
547      268.67033     -  268.86032      -5.48739278057        12               0.18999
548      268.87033     -  268.87033      -5.33912640496        13               0.0
549      268.88032     -  268.90032      -5.44650665137        4               0.02
550      268.91033     -  268.98032      -5.3770699237        9               0.06999
551      268.99033     -  269.15073      -5.52261374217        3               0.1604
552      269.16032     -  269.23037      -5.3075041331        11               0.07005
553      269.24037     -  269.29037      -5.23491205013        6               0.05
554      269.30033     -  269.39032      -5.14587895543        8               0.08999
555      269.42542     -  269.53065      -3.54192795877        7               0.10523
556      269.55895     -  269.55895      -4.45792235038        2               0.0
557      269.57033     -  269.57033      -5.15392777526        1               0.0
558      269.58038     -  269.62033      -5.23491205013        6               0.03995
559      269.63033     -  269.75038      -5.14587895543        8               0.12005
560      269.76038     -  269.77037      -5.23491205013        6               0.00999000000002
561      269.78033     -  269.89033      -5.14587895543        8               0.11
562      269.90037     -  269.94033      -5.23491205013        6               0.03996
563      269.95033     -  270.11037      -5.3075041331        11               0.16004
564      270.12033     -  270.17033      -5.3770699237        9               0.05
565      270.18037     -  270.38037      -5.3075041331        11               0.2
566      270.39033     -  270.50033      -5.3770699237        9               0.11
567      270.51033     -  270.55033      -5.15392777526        1               0.04
568      270.56037     -  270.73061      -5.3770699237        9               0.17024
569      270.74038     -  270.91033      -5.3075041331        11               0.16995
570      270.92038     -  270.93037      -5.23491205013        6               0.00998999999996
571      270.94038     -  271.00038      -5.15392777526        1               0.06
572      271.01038     -  271.54033      -5.69623399787        0               0.52995
573      271.55033     -  271.55033      -5.33912640496        13               0.0
574      271.56037     -  272.36032      -5.79260898374        14               0.79995
575      272.37032     -  272.50032      -5.69623399787        0               0.13
576      272.51032     -  272.51032      -5.33912640496        13               0.0
577      272.52037     -  272.59032      -5.69623399787        0               0.06995
578      272.60032     -  272.80032      -5.52261374217        3               0.2
579      272.81033     -  272.98032      -5.61891494828        10               0.16999
580      272.99037     -  273.12032      -5.52261374217        3               0.12995
581      273.13037     -  273.20032      -5.61891494828        10               0.0699499999999
582      273.21041     -  273.22037      -5.69623399787        0               0.00995999999998
583      273.23037     -  273.28037      -5.33912640496        13               0.05
584      273.29037     -  273.34032      -5.44650665137        4               0.04995
585      273.35037     -  273.36037      -5.3770699237        9               0.00999999999999
586      273.37037     -  273.42037      -5.3075041331        11               0.05
587      273.43032     -  273.52037      -5.23491205013        6               0.09005
588      273.53033     -  273.58037      -5.3770699237        9               0.05004
589      273.59033     -  273.86032      -5.3075041331        11               0.26999
590      273.87037     -  274.00032      -5.3770699237        9               0.12995
591      274.01032     -  274.12036      -5.48739278057        12               0.11004
592      274.13032     -  274.13032      -5.33912640496        13               0.0
593      274.14036     -  274.17037      -5.15392777526        1               0.03001
594      274.18164     -  274.22037      -5.3770699237        9               0.03873
595      274.23037     -  274.38036      -5.52261374217        3               0.14999
596      274.39033     -  274.41037      -5.15392777526        1               0.02004
597      274.42037     -  274.4604      -5.3770699237        9               0.04003
598      274.47037     -  274.60036      -5.23491205013        6               0.12999
599      274.61033     -  275.00032      -5.69623399787        0               0.38999
600      275.01064     -  275.05032      -5.33912640496        13               0.03968
601      275.06032     -  275.12037      -5.44650665137        4               0.06005
602      275.13032     -  275.14037      -5.3770699237        9               0.01005
603      275.15032     -  275.25065      -5.14587895543        8               0.10033
604      275.26037     -  275.42032      -4.45792235038        2               0.15995
605      275.43169     -  275.88032      -5.0358089802        15               0.44863
606      275.89037     -  276.85037      -5.69623399787        0               0.96
607      276.86037     -  277.42037      -5.79260898374        14               0.56
608      277.43169     -  277.44036      -5.69623399787        0               0.00867
609      277.45032     -  277.47037      -5.33912640496        13               0.02005
610      277.48032     -  277.86032      -5.79260898374        14               0.38
611      277.87037     -  278.19032      -5.69623399787        0               0.31995
612      278.20032     -  278.20032      -5.33912640496        13               0.0
613      278.21044     -  278.42032      -5.79260898374        14               0.20988
614      278.43032     -  278.43032      -5.69623399787        0               0.0
615      278.44037     -  278.45037      -5.33912640496        13               0.01
616      278.46037     -  278.71041      -5.79260898374        14               0.25004
617      278.72037     -  278.92032      -5.69623399787        0               0.19995
618      278.93172     -  278.94037      -5.33912640496        13               0.00864999999999
619      278.95032     -  279.17032      -5.69623399787        0               0.22
620      279.18037     -  279.19037      -5.33912640496        13               0.00999999999999
621      279.20033     -  279.29032      -5.79260898374        14               0.08999
622      279.30037     -  279.61037      -5.69623399787        0               0.31
623      279.62032     -  279.89031      -5.79260898374        14               0.26999
624      279.90063     -  279.94037      -5.69623399787        0               0.03974
625      279.95037     -  279.95037      -5.33912640496        13               0.0
626      279.96032     -  283.57033      -5.79260898374        14               3.61001
627      283.58033     -  283.92037      -5.69623399787        0               0.34004
628      283.93178     -  283.98037      -5.33912640496        13               0.04859
629      283.99038     -  284.31033      -5.69623399787        0               0.31995
630      284.32043     -  284.38038      -5.3075041331        11               0.05995
631      284.39038     -  284.43175      -5.52261374217        3               0.04137
632      284.44031     -  284.48033      -5.44650665137        4               0.04002
633      284.49033     -  284.69033      -5.3770699237        9               0.2
634      284.70033     -  284.73046      -5.23491205013        6               0.03013
635      284.74033     -  284.82033      -5.3770699237        9               0.08
636      284.83033     -  286.43033      -5.52261374217        3               1.6
637      286.44033     -  286.55037      -5.44650665137        4               0.11004
638      286.56037     -  286.57037      -5.3770699237        9               0.01
639      286.58033     -  286.65037      -5.48739278057        12               0.07004
640      286.66037     -  286.74037      -5.54325328403        5               0.08
641      286.75033     -  287.24033      -5.52261374217        3               0.49
642      287.25033     -  287.28037      -5.3075041331        11               0.03004
643      287.29037     -  287.61037      -5.52261374217        3               0.32
644      287.62037     -  287.66033      -5.3075041331        11               0.03996
645      287.67033     -  288.22037      -5.52261374217        3               0.55004
646      288.23033     -  288.45032      -5.3770699237        9               0.21999
647      288.46046     -  288.54033      -5.44650665137        4               0.07987
648      288.55037     -  288.59037      -5.3770699237        9               0.04
649      288.60033     -  288.60033      -5.3075041331        11               0.0
650      288.61033     -  288.64033      -5.14587895543        8               0.03
651      288.65069     -  288.66033      -5.23491205013        6               0.00963999999999
652      288.67038     -  288.86033      -5.3075041331        11               0.18995
653      288.87037     -  288.93176      -5.23491205013        6               0.06139
654      288.94031     -  289.00037      -5.3075041331        11               0.06006
655      289.01033     -  289.11036      -5.3770699237        9               0.10003
656      289.12033     -  289.24032      -5.3075041331        11               0.11999
657      289.25032     -  289.25032      -5.3770699237        9               0.0
658      289.26037     -  289.44037      -5.54325328403        5               0.18
659      289.45037     -  289.65071      -5.48739278057        12               0.20034
660      289.66031     -  289.71054      -5.54325328403        5               0.05023
661      289.72033     -  289.81033      -5.61891494828        10               0.09
662      289.82049     -  289.89033      -5.54325328403        5               0.06984
663      289.90033     -  290.0412      -5.3770699237        9               0.14087
664      290.05033     -  290.11033      -5.15392777526        1               0.06
665      290.12033     -  290.12033      -4.45792235038        2               0.0
666      290.13037     -  290.28033      -5.48739278057        12               0.14996
667      290.29127     -  290.34037      -5.54325328403        5               0.0491
668      290.35037     -  290.40036      -5.61891494828        10               0.04999
669      290.41033     -  290.48037      -5.44650665137        4               0.07004
670      290.49033     -  290.66037      -5.3770699237        9               0.17004
671      290.67037     -  290.69038      -5.15392777526        1               0.02001
672      290.70036     -  290.75035      -5.3770699237        9               0.04999
673      290.76035     -  290.97033      -5.44650665137        4               0.20998
674      290.98033     -  291.28033      -5.3770699237        9               0.3
675      291.29121     -  291.39033      -5.3075041331        11               0.09912
676      291.40037     -  291.45033      -5.23491205013        6               0.04996
677      291.46033     -  291.46033      -5.3770699237        9               0.0
678      291.47033     -  291.59037      -5.44650665137        4               0.12004
679      291.60033     -  291.66036      -5.69623399787        0               0.06003
680      291.67033     -  291.67033      -5.33912640496        13               0.0
681      291.68175     -  291.73033      -5.15392777526        1               0.04858
682      291.74031     -  291.87033      -5.52261374217        3               0.13002
683      291.88037     -  291.92033      -5.3075041331        11               0.03996
684      291.93174     -  291.96033      -5.14587895543        8               0.02859
685      291.97037     -  291.97037      -5.23491205013        6               0.0
686      291.98033     -  292.11033      -5.3770699237        9               0.13
687      292.12037     -  292.17037      -5.3075041331        11               0.05
688      292.18033     -  292.19037      -5.3770699237        9               0.0100399999999
689      292.20033     -  292.33037      -5.15392777526        1               0.13004
690      292.34037     -  292.79033      -5.52261374217        3               0.44996
691      292.80033     -  292.96054      -5.48739278057        12               0.16021
692      292.97031     -  293.04032      -5.33912640496        13               0.07001
693      293.05032     -  293.54033      -5.54325328403        5               0.49001
694      293.55037     -  293.70037      -5.48739278057        12               0.15
695      293.71053     -  293.84032      -5.54325328403        5               0.12979
696      293.85037     -  293.92032      -5.48739278057        12               0.06995
697      293.93033     -  293.97038      -5.33912640496        13               0.04005
698      293.98036     -  294.01038      -5.15392777526        1               0.03002
699      294.02036     -  294.09032      -5.3770699237        9               0.06996
700      294.10037     -  294.13036      -5.52261374217        3               0.02999
701      294.14033     -  294.20037      -5.3770699237        9               0.06004
702      294.21054     -  294.37037      -5.44650665137        4               0.15983
703      294.38036     -  294.45037      -5.3770699237        9               0.07001
704      294.46032     -  294.54119      -5.3075041331        11               0.0808699999999
705      294.55032     -  294.55032      -5.3770699237        9               0.0
706      294.56032     -  294.60037      -5.44650665137        4               0.04005
707      294.61036     -  294.85031      -5.3770699237        9               0.23995
708      294.86037     -  294.87031      -5.23491205013        6               0.00994000000003
709      294.88037     -  295.23037      -5.3770699237        9               0.35
710      295.24036     -  295.30037      -5.44650665137        4               0.06001
711      295.31037     -  295.36037      -5.3770699237        9               0.05
712      295.37033     -  295.42037      -5.44650665137        4               0.05004
713      295.43037     -  295.49033      -5.3770699237        9               0.05996
714      295.50037     -  295.54129      -5.52261374217        3               0.04092
715      295.55033     -  296.48037      -5.44650665137        4               0.93004
716      296.49032     -  296.55032      -5.61891494828        10               0.06
717      296.56032     -  296.57032      -5.52261374217        3               0.00999999999999
718      296.58037     -  296.61032      -5.3075041331        11               0.02995
719      296.62032     -  296.66037      -5.3770699237        9               0.04005
720      296.67037     -  296.74037      -5.3075041331        11               0.07
721      296.75045     -  296.83032      -5.3770699237        9               0.07987
722      296.84037     -  296.89032      -5.44650665137        4               0.04995
723      296.90078     -  296.94037      -5.3770699237        9               0.03959
724      296.95032     -  296.97032      -5.3075041331        11               0.02
725      296.98037     -  297.15032      -5.69623399787        0               0.16995
726      297.16037     -  297.31032      -5.79260898374        14               0.14995
727      297.32037     -  297.45032      -5.69623399787        0               0.12995
728      297.46037     -  297.48032      -5.33912640496        13               0.01995
729      297.49032     -  297.60032      -5.54325328403        5               0.11
730      297.61032     -  297.81037      -5.3770699237        9               0.20005
731      297.82037     -  297.84033      -4.45792235038        2               0.01996
732      297.85032     -  297.87037      -5.15392777526        1               0.02005
733      297.88032     -  297.91037      -5.69623399787        0               0.03005
734      297.92032     -  297.92032      -5.33912640496        13               0.0
735      297.93173     -  297.98031      -5.15392777526        1               0.04858
736      297.99031     -  298.07041      -5.3770699237        9               0.0801
737      298.08037     -  298.13037      -5.3075041331        11               0.05
738      298.14037     -  298.25037      -5.14587895543        8               0.11
739      298.26037     -  298.29129      -5.3770699237        9               0.03092
740      298.30036     -  298.68033      -5.44650665137        4               0.37997
741      298.69038     -  298.71032      -5.3770699237        9               0.01994
742      298.72033     -  298.81033      -5.48739278057        12               0.09
743      298.82032     -  298.94037      -5.44650665137        4               0.12005
744      298.95032     -  299.00033      -5.3770699237        9               0.05001
745      299.01032     -  299.13032      -5.44650665137        4               0.12
746      299.14033     -  299.16037      -5.3770699237        9               0.02004
747      299.17037     -  299.28033      -5.44650665137        4               0.10996
748      299.29032     -  299.29032      -5.3770699237        9               0.0
749      299.30037     -  299.37037      -5.23491205013        6               0.07
750      299.38037     -  299.43181      -5.14587895543        8               0.05144
751      299.44037     -  299.48032      -5.0358089802        15               0.03995
752      299.49037     -  299.71052      -5.23491205013        6               0.22015
753      299.72037     -  299.83037      -5.15392777526        1               0.11
754      299.84031     -  299.92037      -5.52261374217        3               0.08006
 
Means and total domain of each hidden state
---------------------------------------
0th hidden state
total number with this hidden state =  27
mean =  [-5.696234]
total time_domain =  6.59943

1th hidden state
total number with this hidden state =  37
mean =  [-5.15392778]
total time_domain =  2.63705

2th hidden state
total number with this hidden state =  27
mean =  [-4.45792235]
total time_domain =  1.12914

3th hidden state
total number with this hidden state =  53
mean =  [-5.52261374]
total time_domain =  9.54942

4th hidden state
total number with this hidden state =  73
mean =  [-5.44650665]
total time_domain =  12.13045

5th hidden state
total number with this hidden state =  45
mean =  [-5.54325328]
total time_domain =  9.01253

6th hidden state
total number with this hidden state =  69
mean =  [-5.23491205]
total time_domain =  4.18324

7th hidden state
total number with this hidden state =  14
mean =  [-3.54192796]
total time_domain =  1.62809

8th hidden state
total number with this hidden state =  37
mean =  [-5.14587896]
total time_domain =  4.69239

9th hidden state
total number with this hidden state =  148
mean =  [-5.37706992]
total time_domain =  11.33537

10th hidden state
total number with this hidden state =  21
mean =  [-5.61891495]
total time_domain =  3.77151

11th hidden state
total number with this hidden state =  81
mean =  [-5.30750413]
total time_domain =  7.47163

12th hidden state
total number with this hidden state =  57
mean =  [-5.48739278]
total time_domain =  8.32088

13th hidden state
total number with this hidden state =  41
mean =  [-5.3391264]
total time_domain =  0.72696

14th hidden state
total number with this hidden state =  11
mean =  [-5.79260898]
total time_domain =  6.75976

15th hidden state
total number with this hidden state =  14
mean =  [-5.03580898]
total time_domain =  1.88557

