Number of Rows
--------------
9974
 
Hidden States
-------------
[6 6 6 ... 9 9 5]
 
Record of all hidden state
**********************************
No.     TIME Start  -  TIME End      VALUE           Hidden State {}th       Time domain
0      0.04462     -  0.15037      -5.55050064649        6               0.10575
1      0.16041     -  0.49041      -5.70926578777        3               0.33
2      0.50036     -  0.86037      -5.64359578491        8               0.36001
3      0.87032     -  0.93037      -5.55050064649        6               0.06005
4      0.94037     -  1.03033      -5.70926578777        3               0.08996
5      1.04033     -  1.14037      -5.64359578491        8               0.10004
6      1.15037     -  1.15037      -5.32829634944        5               0.0
7      1.16032     -  1.36035      -5.55050064649        6               0.20003
8      1.37037     -  1.51033      -5.70926578777        3               0.13996
9      1.52037     -  1.54033      -5.81405614875        0               0.01996
10      1.55037     -  1.71156      -5.64359578491        8               0.16119
11      1.72032     -  1.76036      -5.70926578777        3               0.04004
12      1.77036     -  1.82032      -5.81405614875        0               0.04996
13      1.83037     -  1.87037      -5.70926578777        3               0.04
14      1.88032     -  2.13037      -5.81405614875        0               0.25005
15      2.14032     -  2.15037      -5.32829634944        5               0.01005
16      2.16032     -  2.24043      -5.64359578491        8               0.08011
17      2.25033     -  2.25033      -5.32829634944        5               0.0
18      2.26041     -  2.30032      -5.70926578777        3               0.03991
19      2.31033     -  2.37038      -5.55050064649        6               0.06005
20      2.38032     -  3.03031      -5.70926578777        3               0.64999
21      3.04036     -  3.20077      -5.55050064649        6               0.16041
22      3.21037     -  3.25037      -5.44568446143        1               0.04
23      3.26032     -  3.32032      -5.55050064649        6               0.06
24      3.33037     -  3.37032      -5.70926578777        3               0.03995
25      3.38037     -  3.42032      -5.55050064649        6               0.03995
26      3.43032     -  3.45037      -5.31868283259        7               0.02005
27      3.46032     -  3.61037      -5.55050064649        6               0.15005
28      3.62044     -  3.72032      -5.64359578491        8               0.09988
29      3.73045     -  3.73045      -5.32829634944        5               0.0
30      3.74037     -  3.79037      -5.70926578777        3               0.05
31      3.80036     -  3.84032      -5.64359578491        8               0.03996
32      3.85039     -  4.00032      -5.70926578777        3               0.14993
33      4.01032     -  4.11032      -5.81405614875        0               0.1
34      4.12036     -  4.12036      -5.32829634944        5               0.0
35      4.13045     -  4.21158      -5.70926578777        3               0.08113
36      4.22036     -  4.46157      -5.81405614875        0               0.24121
37      4.47031     -  4.54032      -5.70926578777        3               0.07001
38      4.55037     -  4.71159      -5.64359578491        8               0.16122
39      4.72031     -  5.05037      -5.70926578777        3               0.33006
40      5.06036     -  5.09032      -5.81405614875        0               0.02996
41      5.10039     -  5.64032      -5.70926578777        3               0.53993
42      5.65041     -  5.81032      -5.64359578491        8               0.15991
43      5.82036     -  5.88032      -5.70926578777        3               0.05996
44      5.89037     -  6.16032      -5.64359578491        8               0.26995
45      6.17032     -  6.19032      -5.70926578777        3               0.02
46      6.20036     -  6.22032      -5.81405614875        0               0.01996
47      6.23037     -  6.50032      -5.70926578777        3               0.26995
48      6.51032     -  6.65037      -5.81405614875        0               0.14005
49      6.66032     -  6.76032      -5.70926578777        3               0.1
50      6.77031     -  6.85039      -5.64359578491        8               0.08008
51      6.86036     -  6.97037      -5.70926578777        3               0.11001
52      6.98032     -  7.51032      -5.64359578491        8               0.53
53      7.52032     -  7.53037      -5.32829634944        5               0.01005
54      7.54032     -  7.60037      -5.55050064649        6               0.06005
55      7.61032     -  7.82099      -5.64359578491        8               0.21067
56      7.83037     -  7.93042      -5.55050064649        6               0.10005
57      7.94032     -  8.16032      -5.64359578491        8               0.22
58      8.17032     -  8.17032      -5.32829634944        5               0.0
59      8.18043     -  8.30031      -5.64359578491        8               0.11988
60      8.31032     -  8.41037      -5.70926578777        3               0.10005
61      8.42037     -  8.42037      -5.81405614875        0               0.0
62      8.43047     -  8.43047      -5.32829634944        5               0.0
63      8.44031     -  8.55033      -5.70926578777        3               0.11002
64      8.56032     -  8.66037      -5.64359578491        8               0.10005
65      8.67032     -  8.67032      -5.32829634944        5               0.0
66      8.68033     -  8.93047      -5.64359578491        8               0.25014
67      8.94036     -  9.30045      -5.70926578777        3               0.36009
68      9.31032     -  9.76037      -5.64359578491        8               0.45005
69      9.77032     -  9.87037      -5.70926578777        3               0.10005
70      9.88037     -  10.83031      -5.64359578491        8               0.94994
71      10.84033     -  11.76033      -5.70926578777        3               0.92
72      11.77032     -  11.77032      -5.32829634944        5               0.0
73      11.78033     -  12.35033      -5.70926578777        3               0.57
74      12.36033     -  12.36033      -5.32829634944        5               0.0
75      12.37037     -  12.84033      -5.70926578777        3               0.46996
76      12.85048     -  12.85048      -5.32829634944        5               0.0
77      12.86031     -  13.22032      -5.70926578777        3               0.36001
78      13.23032     -  13.24043      -5.55050064649        6               0.01011
79      13.25036     -  13.68032      -5.64359578491        8               0.42996
80      13.69037     -  14.35032      -5.70926578777        3               0.65995
81      14.36032     -  14.36032      -5.32829634944        5               0.0
82      14.37032     -  14.47046      -5.70926578777        3               0.10014
83      14.48032     -  14.48032      -5.32829634944        5               0.0
84      14.49048     -  14.57098      -5.70926578777        3               0.0805
85      14.58036     -  14.58036      -5.32829634944        5               0.0
86      14.59036     -  14.61031      -5.44568446143        1               0.01995
87      14.62032     -  14.71164      -5.55050064649        6               0.09132
88      14.72031     -  14.78037      -5.44568446143        1               0.06006
89      14.79037     -  15.07098      -5.31868283259        7               0.28061
90      15.08032     -  15.08032      -5.32829634944        5               0.0
91      15.09032     -  15.42032      -5.70926578777        3               0.33
92      15.43047     -  15.48036      -5.55050064649        6               0.04989
93      15.49032     -  15.9616      -5.64359578491        8               0.47128
94      15.97035     -  15.97035      -5.32829634944        5               0.0
95      15.98037     -  16.11032      -5.64359578491        8               0.12995
96      16.12032     -  16.12032      -5.32829634944        5               0.0
97      16.13037     -  16.16032      -5.64359578491        8               0.02995
98      16.17032     -  16.35032      -5.70926578777        3               0.18
99      16.36032     -  16.53036      -5.64359578491        8               0.17004
100      16.54037     -  16.57037      -5.55050064649        6               0.03
101      16.58037     -  16.63037      -5.44568446143        1               0.05
102      16.64032     -  16.72037      -5.55050064649        6               0.08005
103      16.73032     -  17.32036      -5.64359578491        8               0.59004
104      17.33037     -  17.56032      -5.70926578777        3               0.22995
105      17.57033     -  17.59033      -5.81405614875        0               0.02
106      17.60036     -  17.60036      -5.32829634944        5               0.0
107      17.61032     -  17.64037      -5.81405614875        0               0.03005
108      17.65037     -  18.17037      -5.64359578491        8               0.52
109      18.18045     -  18.19032      -5.32829634944        5               0.00987
110      18.20032     -  18.33032      -5.70926578777        3               0.13
111      18.34044     -  18.63037      -5.64359578491        8               0.28993
112      18.64036     -  19.14037      -5.70926578777        3               0.50001
113      19.15036     -  19.25032      -5.81405614875        0               0.09996
114      19.26032     -  19.34037      -5.70926578777        3               0.08005
115      19.35032     -  19.37037      -5.32829634944        5               0.02005
116      19.38032     -  19.53035      -5.70926578777        3               0.15003
117      19.54037     -  19.54037      -5.32829634944        5               0.0
118      19.55036     -  20.38036      -5.70926578777        3               0.83
119      20.39032     -  20.49032      -5.64359578491        8               0.1
120      20.50032     -  20.67037      -5.70926578777        3               0.17005
121      20.68051     -  20.85037      -5.64359578491        8               0.16986
122      20.86032     -  20.89032      -5.55050064649        6               0.03
123      20.90037     -  21.09037      -5.64359578491        8               0.19
124      21.10036     -  21.11032      -5.32829634944        5               0.00996
125      21.12032     -  21.19031      -5.70926578777        3               0.06999
126      21.20037     -  21.51037      -5.64359578491        8               0.31
127      21.52032     -  21.55032      -5.55050064649        6               0.03
128      21.56037     -  21.58032      -4.83556188661        2               0.01995
129      21.59036     -  21.61032      -5.64359578491        8               0.01996
130      21.62032     -  21.74037      -5.70926578777        3               0.12005
131      21.75032     -  21.97036      -5.64359578491        8               0.22004
132      21.98037     -  21.98037      -5.32829634944        5               0.0
133      21.9904     -  22.35036      -5.70926578777        3               0.35996
134      22.36037     -  22.36037      -5.32829634944        5               0.0
135      22.37032     -  22.63032      -5.70926578777        3               0.26
136      22.64035     -  22.69036      -5.64359578491        8               0.05001
137      22.70037     -  22.88032      -5.70926578777        3               0.17995
138      22.89032     -  22.94037      -5.81405614875        0               0.05005
139      22.95036     -  22.95036      -5.32829634944        5               0.0
140      22.99292     -  23.15033      -5.70926578777        3               0.15741
141      23.16036     -  23.24037      -5.64359578491        8               0.08001
142      23.25037     -  23.63031      -5.70926578777        3               0.37994
143      23.64037     -  23.64037      -5.32829634944        5               0.0
144      23.65037     -  23.72033      -5.64359578491        8               0.06996
145      23.73033     -  24.01033      -5.55050064649        6               0.28
146      24.02037     -  24.08033      -5.64359578491        8               0.05996
147      24.09033     -  24.13033      -5.55050064649        6               0.04
148      24.14031     -  24.36033      -5.64359578491        8               0.22002
149      24.37037     -  24.37037      -5.32829634944        5               0.0
150      24.38033     -  24.50032      -5.70926578777        3               0.11999
151      24.51078     -  24.51078      -5.32829634944        5               0.0
152      24.52033     -  24.63033      -5.70926578777        3               0.11
153      24.64033     -  25.04033      -5.64359578491        8               0.4
154      25.05037     -  25.44033      -5.70926578777        3               0.38996
155      25.45037     -  25.45037      -5.32829634944        5               0.0
156      25.46174     -  25.50037      -5.70926578777        3               0.03863
157      25.51033     -  25.57037      -5.64359578491        8               0.06004
158      25.58033     -  25.62037      -5.55050064649        6               0.04004
159      25.63037     -  25.66037      -5.64359578491        8               0.03
160      25.67033     -  25.79037      -5.70926578777        3               0.12004
161      25.80033     -  26.22031      -5.64359578491        8               0.41998
162      26.23033     -  26.43037      -5.55050064649        6               0.20004
163      26.44037     -  26.99043      -4.83556188661        2               0.55006
164      27.00037     -  27.02031      -5.55050064649        6               0.01994
165      27.03033     -  27.05037      -5.31868283259        7               0.02004
166      27.06037     -  27.49033      -4.83556188661        2               0.42996
167      27.50037     -  27.85041      -5.55050064649        6               0.35004
168      27.86033     -  28.21174      -4.83556188661        2               0.35141
169      28.22036     -  28.22036      -5.32829634944        5               0.0
170      28.23037     -  28.26032      -5.44568446143        1               0.02995
171      28.27033     -  28.30036      -5.32829634944        5               0.03003
172      28.31038     -  28.32036      -5.44568446143        1               0.00998
173      28.33038     -  28.34036      -5.31868283259        7               0.00998
174      28.35033     -  28.92036      -4.83556188661        2               0.57003
175      28.93037     -  28.95033      -5.55050064649        6               0.01996
176      28.96036     -  29.25037      -4.83556188661        2               0.29001
177      29.26036     -  29.26036      -5.32829634944        5               0.0
178      29.27033     -  29.63037      -5.44568446143        1               0.36004
179      29.64032     -  30.13036      -5.31868283259        7               0.49004
180      30.14033     -  30.14033      -5.32829634944        5               0.0
181      30.15036     -  30.32037      -5.31868283259        7               0.17001
182      30.33032     -  30.42038      -5.44568446143        1               0.09006
183      30.43031     -  30.86033      -5.31868283259        7               0.43002
184      30.87032     -  30.96173      -5.44568446143        1               0.09141
185      30.97032     -  31.08037      -5.31868283259        7               0.11005
186      31.09032     -  31.20032      -5.44568446143        1               0.11
187      31.21172     -  31.26036      -5.31868283259        7               0.04864
188      31.27037     -  32.29031      -5.44568446143        1               1.01994
189      32.30033     -  32.30033      -5.32829634944        5               0.0
190      32.31036     -  32.89037      -5.44568446143        1               0.58001
191      32.90046     -  32.98037      -5.55050064649        6               0.07991
192      32.99046     -  33.47033      -5.44568446143        1               0.47987
193      33.48038     -  33.70038      -5.55050064649        6               0.22
194      33.71037     -  33.98032      -5.44568446143        1               0.26995
195      33.99044     -  34.11032      -5.55050064649        6               0.11988
196      34.12033     -  34.14037      -4.83556188661        2               0.02004
197      34.15036     -  34.15036      -5.55050064649        6               0.0
198      34.16037     -  34.36036      -5.64359578491        8               0.19999
199      34.37038     -  34.43062      -5.55050064649        6               0.06024
200      34.44038     -  34.61033      -5.44568446143        1               0.16995
201      34.62033     -  34.62033      -5.32829634944        5               0.0
202      34.63033     -  34.67033      -5.31868283259        7               0.04
203      34.68037     -  34.76038      -5.55050064649        6               0.08001
204      34.77038     -  34.78033      -5.81405614875        0               0.00995
205      34.79033     -  35.39038      -5.55050064649        6               0.60005
206      35.40033     -  35.44033      -5.64359578491        8               0.04
207      35.45037     -  35.52031      -5.55050064649        6               0.06994
208      35.53033     -  35.69033      -5.64359578491        8               0.16
209      35.70038     -  35.78038      -5.55050064649        6               0.08
210      35.79038     -  35.79038      -5.32829634944        5               0.0
211      35.80038     -  35.84038      -5.64359578491        8               0.04
212      35.85038     -  35.85038      -5.32829634944        5               0.0
213      35.86033     -  36.10041      -5.64359578491        8               0.24008
214      36.11031     -  36.11031      -5.32829634944        5               0.0
215      36.12038     -  36.18058      -5.70926578777        3               0.0602
216      36.19031     -  36.20033      -5.81405614875        0               0.01002
217      36.21179     -  36.31033      -5.55050064649        6               0.09854
218      36.32032     -  36.33033      -5.32829634944        5               0.01001
219      36.34036     -  36.65032      -5.55050064649        6               0.30996
220      36.66032     -  36.69036      -5.32829634944        5               0.03004
221      36.70031     -  36.79036      -5.55050064649        6               0.09005
222      36.80037     -  36.80037      -5.32829634944        5               0.0
223      36.81033     -  36.86032      -5.44568446143        1               0.04999
224      36.87037     -  36.90037      -5.55050064649        6               0.03
225      36.91035     -  36.93032      -5.70926578777        3               0.01997
226      36.94032     -  36.96174      -5.81405614875        0               0.02142
227      36.97037     -  36.97037      -5.32829634944        5               0.0
228      36.98037     -  36.99037      -5.81405614875        0               0.01
229      37.00037     -  37.01037      -5.32829634944        5               0.01
230      37.02033     -  37.19033      -5.70926578777        3               0.17
231      37.20037     -  37.27033      -5.81405614875        0               0.06996
232      37.28037     -  37.28037      -5.32829634944        5               0.0
233      37.29037     -  37.30032      -5.93682071248        9               0.00995
234      37.31033     -  37.36037      -5.32829634944        5               0.05004
235      37.37041     -  37.39037      -5.70926578777        3               0.01996
236      37.4006     -  37.43037      -5.81405614875        0               0.02977
237      37.44033     -  37.53037      -5.32829634944        5               0.09004
238      37.54033     -  37.62054      -5.55050064649        6               0.08021
239      37.63037     -  37.63037      -5.32829634944        5               0.0
240      37.64033     -  37.68033      -5.44568446143        1               0.04
241      37.69037     -  37.69037      -5.32829634944        5               0.0
242      37.70037     -  37.77037      -5.55050064649        6               0.07
243      37.78037     -  37.78037      -5.32829634944        5               0.0
244      37.79037     -  37.88033      -5.55050064649        6               0.08996
245      37.89032     -  37.89032      -4.83556188661        2               0.0
246      37.90044     -  38.04037      -5.55050064649        6               0.13993
247      38.05037     -  38.19033      -5.44568446143        1               0.13996
248      38.20037     -  38.54037      -5.55050064649        6               0.34
249      38.55033     -  38.55033      -5.32829634944        5               0.0
250      38.56032     -  39.01033      -5.55050064649        6               0.45001
251      39.02031     -  39.03032      -5.32829634944        5               0.01001
252      39.04037     -  39.14037      -5.44568446143        1               0.1
253      39.15037     -  39.18037      -5.55050064649        6               0.03
254      39.19037     -  39.21178      -5.70926578777        3               0.02141
255      39.22033     -  39.24046      -5.81405614875        0               0.02013
256      39.25032     -  39.27036      -5.32829634944        5               0.02004
257      39.28033     -  39.32033      -5.64359578491        8               0.04
258      39.33036     -  39.49041      -5.70926578777        3               0.16005
259      39.50036     -  39.56032      -5.81405614875        0               0.05996
260      39.57117     -  39.57117      -5.32829634944        5               0.0
261      39.58036     -  39.59033      -5.93682071248        9               0.00997
262      39.60036     -  39.98032      -6.0784602582        4               0.37996
263      39.99032     -  40.02032      -5.93682071248        9               0.03
264      40.03033     -  40.03033      -5.81405614875        0               0.0
265      40.04032     -  40.23037      -5.70926578777        3               0.19005
266      40.24041     -  40.24041      -5.81405614875        0               0.0
267      40.25033     -  40.46033      -6.0784602582        4               0.21
268      40.47033     -  40.47033      -5.93682071248        9               0.0
269      40.48033     -  40.48033      -5.32829634944        5               0.0
270      40.49037     -  40.53033      -5.93682071248        9               0.03996
271      40.54037     -  40.58033      -5.32829634944        5               0.03996
272      40.59033     -  40.83031      -5.93682071248        9               0.23998
273      40.84033     -  40.85041      -5.32829634944        5               0.01008
274      40.86037     -  40.90032      -5.93682071248        9               0.03995
275      40.91037     -  40.92037      -5.32829634944        5               0.01
276      40.93088     -  41.14037      -5.93682071248        9               0.20949
277      41.15037     -  41.21033      -6.0784602582        4               0.05996
278      41.22033     -  41.29038      -5.93682071248        9               0.07005
279      41.30037     -  41.37037      -6.0784602582        4               0.07
280      41.38032     -  41.48033      -5.93682071248        9               0.10001
281      41.49037     -  41.49037      -5.32829634944        5               0.0
282      41.50033     -  41.52037      -5.93682071248        9               0.02004
283      41.53037     -  41.56037      -5.32829634944        5               0.03
284      41.57033     -  41.67037      -5.93682071248        9               0.10004
285      41.68065     -  41.68065      -5.32829634944        5               0.0
286      41.69037     -  41.89033      -5.93682071248        9               0.19996
287      41.90032     -  42.43063      -6.0784602582        4               0.53031
288      42.44037     -  42.80037      -5.93682071248        9               0.36
289      42.81037     -  43.33035      -6.0784602582        4               0.51998
290      43.34037     -  43.66037      -5.93682071248        9               0.32
291      43.67033     -  43.68033      -5.32829634944        5               0.01
292      43.69033     -  43.81033      -5.93682071248        9               0.12
293      43.82119     -  43.82119      -5.32829634944        5               0.0
294      43.83037     -  43.85037      -5.93682071248        9               0.02
295      43.86033     -  43.86033      -5.32829634944        5               0.0
296      43.8705     -  44.06033      -5.93682071248        9               0.18983
297      44.07121     -  44.07121      -5.32829634944        5               0.0
298      44.08037     -  44.10033      -5.93682071248        9               0.01996
299      44.11033     -  44.18062      -6.0784602582        4               0.07029
300      44.19037     -  44.19037      -5.93682071248        9               0.0
301      44.20038     -  44.20038      -5.32829634944        5               0.0
302      44.21179     -  44.39036      -5.93682071248        9               0.17857
303      44.40037     -  44.54033      -6.0784602582        4               0.13996
304      44.55032     -  44.65031      -5.93682071248        9               0.09999
305      44.66033     -  44.67036      -5.32829634944        5               0.01003
306      44.68033     -  44.76037      -5.44568446143        1               0.08004
307      44.77032     -  44.78037      -5.55050064649        6               0.01005
308      44.79032     -  44.90037      -5.32829634944        5               0.11005
309      44.91032     -  44.94036      -5.93682071248        9               0.03004
310      44.95033     -  44.95033      -5.32829634944        5               0.0
311      44.96173     -  45.20037      -5.93682071248        9               0.23864
312      45.21174     -  45.21174      -5.32829634944        5               0.0
313      45.22033     -  45.30036      -5.93682071248        9               0.08003
314      45.31037     -  45.31037      -5.32829634944        5               0.0
315      45.32032     -  45.34032      -5.81405614875        0               0.02
316      45.35048     -  45.37033      -5.93682071248        9               0.01985
317      45.38036     -  45.39037      -5.32829634944        5               0.01001
318      45.40036     -  45.43065      -5.93682071248        9               0.03029
319      45.44032     -  45.46179      -5.32829634944        5               0.02147
320      45.47032     -  45.50032      -5.93682071248        9               0.03
321      45.51032     -  45.51032      -5.32829634944        5               0.0
322      45.52032     -  45.55032      -5.70926578777        3               0.03
323      45.56037     -  45.61032      -5.81405614875        0               0.04995
324      45.62032     -  45.62032      -5.32829634944        5               0.0
325      45.63037     -  45.66036      -5.93682071248        9               0.02999
326      45.67095     -  45.75032      -5.81405614875        0               0.07937
327      45.76032     -  45.80036      -5.93682071248        9               0.04004
328      45.81033     -  45.81033      -5.32829634944        5               0.0
329      45.8212     -  46.05032      -5.93682071248        9               0.22912
330      46.06037     -  46.11032      -6.0784602582        4               0.04995
331      46.12032     -  46.12032      -5.93682071248        9               0.0
332      46.13032     -  46.13032      -5.32829634944        5               0.0
333      46.14037     -  46.14037      -5.93682071248        9               0.0
334      46.15037     -  46.32116      -6.0784602582        4               0.17079
335      46.33031     -  46.4905      -5.93682071248        9               0.16019
336      46.50037     -  46.50037      -5.32829634944        5               0.0
337      46.51037     -  46.68037      -5.93682071248        9               0.17
338      46.69032     -  46.69032      -5.32829634944        5               0.0
339      46.70032     -  46.72032      -4.83556188661        2               0.02
340      46.73056     -  46.73056      -5.55050064649        6               0.0
341      46.7404     -  46.85041      -5.70926578777        3               0.11001
342      46.86033     -  46.87037      -5.32829634944        5               0.01004
343      46.88033     -  47.03037      -5.70926578777        3               0.15004
344      47.04052     -  47.04052      -5.32829634944        5               0.0
345      47.05032     -  47.08035      -5.70926578777        3               0.03003
346      47.09082     -  47.09082      -5.32829634944        5               0.0
347      47.10033     -  47.52033      -5.64359578491        8               0.42
348      47.53038     -  47.53038      -5.32829634944        5               0.0
349      47.54036     -  47.55037      -5.64359578491        8               0.01001
350      47.56032     -  47.59033      -5.70926578777        3               0.03001
351      47.60039     -  47.72033      -5.64359578491        8               0.11994
352      47.73038     -  47.92033      -5.55050064649        6               0.18995
353      47.93071     -  48.01037      -5.64359578491        8               0.07966
354      48.02033     -  48.24052      -5.55050064649        6               0.22019
355      48.25032     -  48.26099      -5.64359578491        8               0.01067
356      48.27033     -  48.30032      -5.32829634944        5               0.02999
357      48.31033     -  48.48031      -5.55050064649        6               0.16998
358      48.49046     -  48.61038      -5.64359578491        8               0.11992
359      48.62032     -  48.79038      -5.55050064649        6               0.17006
360      48.80036     -  48.84036      -5.32829634944        5               0.04
361      48.85033     -  48.92061      -5.64359578491        8               0.07028
362      48.93033     -  48.99051      -5.32829634944        5               0.06018
363      49.00036     -  49.01033      -5.70926578777        3               0.00997
364      49.02036     -  49.04032      -5.55050064649        6               0.01996
365      49.05033     -  49.09033      -4.83556188661        2               0.04
366      49.1004     -  49.19037      -5.55050064649        6               0.08997
367      49.20032     -  49.23033      -5.64359578491        8               0.03001
368      49.24036     -  49.24036      -5.32829634944        5               0.0
369      49.25033     -  49.28031      -5.64359578491        8               0.02998
370      49.29033     -  49.29033      -5.32829634944        5               0.0
371      49.30031     -  49.34033      -5.31868283259        7               0.04002
372      49.3504     -  49.38036      -4.83556188661        2               0.02996
373      49.39031     -  49.59036      -5.64359578491        8               0.20005
374      49.60037     -  49.60037      -5.32829634944        5               0.0
375      49.61032     -  49.73036      -5.64359578491        8               0.12004
376      49.74033     -  49.77036      -5.55050064649        6               0.03003
377      49.78037     -  49.88033      -4.83556188661        2               0.09996
378      49.89032     -  49.93032      -5.64359578491        8               0.04
379      49.94037     -  50.1807      -5.55050064649        6               0.24033
380      50.19032     -  50.25036      -5.32829634944        5               0.06004
381      50.26033     -  50.39037      -5.55050064649        6               0.13004
382      50.40032     -  50.40032      -5.32829634944        5               0.0
383      50.41037     -  50.46037      -5.64359578491        8               0.05
384      50.47033     -  50.52037      -5.55050064649        6               0.05004
385      50.53033     -  50.53033      -5.32829634944        5               0.0
386      50.54032     -  50.60045      -5.55050064649        6               0.06013
387      50.61033     -  50.69033      -5.64359578491        8               0.08
388      50.70037     -  50.70037      -5.32829634944        5               0.0
389      50.71175     -  50.74046      -5.55050064649        6               0.02871
390      50.75033     -  50.82038      -5.64359578491        8               0.07005
391      50.83038     -  50.91037      -5.55050064649        6               0.07999
392      50.92033     -  50.99048      -4.83556188661        2               0.07015
393      51.00037     -  51.04033      -5.64359578491        8               0.03996
394      51.05037     -  51.05037      -5.32829634944        5               0.0
395      51.06038     -  51.08037      -5.64359578491        8               0.01999
396      51.09032     -  51.09032      -5.32829634944        5               0.0
397      51.1004     -  51.20037      -5.64359578491        8               0.09997
398      51.21181     -  51.26033      -5.55050064649        6               0.04852
399      51.27036     -  51.47032      -5.64359578491        8               0.19996
400      51.48037     -  51.57033      -5.55050064649        6               0.08996
401      51.58033     -  51.61038      -5.70926578777        3               0.03005
402      51.62033     -  51.78037      -5.55050064649        6               0.16004
403      51.79038     -  51.81038      -4.83556188661        2               0.02
404      51.82038     -  51.96033      -5.55050064649        6               0.13995
405      51.97037     -  51.99033      -4.83556188661        2               0.01996
406      52.00038     -  52.07032      -5.55050064649        6               0.06994
407      52.08036     -  52.13032      -5.44568446143        1               0.04996
408      52.14032     -  52.14032      -5.32829634944        5               0.0
409      52.15056     -  52.2118      -5.55050064649        6               0.06124
410      52.22032     -  52.22032      -5.32829634944        5               0.0
411      52.23032     -  52.25033      -5.70926578777        3               0.02001
412      52.26037     -  52.31038      -5.55050064649        6               0.05001
413      52.32125     -  52.38037      -5.44568446143        1               0.05912
414      52.39038     -  52.40046      -5.32829634944        5               0.01008
415      52.41037     -  52.46174      -5.44568446143        1               0.05137
416      52.47033     -  52.73033      -5.55050064649        6               0.26
417      52.74033     -  52.84037      -5.44568446143        1               0.10004
418      52.85041     -  52.96033      -5.55050064649        6               0.10992
419      52.97032     -  53.05036      -4.83556188661        2               0.08004
420      53.06033     -  53.12037      -5.55050064649        6               0.06004
421      53.13036     -  53.16037      -5.31868283259        7               0.03001
422      53.17036     -  53.17036      -5.44568446143        1               0.0
423      53.1807     -  53.29036      -5.55050064649        6               0.10966
424      53.30033     -  53.34033      -5.32829634944        5               0.04
425      53.35036     -  53.40061      -5.44568446143        1               0.05025
426      53.41031     -  53.41031      -5.32829634944        5               0.0
427      53.42038     -  53.47031      -5.31868283259        7               0.04993
428      53.48033     -  53.57119      -5.44568446143        1               0.09086
429      53.58036     -  53.58036      -5.32829634944        5               0.0
430      53.59036     -  53.61035      -5.31868283259        7               0.01999
431      53.62036     -  53.85037      -4.83556188661        2               0.23001
432      53.86037     -  53.87037      -5.55050064649        6               0.01
433      53.88037     -  53.88037      -5.32829634944        5               0.0
434      53.89033     -  53.90033      -5.31868283259        7               0.01
435      53.91033     -  53.95037      -4.83556188661        2               0.04004
436      53.96177     -  54.03036      -5.55050064649        6               0.06859
437      54.04041     -  54.05036      -4.83556188661        2               0.00995
438      54.06033     -  54.13031      -5.55050064649        6               0.06998
439      54.14033     -  54.37032      -4.83556188661        2               0.22999
440      54.38037     -  54.41031      -5.32829634944        5               0.02994
441      54.42037     -  54.43075      -5.81405614875        0               0.01038
442      54.44032     -  54.44032      -5.55050064649        6               0.0
443      54.45036     -  54.51036      -4.83556188661        2               0.06
444      54.52033     -  54.54033      -5.93682071248        9               0.02
445      54.55032     -  54.59032      -4.83556188661        2               0.04
446      54.60041     -  54.63031      -5.93682071248        9               0.0299
447      54.64038     -  54.64038      -5.32829634944        5               0.0
448      54.65032     -  54.67036      -5.81405614875        0               0.02004
449      54.68071     -  54.69036      -5.32829634944        5               0.00965
450      54.70038     -  54.72033      -5.93682071248        9               0.01995
451      54.73032     -  54.74051      -5.32829634944        5               0.01019
452      54.75032     -  55.01033      -5.44568446143        1               0.26001
453      55.02037     -  55.04033      -5.32829634944        5               0.01996
454      55.05033     -  55.11038      -5.55050064649        6               0.06005
455      55.12038     -  55.17033      -5.44568446143        1               0.04995
456      55.18075     -  55.26033      -5.55050064649        6               0.07958
457      55.27033     -  55.62037      -5.44568446143        1               0.35004
458      55.63035     -  55.63035      -5.32829634944        5               0.0
459      55.64032     -  55.71176      -5.44568446143        1               0.07144
460      55.72031     -  55.72031      -5.32829634944        5               0.0
461      55.73085     -  55.78036      -5.44568446143        1               0.04951
462      55.79037     -  55.82032      -5.31868283259        7               0.02995
463      55.83037     -  55.85033      -5.44568446143        1               0.01996
464      55.86037     -  55.9406      -5.32829634944        5               0.08023
465      55.95037     -  56.04037      -5.55050064649        6               0.09
466      56.05036     -  56.05036      -5.32829634944        5               0.0
467      56.06032     -  56.19032      -5.44568446143        1               0.13
468      56.20036     -  56.20036      -5.32829634944        5               0.0
469      56.21033     -  56.25037      -5.44568446143        1               0.04004
470      56.26031     -  56.26031      -5.31868283259        7               0.0
471      56.27033     -  56.28032      -4.83556188661        2               0.00999
472      56.29036     -  56.50032      -5.55050064649        6               0.20996
473      56.51037     -  56.69032      -5.44568446143        1               0.17995
474      56.70032     -  56.77032      -5.55050064649        6               0.07
475      56.78032     -  56.78032      -5.32829634944        5               0.0
476      56.79083     -  56.81037      -5.44568446143        1               0.01954
477      56.82119     -  56.83032      -5.32829634944        5               0.00913
478      56.84032     -  56.89036      -5.55050064649        6               0.05004
479      56.90032     -  57.03036      -4.83556188661        2               0.13004
480      57.04037     -  57.06037      -5.55050064649        6               0.02
481      57.07123     -  57.13032      -5.44568446143        1               0.05909
482      57.14033     -  57.14033      -5.32829634944        5               0.0
483      57.15045     -  57.20033      -5.70926578777        3               0.04988
484      57.21175     -  57.23036      -5.55050064649        6               0.01861
485      57.24051     -  57.70033      -5.44568446143        1               0.45982
486      57.71176     -  57.75032      -5.31868283259        7               0.03856
487      57.76036     -  57.82122      -5.44568446143        1               0.06086
488      57.83032     -  57.87033      -5.31868283259        7               0.04001
489      57.88036     -  57.90036      -5.44568446143        1               0.02
490      57.91036     -  58.03032      -5.55050064649        6               0.11996
491      58.04033     -  58.16032      -5.31868283259        7               0.11999
492      58.17037     -  58.17037      -5.32829634944        5               0.0
493      58.18072     -  58.36031      -5.44568446143        1               0.17959
494      58.37036     -  58.50036      -5.55050064649        6               0.13
495      58.51037     -  59.30032      -5.44568446143        1               0.78995
496      59.31032     -  59.69036      -5.31868283259        7               0.38004
497      59.70057     -  59.75032      -5.44568446143        1               0.04975
498      59.76037     -  59.76037      -5.32829634944        5               0.0
499      59.77036     -  59.87036      -5.44568446143        1               0.1
500      59.88037     -  59.88037      -5.32829634944        5               0.0
501      59.89032     -  59.95036      -5.31868283259        7               0.06004
502      59.96177     -  60.06032      -5.44568446143        1               0.09855
503      60.07129     -  60.08035      -5.31868283259        7               0.00906000000001
504      60.09032     -  60.13036      -5.44568446143        1               0.04004
505      60.14032     -  60.14032      -5.32829634944        5               0.0
506      60.15036     -  60.30037      -5.31868283259        7               0.15001
507      60.31032     -  60.37036      -5.44568446143        1               0.06004
508      60.38037     -  60.39032      -5.55050064649        6               0.00995
509      60.40032     -  60.58032      -5.81405614875        0               0.18
510      60.59032     -  60.66035      -5.70926578777        3               0.07003
511      60.67037     -  60.91037      -5.81405614875        0               0.24
512      60.92032     -  60.93033      -5.32829634944        5               0.01001
513      60.94036     -  61.01037      -5.70926578777        3               0.07001
514      61.02032     -  61.14032      -5.81405614875        0               0.12
515      61.15037     -  61.17032      -5.55050064649        6               0.01995
516      61.18073     -  61.20032      -5.70926578777        3               0.01959
517      61.21176     -  61.22031      -5.32829634944        5               0.00855
518      61.23032     -  61.24051      -5.55050064649        6               0.01019
519      61.25033     -  61.47037      -5.44568446143        1               0.22004
520      61.48032     -  61.50032      -5.32829634944        5               0.02
521      61.51033     -  61.53032      -5.44568446143        1               0.01999
522      61.54036     -  61.61037      -5.55050064649        6               0.07001
523      61.62032     -  61.62032      -5.32829634944        5               0.0
524      61.63036     -  61.69037      -5.44568446143        1               0.06001
525      61.70037     -  61.74032      -5.32829634944        5               0.03995
526      61.75037     -  61.88036      -5.64359578491        8               0.12999
527      61.89033     -  61.89033      -5.55050064649        6               0.0
528      61.90036     -  62.13032      -4.83556188661        2               0.22996
529      62.14032     -  62.18072      -5.55050064649        6               0.0404
530      62.19037     -  62.22032      -5.64359578491        8               0.02995
531      62.23033     -  62.29037      -5.32829634944        5               0.06004
532      62.30032     -  62.35033      -5.31868283259        7               0.05001
533      62.36036     -  62.48032      -4.83556188661        2               0.11996
534      62.49055     -  62.56037      -5.32829634944        5               0.06982
535      62.57128     -  62.59037      -5.81405614875        0               0.01909
536      62.60044     -  62.60044      -5.32829634944        5               0.0
537      62.61037     -  62.70036      -5.31868283259        7               0.08999
538      62.71176     -  62.80031      -5.32829634944        5               0.08855
539      62.81032     -  62.83031      -5.55050064649        6               0.01999
540      62.84037     -  62.86035      -5.70926578777        3               0.01998
541      62.87032     -  62.88032      -5.55050064649        6               0.01
542      62.89036     -  63.28036      -4.83556188661        2               0.39
543      63.29037     -  63.31037      -5.32829634944        5               0.02
544      63.32032     -  63.37032      -5.64359578491        8               0.05
545      63.38032     -  63.55037      -5.55050064649        6               0.17005
546      63.56037     -  63.56037      -5.32829634944        5               0.0
547      63.57132     -  63.59033      -5.70926578777        3               0.01901
548      63.60046     -  63.61033      -5.55050064649        6               0.00987
549      63.62032     -  63.66036      -5.70926578777        3               0.04004
550      63.67033     -  64.01037      -5.81405614875        0               0.34004
551      64.02036     -  64.16032      -5.93682071248        9               0.13996
552      64.17037     -  64.21033      -4.83556188661        2               0.03996
553      64.22032     -  64.22032      -5.32829634944        5               0.0
554      64.23033     -  64.27036      -5.93682071248        9               0.04003
555      64.28037     -  64.30032      -5.32829634944        5               0.01995
556      64.31032     -  64.34032      -5.81405614875        0               0.03
557      64.35032     -  64.38037      -5.32829634944        5               0.03005
558      64.39036     -  64.44037      -5.93682071248        9               0.05001
559      64.45032     -  64.45032      -5.32829634944        5               0.0
560      64.46037     -  64.81036      -5.93682071248        9               0.34999
561      64.82037     -  64.83032      -5.32829634944        5               0.00995
562      64.84037     -  64.90037      -5.93682071248        9               0.06
563      64.91032     -  64.91032      -5.32829634944        5               0.0
564      64.92032     -  65.19032      -5.93682071248        9               0.27
565      65.20041     -  65.21037      -5.32829634944        5               0.00995999999999
566      65.22032     -  65.31032      -5.81405614875        0               0.09
567      65.32126     -  65.33032      -5.93682071248        9               0.00906000000001
568      65.34032     -  65.35042      -5.32829634944        5               0.0101
569      65.36032     -  65.37037      -5.81405614875        0               0.01005
570      65.38037     -  65.4006      -5.70926578777        3               0.02023
571      65.41037     -  65.41037      -5.32829634944        5               0.0
572      65.42032     -  65.48036      -5.70926578777        3               0.06004
573      65.49059     -  65.52037      -5.64359578491        8               0.02978
574      65.53037     -  65.60047      -5.55050064649        6               0.0701
575      65.61032     -  65.65056      -5.31868283259        7               0.04024
576      65.66036     -  65.67033      -5.32829634944        5               0.00997000000001
577      65.68077     -  65.70037      -5.55050064649        6               0.0196
578      65.71178     -  65.88036      -5.70926578777        3               0.16858
579      65.89032     -  65.9308      -5.55050064649        6               0.04048
580      65.94031     -  66.04055      -5.64359578491        8               0.10024
581      66.05035     -  66.09032      -5.32829634944        5               0.03997
582      66.10032     -  66.34032      -5.70926578777        3               0.24
583      66.35048     -  66.37033      -5.32829634944        5               0.01985
584      66.38037     -  66.56032      -5.64359578491        8               0.17995
585      66.57131     -  66.67033      -5.70926578777        3               0.09902
586      66.68079     -  66.7118      -5.81405614875        0               0.03101
587      66.72032     -  66.75032      -5.93682071248        9               0.03
588      66.76066     -  66.77032      -5.81405614875        0               0.00966
589      66.78032     -  66.83032      -5.70926578777        3               0.05
590      66.84032     -  66.98032      -5.64359578491        8               0.14
591      66.99052     -  67.10042      -5.55050064649        6               0.1099
592      67.11032     -  67.21032      -5.70926578777        3               0.1
593      67.22032     -  67.24052      -5.81405614875        0               0.0202
594      67.25032     -  67.32037      -5.55050064649        6               0.07005
595      67.33032     -  67.45032      -5.81405614875        0               0.12
596      67.4618     -  67.49059      -5.70926578777        3               0.02879
597      67.50033     -  67.51037      -5.32829634944        5               0.01004
598      67.52032     -  67.55032      -5.93682071248        9               0.03
599      67.56037     -  67.59037      -5.81405614875        0               0.03
600      67.60044     -  67.69032      -5.70926578777        3               0.08988
601      67.70037     -  67.72037      -5.55050064649        6               0.02
602      67.73032     -  67.73032      -5.32829634944        5               0.0
603      67.74052     -  67.86037      -5.64359578491        8               0.11985
604      67.87037     -  67.89032      -5.55050064649        6               0.01995
605      67.90033     -  67.94037      -5.64359578491        8               0.04004
606      67.95037     -  67.95037      -5.32829634944        5               0.0
607      67.96179     -  68.01037      -5.70926578777        3               0.04858
608      68.02033     -  68.14033      -5.81405614875        0               0.12
609      68.15036     -  68.28031      -5.64359578491        8               0.12995
610      68.29056     -  68.34037      -5.70926578777        3               0.04981
611      68.35032     -  68.4006      -5.81405614875        0               0.05028
612      68.41036     -  68.42037      -5.32829634944        5               0.01001
613      68.43077     -  68.47043      -5.81405614875        0               0.03966
614      68.48033     -  68.57131      -5.93682071248        9               0.09098
615      68.58037     -  68.62037      -5.81405614875        0               0.04
616      68.63032     -  68.64037      -5.93682071248        9               0.01005
617      68.65056     -  68.65056      -5.32829634944        5               0.0
618      68.66032     -  68.68081      -5.93682071248        9               0.02049
619      68.69032     -  68.75037      -5.81405614875        0               0.06005
620      68.76037     -  68.95037      -5.70926578777        3               0.19
621      68.96037     -  69.00037      -5.81405614875        0               0.04
622      69.01032     -  69.03037      -5.55050064649        6               0.02005
623      69.04033     -  69.09032      -5.81405614875        0               0.04999
624      69.10043     -  69.19032      -5.93682071248        9               0.08989
625      69.20032     -  69.25032      -5.81405614875        0               0.05
626      69.26033     -  69.32132      -5.55050064649        6               0.06099
627      69.33032     -  69.40037      -5.70926578777        3               0.07005
628      69.41036     -  69.5604      -5.81405614875        0               0.15004
629      69.57128     -  69.60043      -5.93682071248        9               0.02915
630      69.61036     -  69.61036      -5.32829634944        5               0.0
631      69.62037     -  69.74037      -5.70926578777        3               0.12
632      69.75037     -  69.87037      -5.81405614875        0               0.12
633      69.88037     -  69.90037      -5.44568446143        1               0.02
634      69.91037     -  69.92032      -5.32829634944        5               0.00995
635      69.93032     -  69.99051      -5.81405614875        0               0.06019
636      70.00037     -  70.07136      -5.55050064649        6               0.07099
637      70.08037     -  70.12037      -5.70926578777        3               0.04
638      70.13032     -  70.17032      -5.64359578491        8               0.04
639      70.18081     -  70.19037      -5.32829634944        5               0.00956000000001
640      70.20037     -  70.23032      -5.64359578491        8               0.02995
641      70.24059     -  70.33035      -5.55050064649        6               0.08976
642      70.34032     -  70.42037      -5.70926578777        3               0.08005
643      70.43037     -  70.62032      -5.81405614875        0               0.18995
644      70.63032     -  70.64037      -5.70926578777        3               0.01005
645      70.65037     -  70.74037      -5.55050064649        6               0.09
646      70.75037     -  70.89037      -5.81405614875        0               0.14
647      70.9006     -  70.9006      -5.32829634944        5               0.0
648      70.91037     -  70.97032      -5.81405614875        0               0.05995
649      70.98032     -  71.04037      -5.93682071248        9               0.06005
650      71.05032     -  71.05032      -5.32829634944        5               0.0
651      71.06037     -  71.31032      -5.31868283259        7               0.24995
652      71.3213     -  71.37032      -5.44568446143        1               0.04902
653      71.38037     -  71.38037      -5.32829634944        5               0.0
654      71.39032     -  71.51032      -5.64359578491        8               0.12
655      71.52031     -  71.52031      -5.32829634944        5               0.0
656      71.53036     -  71.63036      -5.64359578491        8               0.1
657      71.64033     -  71.80032      -6.0784602582        4               0.15999
658      71.81036     -  72.01032      -5.93682071248        9               0.19996
659      72.02037     -  72.02037      -5.32829634944        5               0.0
660      72.03036     -  72.06033      -5.81405614875        0               0.02997
661      72.07135     -  72.24033      -5.93682071248        9               0.16898
662      72.25032     -  72.27032      -6.0784602582        4               0.02
663      72.28037     -  72.35032      -5.93682071248        9               0.06995
664      72.36032     -  73.08037      -5.81405614875        0               0.72005
665      73.09032     -  73.09032      -5.32829634944        5               0.0
666      73.10037     -  73.32137      -5.81405614875        0               0.221
667      73.33032     -  73.34032      -5.32829634944        5               0.01
668      73.35047     -  73.40037      -5.93682071248        9               0.0499
669      73.41036     -  73.57137      -5.81405614875        0               0.16101
670      73.58037     -  73.62037      -6.0784602582        4               0.04
671      73.63036     -  73.70033      -5.93682071248        9               0.06997
672      73.71032     -  73.94032      -5.81405614875        0               0.23
673      73.95032     -  73.98077      -5.93682071248        9               0.03045
674      73.99033     -  74.07037      -5.81405614875        0               0.08004
675      74.08036     -  74.21037      -5.93682071248        9               0.13001
676      74.22036     -  74.25032      -5.81405614875        0               0.02996
677      74.26061     -  74.35037      -5.93682071248        9               0.08976
678      74.36032     -  74.39037      -5.81405614875        0               0.03005
679      74.40032     -  74.49056      -5.31868283259        7               0.09024
680      74.50036     -  74.50036      -5.32829634944        5               0.0
681      74.51037     -  74.55036      -5.93682071248        9               0.03999
682      74.56037     -  74.86037      -5.81405614875        0               0.3
683      74.87037     -  74.88037      -5.32829634944        5               0.01
684      74.89033     -  76.06038      -5.93682071248        9               1.17005
685      76.07132     -  76.18082      -5.81405614875        0               0.1095
686      76.19037     -  76.21183      -5.32829634944        5               0.02146
687      76.22035     -  76.33037      -5.93682071248        9               0.11002
688      76.34037     -  76.48037      -5.81405614875        0               0.14
689      76.49051     -  76.92038      -5.93682071248        9               0.42987
690      76.93033     -  76.93033      -5.32829634944        5               0.0
691      76.94037     -  77.52035      -5.93682071248        9               0.57998
692      77.53036     -  77.55032      -5.32829634944        5               0.01996
693      77.56032     -  77.83036      -5.81405614875        0               0.27004
694      77.84037     -  77.88032      -5.93682071248        9               0.03995
695      77.89032     -  77.89032      -5.32829634944        5               0.0
696      77.90033     -  77.95037      -5.81405614875        0               0.05004
697      77.96184     -  78.12037      -5.93682071248        9               0.15853
698      78.13032     -  78.46115      -5.81405614875        0               0.33083
699      78.47036     -  78.48056      -5.32829634944        5               0.0102
700      78.49036     -  78.86037      -5.81405614875        0               0.37001
701      78.87033     -  78.91033      -5.70926578777        3               0.04
702      78.92037     -  78.98033      -5.81405614875        0               0.05996
703      78.99037     -  79.07141      -5.93682071248        9               0.08104
704      79.08032     -  79.08032      -5.32829634944        5               0.0
705      79.09037     -  79.11037      -5.81405614875        0               0.02
706      79.12033     -  79.14037      -5.64359578491        8               0.02004
707      79.15033     -  79.16037      -5.32829634944        5               0.01004
708      79.17033     -  79.36031      -5.81405614875        0               0.18998
709      79.37084     -  79.46183      -5.70926578777        3               0.09099
710      79.47032     -  79.49033      -5.81405614875        0               0.02001
711      79.50037     -  79.67033      -5.93682071248        9               0.16996
712      79.68082     -  80.26033      -5.81405614875        0               0.57951
713      80.27032     -  80.27032      -5.32829634944        5               0.0
714      80.28037     -  80.46032      -5.81405614875        0               0.17995
715      80.47033     -  80.50037      -5.93682071248        9               0.03004
716      80.51037     -  80.67032      -5.81405614875        0               0.15995
717      80.68107     -  80.74052      -5.93682071248        9               0.05945
718      80.75032     -  80.75032      -5.32829634944        5               0.0
719      80.76036     -  80.80037      -5.93682071248        9               0.04001
720      80.81037     -  80.85032      -5.81405614875        0               0.03995
721      80.86032     -  80.91032      -5.70926578777        3               0.05
722      80.92033     -  80.97032      -5.81405614875        0               0.04999
723      80.98032     -  80.98032      -5.32829634944        5               0.0
724      80.99057     -  81.02037      -5.81405614875        0               0.0298
725      81.03036     -  81.04037      -5.32829634944        5               0.01001
726      81.05032     -  81.18037      -5.81405614875        0               0.13005
727      81.19032     -  81.41036      -5.93682071248        9               0.22004
728      81.42033     -  81.42033      -5.32829634944        5               0.0
729      81.43084     -  81.55036      -5.93682071248        9               0.11952
730      81.56032     -  81.56032      -5.32829634944        5               0.0
731      81.57142     -  82.10043      -5.44568446143        1               0.52901
732      82.11031     -  82.17036      -5.55050064649        6               0.06005
733      82.18084     -  82.61033      -5.44568446143        1               0.42949
734      82.62037     -  82.62037      -5.32829634944        5               0.0
735      82.63037     -  82.81032      -5.44568446143        1               0.17995
736      82.82137     -  82.82137      -5.32829634944        5               0.0
737      82.83037     -  82.88037      -5.81405614875        0               0.05
738      82.89033     -  83.03037      -5.93682071248        9               0.14004
739      83.04037     -  83.10041      -6.0784602582        4               0.06004
740      83.11031     -  83.15032      -5.93682071248        9               0.04001
741      83.16036     -  83.53033      -5.81405614875        0               0.36997
742      83.54037     -  83.54037      -5.32829634944        5               0.0
743      83.55037     -  83.67033      -5.93682071248        9               0.11996
744      83.68033     -  83.78037      -5.81405614875        0               0.10004
745      83.79037     -  83.81033      -5.93682071248        9               0.01996
746      83.82146     -  84.08032      -5.81405614875        0               0.25886
747      84.09037     -  84.24032      -5.93682071248        9               0.14995
748      84.25032     -  84.60032      -4.83556188661        2               0.35
749      84.61036     -  84.67031      -5.55050064649        6               0.05995
750      84.68081     -  84.73037      -5.64359578491        8               0.04956
751      84.74046     -  84.74046      -5.32829634944        5               0.0
752      84.75033     -  85.22032      -5.44568446143        1               0.46999
753      85.23037     -  85.34032      -5.81405614875        0               0.10995
754      85.35041     -  85.45032      -5.93682071248        9               0.09991
755      85.46036     -  85.46036      -5.81405614875        0               0.0
756      85.47032     -  85.51032      -5.70926578777        3               0.04
757      85.52036     -  85.85037      -5.55050064649        6               0.33001
758      85.86037     -  85.94032      -5.44568446143        1               0.07995
759      85.95032     -  85.95032      -5.32829634944        5               0.0
760      85.96032     -  85.97032      -5.44568446143        1               0.01
761      85.98036     -  85.99032      -5.31868283259        7               0.00995999999999
762      86.00032     -  86.27032      -4.83556188661        2               0.27
763      86.28032     -  86.39032      -5.55050064649        6               0.11
764      86.40033     -  86.47037      -5.44568446143        1               0.07004
765      86.48037     -  86.48037      -5.32829634944        5               0.0
766      86.49051     -  86.70033      -5.44568446143        1               0.20982
767      86.71115     -  86.84036      -5.55050064649        6               0.12921
768      86.85041     -  86.88036      -5.70926578777        3               0.02995
769      86.89037     -  86.90032      -5.81405614875        0               0.00994999999999
770      86.91032     -  86.91032      -5.32829634944        5               0.0
771      86.92032     -  87.03032      -5.44568446143        1               0.11
772      87.04032     -  87.13037      -5.55050064649        6               0.09005
773      87.14032     -  87.14032      -5.32829634944        5               0.0
774      87.15061     -  87.51036      -5.93682071248        9               0.35975
775      87.52037     -  87.53033      -5.32829634944        5               0.00996000000001
776      87.54037     -  87.67033      -5.93682071248        9               0.12996
777      87.6809     -  87.70037      -4.83556188661        2               0.01947
778      87.71116     -  87.73037      -5.81405614875        0               0.01921
779      87.74033     -  87.75037      -5.32829634944        5               0.01004
780      87.76033     -  87.78037      -4.83556188661        2               0.02004
781      87.79033     -  87.80033      -5.55050064649        6               0.01
782      87.81033     -  87.84033      -5.32829634944        5               0.03
783      87.85043     -  87.94041      -5.93682071248        9               0.08998
784      87.95037     -  87.95037      -5.32829634944        5               0.0
785      87.96033     -  87.99032      -5.44568446143        1               0.02999
786      88.00037     -  88.00037      -5.32829634944        5               0.0
787      88.01045     -  88.08033      -5.93682071248        9               0.06988
788      88.09033     -  88.16036      -5.32829634944        5               0.07003
789      88.17037     -  88.19033      -5.93682071248        9               0.01996
790      88.20037     -  88.22037      -5.32829634944        5               0.02
791      88.23036     -  88.30037      -5.93682071248        9               0.07001
792      88.31037     -  88.32144      -5.32829634944        5               0.01107
793      88.33037     -  88.40031      -5.93682071248        9               0.06994
794      88.41037     -  88.42036      -5.32829634944        5               0.00999
795      88.4309     -  88.51033      -5.93682071248        9               0.07943
796      88.52031     -  88.52031      -5.32829634944        5               0.0
797      88.53036     -  88.54037      -5.93682071248        9               0.01001
798      88.55031     -  88.56037      -5.32829634944        5               0.01006
799      88.57141     -  88.83032      -5.93682071248        9               0.25891
800      88.84036     -  88.84036      -5.32829634944        5               0.0
801      88.85042     -  88.85042      -5.93682071248        9               0.0
802      88.86036     -  89.36037      -6.0784602582        4               0.50001
803      89.37032     -  89.57037      -5.93682071248        9               0.20005
804      89.58033     -  89.58033      -5.32829634944        5               0.0
805      89.59032     -  89.66037      -5.44568446143        1               0.07005
806      89.67037     -  89.71119      -5.81405614875        0               0.04082
807      89.72037     -  89.80031      -5.44568446143        1               0.07994
808      89.81036     -  89.81036      -5.32829634944        5               0.0
809      89.82142     -  89.97037      -5.44568446143        1               0.14895
810      89.98036     -  90.00036      -5.81405614875        0               0.02
811      90.01057     -  90.01057      -5.32829634944        5               0.0
812      90.02032     -  90.05033      -5.64359578491        8               0.03001
813      90.06037     -  90.06037      -5.55050064649        6               0.0
814      90.07148     -  90.14032      -4.83556188661        2               0.06884
815      90.15033     -  90.29032      -5.93682071248        9               0.13999
816      90.30033     -  90.30033      -5.32829634944        5               0.0
817      90.31036     -  90.32149      -5.93682071248        9               0.01113
818      90.33036     -  90.36031      -5.32829634944        5               0.02995
819      90.37097     -  90.40037      -5.55050064649        6               0.0294
820      90.41037     -  90.47036      -5.81405614875        0               0.05999
821      90.48033     -  90.49032      -5.32829634944        5               0.00999
822      90.50033     -  90.64037      -5.93682071248        9               0.14004
823      90.65033     -  90.74057      -6.0784602582        4               0.09024
824      90.75038     -  90.80033      -5.55050064649        6               0.04995
825      90.81033     -  90.81033      -5.32829634944        5               0.0
826      90.82143     -  90.98037      -5.55050064649        6               0.15894
827      90.99048     -  91.00032      -5.81405614875        0               0.00984
828      91.01044     -  91.01044      -5.32829634944        5               0.0
829      91.02033     -  91.09033      -5.93682071248        9               0.07
830      91.1004     -  91.1004      -5.32829634944        5               0.0
831      91.11038     -  91.38033      -5.93682071248        9               0.26995
832      91.39037     -  91.41037      -5.32829634944        5               0.02
833      91.42033     -  91.62033      -5.44568446143        1               0.2
834      91.63037     -  91.63037      -5.32829634944        5               0.0
835      91.64033     -  92.24038      -5.44568446143        1               0.60005
836      92.25032     -  92.27037      -5.32829634944        5               0.02005
837      92.28033     -  92.31032      -5.31868283259        7               0.02999
838      92.32148     -  92.44033      -5.81405614875        0               0.11885
839      92.45036     -  92.45036      -5.32829634944        5               0.0
840      92.46118     -  92.61033      -5.93682071248        9               0.14915
841      92.62037     -  92.68093      -5.81405614875        0               0.06056
842      92.69037     -  92.72037      -5.93682071248        9               0.03
843      92.73037     -  92.83031      -6.0784602582        4               0.09994
844      92.84033     -  93.07148      -5.93682071248        9               0.23115
845      93.08032     -  93.09032      -5.32829634944        5               0.01
846      93.10043     -  93.12033      -5.93682071248        9               0.0199
847      93.13032     -  93.13032      -5.32829634944        5               0.0
848      93.14037     -  93.19036      -5.44568446143        1               0.04999
849      93.20033     -  93.20033      -5.93682071248        9               0.0
850      93.21121     -  93.52037      -6.0784602582        4               0.30916
851      93.53032     -  93.75037      -5.93682071248        9               0.22005
852      93.76045     -  93.78032      -4.83556188661        2               0.01987
853      93.79032     -  93.79032      -5.32829634944        5               0.0
854      93.80032     -  93.81032      -5.93682071248        9               0.01
855      93.82146     -  93.82146      -5.32829634944        5               0.0
856      93.83031     -  93.85048      -5.55050064649        6               0.02017
857      93.86031     -  93.90037      -5.44568446143        1               0.04006
858      93.91036     -  93.94035      -5.32829634944        5               0.02999
859      93.95037     -  94.16032      -5.81405614875        0               0.20995
860      94.17037     -  94.18036      -5.32829634944        5               0.00998999999999
861      94.19037     -  94.20036      -5.70926578777        3               0.00999
862      94.21037     -  94.32032      -5.81405614875        0               0.10995
863      94.33037     -  94.36037      -5.44568446143        1               0.03
864      94.37032     -  94.43032      -5.81405614875        0               0.06
865      94.44037     -  94.67032      -5.44568446143        1               0.22995
866      94.68093     -  94.98036      -5.81405614875        0               0.29943
867      94.99043     -  95.00036      -5.32829634944        5               0.00993
868      95.01032     -  95.12037      -5.64359578491        8               0.11005
869      95.13037     -  95.13037      -5.32829634944        5               0.0
870      95.14032     -  95.40036      -5.31868283259        7               0.26004
871      95.41032     -  95.45037      -5.81405614875        0               0.04005
872      95.46032     -  95.49048      -5.55050064649        6               0.03016
873      95.50036     -  95.53032      -5.32829634944        5               0.02996
874      95.54032     -  95.60042      -5.55050064649        6               0.0601
875      95.61032     -  95.62037      -5.81405614875        0               0.01005
876      95.63037     -  95.66037      -5.55050064649        6               0.03
877      95.67037     -  95.67037      -5.32829634944        5               0.0
878      95.6809     -  95.74037      -5.64359578491        8               0.05947
879      95.75032     -  95.75032      -5.70926578777        3               0.0
880      95.76036     -  95.78032      -5.81405614875        0               0.01996
881      95.79046     -  95.81037      -5.32829634944        5               0.01991
882      95.82147     -  95.87037      -5.31868283259        7               0.0489
883      95.88037     -  95.93032      -5.81405614875        0               0.04995
884      95.94032     -  95.94032      -5.32829634944        5               0.0
885      95.95032     -  96.57032      -5.81405614875        0               0.62
886      96.58032     -  96.75032      -5.70926578777        3               0.17
887      96.76032     -  96.90037      -5.81405614875        0               0.14005
888      96.91032     -  97.14036      -5.93682071248        9               0.23004
889      97.15037     -  97.24056      -5.81405614875        0               0.09019
890      97.25032     -  97.33036      -5.31868283259        7               0.08004
891      97.34037     -  97.41033      -5.44568446143        1               0.06996
892      97.42032     -  97.65033      -5.81405614875        0               0.23001
893      97.66037     -  97.66037      -5.32829634944        5               0.0
894      97.67037     -  97.71037      -5.81405614875        0               0.04
895      97.72033     -  97.72033      -5.93682071248        9               0.0
896      97.73037     -  97.74038      -5.32829634944        5               0.01001
897      97.75037     -  97.82144      -5.81405614875        0               0.07107
898      97.83037     -  97.85049      -5.32829634944        5               0.02012
899      97.86033     -  98.06033      -5.93682071248        9               0.2
900      98.07033     -  98.09037      -5.32829634944        5               0.02004
901      98.10043     -  98.26033      -5.44568446143        1               0.1599
902      98.27037     -  98.34033      -5.93682071248        9               0.06996
903      98.35049     -  98.43037      -5.81405614875        0               0.07988
904      98.44037     -  98.44037      -5.32829634944        5               0.0
905      98.45033     -  98.46122      -5.44568446143        1               0.01089
906      98.47033     -  98.74049      -5.31868283259        7               0.27016
907      98.75032     -  98.94037      -5.44568446143        1               0.19005
908      98.95037     -  98.96037      -5.55050064649        6               0.00999999999999
909      98.97033     -  99.07149      -5.44568446143        1               0.10116
910      99.08037     -  99.08037      -5.32829634944        5               0.0
911      99.09033     -  99.62033      -5.93682071248        9               0.53
912      99.63031     -  99.89033      -6.0784602582        4               0.26002
913      99.90033     -  99.99049      -5.93682071248        9               0.09016
 
Means and total domain of each hidden state
---------------------------------------
0th hidden state
total number with this hidden state =  110
mean =  [-5.81405615]
total time_domain =  11.70255

1th hidden state
total number with this hidden state =  77
mean =  [-5.44568446]
total time_domain =  11.74914

2th hidden state
total number with this hidden state =  34
mean =  [-4.83556189]
total time_domain =  4.88965

3th hidden state
total number with this hidden state =  98
mean =  [-5.70926579]
total time_domain =  15.12388

4th hidden state
total number with this hidden state =  19
mean =  [-6.07846026]
total time_domain =  3.7406

5th hidden state
total number with this hidden state =  223
mean =  [-5.32829635]
total time_domain =  1.98026

6th hidden state
total number with this hidden state =  122
mean =  [-5.55050065]
total time_domain =  11.17222

7th hidden state
total number with this hidden state =  35
mean =  [-5.31868283]
total time_domain =  3.81657

8th hidden state
total number with this hidden state =  85
mean =  [-5.64359578]
total time_domain =  13.41346

9th hidden state
total number with this hidden state =  111
mean =  [-5.93682071]
total time_domain =  13.18211

