Number of Rows
--------------
51179
 
Hidden States
-------------
[ 5  5 11 ...  1  1  1]
 
Record of all hidden state
**********************************
No.     TIME Start  -  TIME End      VALUE           Hidden State {}th       Time domain
0      300.01031     -  300.02031      -5.35296181118        5               0.00999999999999
1      300.03033     -  300.23037      -5.33361759099        11               0.20004
2      300.24037     -  300.34032      -5.17980191372        8               0.09995
3      300.35036     -  300.43032      -5.37271194179        15               0.07996
4      300.44032     -  300.54125      -5.57265326585        6               0.10093
5      300.55032     -  302.10032      -5.64163055184        14               1.55
6      302.11032     -  302.37037      -5.76522669337        0               0.26005
7      302.38032     -  302.59032      -5.64163055184        14               0.21
8      302.60037     -  302.64037      -5.41360411549        3               0.04
9      302.65077     -  302.76033      -5.5010989412        12               0.10956
10      302.77037     -  302.77037      -5.1020457549        4               0.0
11      302.78033     -  303.04032      -5.64163055184        14               0.25999
12      303.05033     -  303.11032      -5.41360411549        3               0.05999
13      303.12058     -  303.24037      -5.33361759099        11               0.11979
14      303.25033     -  303.27037      -5.17980191372        8               0.02004
15      303.28037     -  303.29135      -5.37271194179        15               0.01098
16      303.30032     -  303.32043      -5.1020457549        4               0.02011
17      303.33037     -  303.52038      -4.93590909775        13               0.19001
18      303.53036     -  303.54033      -5.1020457549        4               0.00997000000001
19      303.55036     -  303.77033      -4.93590909775        13               0.21997
20      303.78033     -  303.83032      -5.1020457549        4               0.04999
21      303.84033     -  303.96051      -5.37271194179        15               0.12018
22      303.97038     -  304.05038      -5.57265326585        6               0.08
23      304.06032     -  304.06032      -5.37271194179        15               0.0
24      304.07044     -  304.10033      -5.26041637214        1               0.02989
25      304.11036     -  304.11036      -5.37271194179        15               0.0
26      304.12069     -  304.20036      -5.26041637214        1               0.07967
27      304.21031     -  304.23041      -5.17980191372        8               0.0201
28      304.24037     -  304.37036      -5.26041637214        1               0.12999
29      304.38036     -  304.59037      -5.33361759099        11               0.21001
30      304.60037     -  304.61036      -5.26041637214        1               0.00999000000002
31      304.62037     -  304.71037      -5.33361759099        11               0.09
32      304.72037     -  304.78032      -5.26041637214        1               0.05995
33      304.7913     -  305.04037      -5.33361759099        11               0.24907
34      305.05036     -  305.07032      -5.26041637214        1               0.01996
35      305.08037     -  305.28032      -5.37271194179        15               0.19995
36      305.29037     -  305.35032      -5.26041637214        1               0.05995
37      305.36037     -  305.40083      -5.5010989412        12               0.04046
38      305.41032     -  305.60032      -5.41360411549        3               0.19
39      305.61032     -  305.66032      -5.33361759099        11               0.05
40      305.67032     -  306.09037      -5.41360411549        3               0.42005
41      306.10037     -  306.14032      -5.33361759099        11               0.03995
42      306.15084     -  306.22037      -5.41360411549        3               0.06953
43      306.23032     -  306.31036      -5.33361759099        11               0.08004
44      306.32032     -  307.13037      -5.41360411549        3               0.81005
45      307.14036     -  307.25036      -5.26041637214        1               0.11
46      307.26042     -  307.27036      -5.1020457549        4               0.00993999999997
47      307.28033     -  307.34033      -5.33361759099        11               0.06
48      307.35036     -  307.39032      -5.26041637214        1               0.03996
49      307.40037     -  307.54037      -5.1020457549        4               0.14
50      307.55031     -  307.59036      -5.37271194179        15               0.04005
51      307.60037     -  307.61036      -5.1020457549        4               0.00999000000002
52      307.62033     -  307.63031      -4.93590909775        13               0.00997999999998
53      307.64037     -  307.64037      -5.1020457549        4               0.0
54      307.65087     -  307.69032      -5.37271194179        15               0.03945
55      307.70037     -  307.72037      -5.26041637214        1               0.02
56      307.73036     -  307.74037      -5.37271194179        15               0.01001
57      307.75036     -  307.75036      -5.1020457549        4               0.0
58      307.76033     -  307.76033      -4.49231675832        2               0.0
59      307.77036     -  307.78037      -5.1020457549        4               0.01001
60      307.79136     -  307.82042      -4.76434388465        7               0.02906
61      307.83031     -  307.86036      -4.93590909775        13               0.03005
62      307.87036     -  307.90085      -4.76434388465        7               0.03049
63      307.91032     -  308.19032      -4.93590909775        13               0.28
64      308.20037     -  308.32037      -4.76434388465        7               0.12
65      308.33036     -  308.35032      -4.93590909775        13               0.01996
66      308.36037     -  308.54139      -4.76434388465        7               0.18102
67      308.55031     -  308.60032      -4.93590909775        13               0.05001
68      308.61032     -  308.71031      -5.1020457549        4               0.09999
69      308.72033     -  308.76037      -5.37271194179        15               0.04004
70      308.77031     -  309.07046      -5.17980191372        8               0.30015
71      309.08037     -  309.21036      -5.1020457549        4               0.12999
72      309.22033     -  309.36033      -5.17980191372        8               0.14
73      309.37032     -  309.65036      -5.1020457549        4               0.28004
74      309.66037     -  309.82032      -4.93590909775        13               0.15995
75      309.83037     -  309.90083      -4.76434388465        7               0.07046
76      309.91032     -  310.09032      -4.93590909775        13               0.18
77      310.10037     -  310.32037      -5.1020457549        4               0.22
78      310.33036     -  310.37037      -4.93590909775        13               0.04001
79      310.38033     -  310.40037      -4.76434388465        7               0.02004
80      310.41031     -  310.43115      -5.1020457549        4               0.02084
81      310.44037     -  310.48032      -4.93590909775        13               0.03995
82      310.49031     -  310.62032      -5.1020457549        4               0.13001
83      310.63032     -  310.65088      -5.17980191372        8               0.02056
84      310.66032     -  310.74036      -5.26041637214        1               0.08004
85      310.75037     -  310.82044      -5.17980191372        8               0.07007
86      310.83037     -  310.83037      -4.49231675832        2               0.0
87      310.84036     -  310.88036      -5.1020457549        4               0.04
88      310.89032     -  310.89032      -4.49231675832        2               0.0
89      310.90036     -  310.90036      -5.35296181118        5               0.0
90      310.91037     -  310.92032      -5.76522669337        0               0.00995
91      310.93037     -  311.02032      -5.17980191372        8               0.08995
92      311.03033     -  311.35033      -5.33361759099        11               0.32
93      311.36032     -  311.49032      -5.37271194179        15               0.13
94      311.50032     -  311.50032      -5.26041637214        1               0.0
95      311.51037     -  311.64036      -5.5010989412        12               0.12999
96      311.65033     -  311.69037      -5.35296181118        5               0.04004
97      311.70032     -  311.89037      -5.33361759099        11               0.19005
98      311.90086     -  311.96051      -5.26041637214        1               0.05965
99      311.97036     -  312.03037      -5.57265326585        6               0.06001
100      312.04033     -  312.12056      -5.41360411549        3               0.08023
101      312.13032     -  312.33032      -5.5010989412        12               0.2
102      312.34037     -  312.34037      -5.35296181118        5               0.0
103      312.35032     -  312.56032      -5.5010989412        12               0.21
104      312.57041     -  312.57041      -5.35296181118        5               0.0
105      312.58032     -  312.63037      -5.5010989412        12               0.0500500000001
106      312.64037     -  312.77036      -5.1020457549        4               0.12999
107      312.78036     -  312.95037      -5.17980191372        8               0.17001
108      312.96037     -  312.97037      -5.37271194179        15               0.00999999999999
109      312.98032     -  313.05032      -5.17980191372        8               0.07
110      313.06032     -  313.07032      -5.26041637214        1               0.00999999999999
111      313.08037     -  313.11037      -5.17980191372        8               0.03
112      313.12032     -  313.28032      -5.1020457549        4               0.16
113      313.29036     -  313.29036      -5.37271194179        15               0.0
114      313.30037     -  313.42037      -5.57265326585        6               0.12
115      313.43117     -  313.44033      -5.37271194179        15               0.00916000000001
116      313.45032     -  313.50037      -5.57265326585        6               0.05005
117      313.51032     -  313.54032      -5.1020457549        4               0.03
118      313.55032     -  313.58037      -4.93590909775        13               0.03005
119      313.5904     -  313.60037      -5.1020457549        4               0.00997000000001
120      313.61036     -  313.64037      -5.17980191372        8               0.03001
121      313.65087     -  313.68119      -5.26041637214        1               0.03032
122      313.69037     -  313.72032      -5.37271194179        15               0.02995
123      313.73032     -  313.79137      -5.26041637214        1               0.06105
124      313.80037     -  313.83036      -5.17980191372        8               0.02999
125      313.84032     -  313.87037      -5.26041637214        1               0.03005
126      313.88032     -  313.90036      -5.37271194179        15               0.02004
127      313.91032     -  313.97032      -5.17980191372        8               0.06
128      313.98032     -  314.69059      -5.26041637214        1               0.71027
129      314.70037     -  314.73032      -5.33361759099        11               0.02995
130      314.74037     -  314.96032      -5.41360411549        3               0.21995
131      314.97036     -  314.99036      -5.26041637214        1               0.02
132      315.00037     -  315.14032      -5.33361759099        11               0.13995
133      315.15086     -  315.35037      -5.41360411549        3               0.19951
134      315.36032     -  315.45037      -5.5010989412        12               0.09005
135      315.46036     -  315.48036      -5.35296181118        5               0.02
136      315.49037     -  315.94033      -5.5010989412        12               0.44996
137      315.95032     -  316.03032      -5.41360411549        3               0.08
138      316.04033     -  316.08037      -5.33361759099        11               0.04004
139      316.09047     -  316.29037      -5.41360411549        3               0.1999
140      316.30033     -  316.37063      -5.35296181118        5               0.0703
141      316.38037     -  316.38037      -5.5010989412        12               0.0
142      316.39037     -  316.68116      -5.41360411549        3               0.29079
143      316.69036     -  316.82031      -5.33361759099        11               0.12995
144      316.83031     -  317.11037      -5.41360411549        3               0.28006
145      317.12032     -  317.16031      -5.1020457549        4               0.03999
146      317.17037     -  317.19037      -4.93590909775        13               0.02
147      317.20032     -  317.20032      -4.76434388465        7               0.0
148      317.21032     -  317.23033      -5.1020457549        4               0.02001
149      317.24033     -  317.38032      -4.93590909775        13               0.13999
150      317.39037     -  317.40036      -4.76434388465        7               0.00998999999996
151      317.41033     -  317.48036      -5.26041637214        1               0.07003
152      317.49033     -  317.56032      -5.1020457549        4               0.06999
153      317.57037     -  317.64036      -4.93590909775        13               0.06999
154      317.65087     -  317.66036      -5.1020457549        4               0.00949000000003
155      317.67033     -  317.70032      -5.37271194179        15               0.02999
156      317.71057     -  317.73036      -5.17980191372        8               0.01979
157      317.74032     -  317.83032      -5.41360411549        3               0.09
158      317.84033     -  317.86033      -5.5010989412        12               0.02
159      317.87032     -  317.92033      -5.35296181118        5               0.05001
160      317.93032     -  318.03032      -5.5010989412        12               0.1
161      318.04037     -  318.12039      -5.35296181118        5               0.08002
162      318.13031     -  318.16032      -5.5010989412        12               0.03001
163      318.17032     -  318.17032      -5.37271194179        15               0.0
164      318.18033     -  318.19032      -5.17980191372        8               0.00998999999996
165      318.20037     -  318.24033      -5.26041637214        1               0.03996
166      318.25032     -  318.25032      -5.37271194179        15               0.0
167      318.26033     -  318.30033      -5.26041637214        1               0.04
168      318.31032     -  318.34038      -5.1020457549        4               0.03006
169      318.35032     -  318.51032      -5.37271194179        15               0.16
170      318.52037     -  318.55035      -5.26041637214        1               0.02998
171      318.56032     -  318.57033      -5.37271194179        15               0.01001
172      318.58032     -  318.69037      -5.41360411549        3               0.11005
173      318.70032     -  318.89038      -5.35296181118        5               0.19006
174      318.90037     -  318.91033      -5.76522669337        0               0.00995999999998
175      318.92037     -  319.00033      -5.35296181118        5               0.07996
176      319.01033     -  319.03037      -5.1020457549        4               0.02004
177      319.04148     -  319.06037      -4.93590909775        13               0.01889
178      319.07049     -  319.19037      -5.1020457549        4               0.11988
179      319.20037     -  319.39033      -5.37271194179        15               0.18996
180      319.40033     -  319.46037      -5.26041637214        1               0.06004
181      319.47033     -  319.70038      -5.33361759099        11               0.23005
182      319.71047     -  319.86032      -5.37271194179        15               0.14985
183      319.87037     -  319.89037      -5.17980191372        8               0.02
184      319.9009     -  319.96043      -5.41360411549        3               0.05953
185      319.97032     -  320.09033      -5.33361759099        11               0.12001
186      320.10032     -  320.11033      -5.41360411549        3               0.01001
187      320.12037     -  320.15037      -5.5010989412        12               0.03
188      320.16036     -  320.33032      -5.41360411549        3               0.16996
189      320.34032     -  320.38032      -5.5010989412        12               0.04
190      320.39037     -  320.39037      -5.35296181118        5               0.0
191      320.40032     -  320.72032      -5.5010989412        12               0.32
192      320.73032     -  320.76037      -5.35296181118        5               0.03005
193      320.77032     -  320.77032      -4.49231675832        2               0.0
194      320.78037     -  320.82041      -5.35296181118        5               0.04004
195      320.83032     -  320.86032      -5.5010989412        12               0.03
196      320.87037     -  320.99037      -5.41360411549        3               0.12
197      321.00032     -  321.04037      -5.5010989412        12               0.04005
198      321.05032     -  321.14032      -5.35296181118        5               0.09
199      321.15095     -  321.19032      -5.5010989412        12               0.03937
200      321.20037     -  321.28037      -5.35296181118        5               0.08
201      321.29151     -  321.34037      -5.5010989412        12               0.04886
202      321.35032     -  321.41037      -5.26041637214        1               0.06005
203      321.42037     -  321.43032      -5.1020457549        4               0.00995
204      321.44032     -  321.51032      -5.37271194179        15               0.07
205      321.52032     -  321.54145      -5.17980191372        8               0.02113
206      321.55037     -  321.61032      -5.26041637214        1               0.05995
207      321.62032     -  321.64037      -5.37271194179        15               0.02005
208      321.65037     -  321.70037      -5.26041637214        1               0.05
209      321.71032     -  321.72037      -5.37271194179        15               0.01005
210      321.73037     -  321.85032      -5.26041637214        1               0.11995
211      321.86036     -  321.98037      -5.37271194179        15               0.12001
212      321.99037     -  322.16037      -5.57265326585        6               0.17
213      322.17032     -  322.1804      -5.37271194179        15               0.01008
214      322.19033     -  322.20032      -5.26041637214        1               0.00998999999996
215      322.21044     -  322.31037      -5.17980191372        8               0.09993
216      322.3204     -  322.3204      -5.37271194179        15               0.0
217      322.33037     -  322.50037      -5.76522669337        0               0.17
218      322.51033     -  322.94037      -5.64163055184        14               0.43004
219      322.95032     -  323.20058      -5.57265326585        6               0.25026
220      323.21032     -  323.31037      -5.5010989412        12               0.10005
221      323.32037     -  323.39032      -5.41360411549        3               0.0699499999999
222      323.40037     -  323.46032      -5.33361759099        11               0.05995
223      323.47032     -  323.49036      -5.26041637214        1               0.02004
224      323.50036     -  323.50036      -5.1020457549        4               0.0
225      323.51038     -  323.52032      -5.37271194179        15               0.00994000000003
226      323.53037     -  323.54037      -5.57265326585        6               0.00999999999999
227      323.55032     -  323.57032      -5.37271194179        15               0.02
228      323.58032     -  323.65037      -5.26041637214        1               0.07005
229      323.66037     -  323.74036      -5.37271194179        15               0.07999
230      323.75037     -  323.76032      -5.57265326585        6               0.00995
231      323.77032     -  323.84032      -5.41360411549        3               0.07
232      323.85037     -  323.88037      -5.33361759099        11               0.03
233      323.89032     -  324.0704      -5.26041637214        1               0.18008
234      324.08036     -  324.3204      -5.37271194179        15               0.24004
235      324.33032     -  324.34037      -5.17980191372        8               0.01005
236      324.35032     -  324.41032      -5.33361759099        11               0.06
237      324.42037     -  324.48032      -5.26041637214        1               0.05995
238      324.49031     -  324.49031      -5.37271194179        15               0.0
239      324.50032     -  324.53032      -5.26041637214        1               0.03
240      324.54147     -  324.54147      -5.1020457549        4               0.0
241      324.55037     -  324.70037      -5.17980191372        8               0.15
242      324.71037     -  324.74037      -5.26041637214        1               0.03
243      324.75032     -  324.93033      -5.33361759099        11               0.18001
244      324.94032     -  324.95037      -5.41360411549        3               0.01005
245      324.96037     -  325.02032      -5.5010989412        12               0.05995
246      325.03037     -  325.05032      -5.1020457549        4               0.01995
247      325.06037     -  325.12032      -5.37271194179        15               0.05995
248      325.13035     -  325.19032      -5.41360411549        3               0.05997
249      325.20036     -  325.39037      -5.5010989412        12               0.19001
250      325.40032     -  325.42032      -5.35296181118        5               0.02
251      325.43037     -  325.48037      -5.5010989412        12               0.05
252      325.49032     -  325.49032      -5.35296181118        5               0.0
253      325.50037     -  325.53033      -5.5010989412        12               0.02996
254      325.5415     -  325.5704      -5.1020457549        4               0.0289
255      325.58036     -  325.80032      -4.93590909775        13               0.21996
256      325.81037     -  325.84032      -5.1020457549        4               0.02995
257      325.85032     -  325.86037      -4.93590909775        13               0.01005
258      325.87033     -  325.87033      -4.76434388465        7               0.0
259      325.88032     -  325.93037      -5.17980191372        8               0.05005
260      325.94032     -  325.98032      -4.76434388465        7               0.04
261      325.99032     -  326.06037      -4.93590909775        13               0.07005
262      326.07033     -  326.13031      -5.1020457549        4               0.05998
263      326.14032     -  326.14032      -4.49231675832        2               0.0
264      326.15097     -  326.57037      -4.93590909775        13               0.4194
265      326.58032     -  326.68037      -5.1020457549        4               0.10005
266      326.69037     -  327.11037      -4.93590909775        13               0.42
267      327.12037     -  327.14033      -4.76434388465        7               0.01996
268      327.15032     -  327.24033      -4.93590909775        13               0.0900099999999
269      327.25037     -  327.35032      -5.1020457549        4               0.09995
270      327.36037     -  327.72033      -4.93590909775        13               0.35996
271      327.73032     -  327.7915      -5.1020457549        4               0.06118
272      327.80033     -  328.26033      -4.93590909775        13               0.46
273      328.27037     -  328.31037      -5.1020457549        4               0.04
274      328.32041     -  328.52037      -4.93590909775        13               0.19996
275      328.53037     -  328.62032      -4.76434388465        7               0.08995
276      328.63032     -  328.66032      -4.93590909775        13               0.03
277      328.67037     -  328.73033      -4.76434388465        7               0.05996
278      328.74032     -  328.78471      -4.49231675832        2               0.04439
279      328.81907     -  328.86037      -4.76434388465        7               0.0413
280      328.87057     -  328.89033      -4.49231675832        2               0.01976
281      328.90033     -  328.93033      -4.93590909775        13               0.03
282      328.94033     -  328.98033      -4.49231675832        2               0.04
283      328.99032     -  329.04037      -4.59370294323        10               0.05005
284      329.05036     -  329.05036      -5.1020457549        4               0.0
285      329.06033     -  329.07032      -5.37271194179        15               0.00998999999996
286      329.08033     -  329.13032      -5.26041637214        1               0.04999
287      329.14037     -  329.19032      -5.1020457549        4               0.04995
288      329.20033     -  329.22037      -4.76434388465        7               0.02004
289      329.23032     -  329.24037      -4.93590909775        13               0.01005
290      329.25036     -  329.27032      -4.76434388465        7               0.01996
291      329.28037     -  329.32043      -4.93590909775        13               0.04006
292      329.33037     -  329.35031      -4.76434388465        7               0.01994
293      329.36032     -  329.41036      -4.59370294323        10               0.05004
294      329.42032     -  329.47037      -4.76434388465        7               0.05005
295      329.48033     -  329.60033      -4.93590909775        13               0.12
296      329.61037     -  329.64032      -4.76434388465        7               0.02995
297      329.65096     -  329.70037      -4.93590909775        13               0.04941
298      329.71052     -  329.75032      -4.76434388465        7               0.0398
299      329.76033     -  329.92032      -5.1020457549        4               0.15999
300      329.93033     -  329.93033      -4.49231675832        2               0.0
301      329.94032     -  329.96036      -5.1020457549        4               0.02004
302      329.97037     -  329.97037      -4.93590909775        13               0.0
303      329.98032     -  330.00033      -4.76434388465        7               0.02001
304      330.01042     -  330.05031      -4.49231675832        2               0.03989
305      330.06037     -  330.10033      -4.76434388465        7               0.03996
306      330.11033     -  330.25037      -4.93590909775        13               0.14004
307      330.26037     -  330.26037      -4.76434388465        7               0.0
308      330.27033     -  330.29037      -4.93590909775        13               0.02004
309      330.30033     -  330.30033      -4.76434388465        7               0.0
310      330.31033     -  330.31033      -4.49231675832        2               0.0
311      330.32033     -  330.35033      -4.76434388465        7               0.03
312      330.36037     -  330.38037      -4.93590909775        13               0.02
313      330.39037     -  330.45037      -4.76434388465        7               0.06
314      330.46033     -  330.47033      -4.49231675832        2               0.00999999999999
315      330.52539     -  330.59037      -4.76434388465        7               0.06498
316      330.60031     -  330.76037      -5.1020457549        4               0.16006
317      330.77037     -  330.81032      -4.93590909775        13               0.03995
318      330.82043     -  330.85032      -4.76434388465        7               0.02989
319      330.86032     -  330.92037      -4.93590909775        13               0.06005
320      330.93041     -  331.00032      -4.76434388465        7               0.06991
321      331.01038     -  331.03037      -4.93590909775        13               0.01999
322      331.04037     -  331.06037      -4.76434388465        7               0.02
323      331.07037     -  331.08037      -4.93590909775        13               0.00999999999999
324      331.09032     -  331.15097      -4.76434388465        7               0.06065
325      331.16037     -  331.18037      -4.93590909775        13               0.02
326      331.19037     -  331.24032      -4.76434388465        7               0.04995
327      331.25032     -  331.31033      -4.93590909775        13               0.06001
328      331.32041     -  331.37088      -5.1020457549        4               0.05047
329      331.38033     -  331.41037      -4.76434388465        7               0.03004
330      331.42037     -  331.51033      -5.1020457549        4               0.08996
331      331.52037     -  331.53037      -4.49231675832        2               0.00999999999999
332      331.56462     -  331.85065      -3.57535681774        9               0.28603
333      331.91252     -  331.93632      -4.49231675832        2               0.0238000000001
334      331.94045     -  332.06038      -4.59370294323        10               0.11993
335      332.07038     -  332.08037      -5.1020457549        4               0.00999000000002
336      332.0904     -  332.0904      -4.49231675832        2               0.0
337      332.10037     -  332.11033      -3.57535681774        9               0.00995999999998
338      332.12033     -  332.18033      -5.1020457549        4               0.06
339      332.19033     -  332.29152      -4.93590909775        13               0.10119
340      332.30036     -  332.33037      -5.1020457549        4               0.03001
341      332.34033     -  332.87032      -5.64163055184        14               0.52999
342      332.88033     -  332.88033      -5.41360411549        3               0.0
343      332.89032     -  333.07033      -5.33361759099        11               0.18001
344      333.08032     -  333.14037      -5.26041637214        1               0.06005
345      333.15037     -  333.17033      -5.37271194179        15               0.01996
346      333.18038     -  333.33037      -5.57265326585        6               0.14999
347      333.34032     -  333.36032      -5.37271194179        15               0.02
348      333.37037     -  333.52036      -5.26041637214        1               0.14999
349      333.53038     -  333.55033      -5.17980191372        8               0.01995
350      333.56032     -  334.20036      -5.41360411549        3               0.64004
351      334.21033     -  334.4804      -5.5010989412        12               0.27007
352      334.49037     -  334.54038      -5.41360411549        3               0.05001
353      334.55033     -  334.58033      -5.5010989412        12               0.03
354      334.59038     -  334.68043      -5.37271194179        15               0.09005
355      334.69031     -  334.70037      -5.17980191372        8               0.01006
356      334.71031     -  334.78033      -5.37271194179        15               0.07002
357      334.79033     -  334.81033      -5.17980191372        8               0.02
358      334.82037     -  334.88033      -5.26041637214        1               0.05996
359      334.89033     -  334.91033      -5.37271194179        15               0.02
360      334.92037     -  334.95037      -5.17980191372        8               0.03
361      334.96037     -  334.96037      -4.49231675832        2               0.0
362      334.97033     -  335.13033      -5.35296181118        5               0.16
363      335.14033     -  335.20033      -4.49231675832        2               0.06
364      335.21033     -  335.24033      -4.76434388465        7               0.03
365      335.25033     -  335.26037      -4.49231675832        2               0.01004
366      335.27037     -  335.35033      -5.35296181118        5               0.07996
367      335.36036     -  335.48033      -5.1020457549        4               0.11997
368      335.49037     -  335.49037      -5.37271194179        15               0.0
369      335.50037     -  335.54038      -5.26041637214        1               0.0400100000001
370      335.55038     -  335.57038      -5.1020457549        4               0.02
371      335.58038     -  335.62033      -5.37271194179        15               0.03995
372      335.63037     -  335.74037      -5.26041637214        1               0.11
373      335.75032     -  335.76039      -5.37271194179        15               0.01007
374      335.77037     -  335.89037      -5.1020457549        4               0.12
375      335.90037     -  335.95033      -5.37271194179        15               0.04996
376      335.96036     -  335.98037      -5.26041637214        1               0.02001
377      335.99037     -  336.10037      -5.1020457549        4               0.11
378      336.11037     -  336.15102      -5.37271194179        15               0.04065
379      336.16032     -  336.22031      -5.17980191372        8               0.05999
380      336.23062     -  336.36037      -5.1020457549        4               0.12975
381      336.37033     -  336.39037      -5.35296181118        5               0.02004
382      336.40032     -  336.69037      -5.5010989412        12               0.29005
383      336.70037     -  336.70037      -5.35296181118        5               0.0
384      336.73498     -  336.96065      -3.57535681774        9               0.22567
385      336.98852     -  337.04032      -5.35296181118        5               0.0518
386      337.05037     -  337.15101      -5.76522669337        0               0.10064
387      337.16035     -  337.45033      -5.26041637214        1               0.28998
388      337.46037     -  337.50037      -5.37271194179        15               0.04
389      337.51049     -  337.65037      -5.57265326585        6               0.13988
390      337.66032     -  337.68032      -5.37271194179        15               0.02
391      337.69036     -  337.92033      -5.64163055184        14               0.22997
392      337.93032     -  337.97036      -4.49231675832        2               0.04004
393      337.98033     -  338.39037      -5.64163055184        14               0.41004
394      338.40103     -  338.47037      -5.41360411549        3               0.06934
395      338.48036     -  338.63037      -5.76522669337        0               0.15001
396      338.64032     -  339.19033      -5.64163055184        14               0.55001
397      339.20032     -  339.23037      -5.37271194179        15               0.03005
398      339.24036     -  339.31033      -5.57265326585        6               0.06997
399      339.32036     -  339.35037      -5.37271194179        15               0.03001
400      339.36036     -  339.37032      -5.26041637214        1               0.00995999999998
401      339.38036     -  339.38036      -5.33361759099        11               0.0
402      339.39035     -  339.53037      -5.41360411549        3               0.14002
403      339.54032     -  339.76033      -5.33361759099        11               0.22001
404      339.77033     -  339.81033      -5.26041637214        1               0.04
405      339.82033     -  339.92037      -5.5010989412        12               0.10004
406      339.93032     -  339.94037      -5.35296181118        5               0.01005
407      339.95037     -  340.24031      -5.5010989412        12               0.28994
408      340.25037     -  340.2605      -4.49231675832        2               0.01013
409      340.27031     -  340.27031      -5.35296181118        5               0.0
410      340.28037     -  340.36033      -5.5010989412        12               0.07996
411      340.37033     -  340.78033      -5.57265326585        6               0.41
412      340.79033     -  340.89037      -5.33361759099        11               0.10004
413      340.90032     -  341.17033      -5.41360411549        3               0.27001
414      341.18033     -  341.27031      -5.33361759099        11               0.08998
415      341.28033     -  341.38037      -5.41360411549        3               0.10004
416      341.39037     -  341.48037      -5.17980191372        8               0.09
417      341.49033     -  341.50037      -5.37271194179        15               0.01004
418      341.51038     -  341.54037      -5.17980191372        8               0.02999
419      341.55037     -  341.60037      -5.37271194179        15               0.05
420      341.61033     -  341.64037      -5.17980191372        8               0.03004
421      341.65037     -  341.65037      -5.37271194179        15               0.0
422      341.66037     -  341.71033      -5.26041637214        1               0.04996
423      341.72037     -  341.75033      -5.17980191372        8               0.02996
424      341.76033     -  341.77033      -5.37271194179        15               0.00999999999999
425      341.78037     -  341.99037      -5.26041637214        1               0.21
426      342.00037     -  342.11032      -5.17980191372        8               0.10995
427      342.1208     -  342.24031      -5.26041637214        1               0.11951
428      342.25033     -  342.28037      -5.5010989412        12               0.03004
429      342.29161     -  342.36037      -5.35296181118        5               0.06876
430      342.37037     -  342.44033      -5.5010989412        12               0.06996
431      342.45033     -  342.75037      -5.41360411549        3               0.30004
432      342.76037     -  342.82037      -5.5010989412        12               0.06
433      342.83037     -  342.87033      -5.41360411549        3               0.03996
434      342.88033     -  343.05043      -5.33361759099        11               0.1701
435      343.06037     -  343.10033      -5.41360411549        3               0.03996
436      343.11037     -  343.14037      -5.5010989412        12               0.03
437      343.151     -  343.36032      -5.37271194179        15               0.20932
438      343.37033     -  343.46032      -5.26041637214        1               0.08999
439      343.47037     -  343.48032      -5.37271194179        15               0.00995
440      343.49037     -  344.0105      -5.57265326585        6               0.52013
441      344.02036     -  344.09037      -5.41360411549        3               0.07001
442      344.10033     -  344.18043      -5.5010989412        12               0.0801
443      344.19033     -  344.44037      -5.41360411549        3               0.25004
444      344.45037     -  344.46037      -5.76522669337        0               0.00999999999999
445      344.47032     -  344.49033      -5.41360411549        3               0.02001
446      344.50033     -  344.64037      -5.5010989412        12               0.14004
447      344.65037     -  344.82032      -5.1020457549        4               0.16995
448      344.83036     -  344.92033      -5.37271194179        15               0.08997
449      344.93037     -  345.11037      -5.17980191372        8               0.18
450      345.12037     -  345.16037      -5.26041637214        1               0.04
451      345.17037     -  345.19033      -5.17980191372        8               0.01996
452      345.20033     -  345.65037      -5.41360411549        3               0.45004
453      345.66037     -  345.75038      -5.33361759099        11               0.09001
454      345.76056     -  345.80032      -5.37271194179        15               0.03976
455      345.81037     -  345.86032      -5.1020457549        4               0.04995
456      345.87073     -  345.96031      -5.17980191372        8               0.08958
457      345.97037     -  346.19032      -5.41360411549        3               0.21995
458      346.20032     -  346.22033      -5.35296181118        5               0.02001
459      346.23032     -  346.30033      -5.76522669337        0               0.07001
460      346.31036     -  346.52032      -5.41360411549        3               0.20996
461      346.53033     -  346.59037      -5.5010989412        12               0.06004
462      346.60037     -  346.63037      -5.35296181118        5               0.03
463      346.64033     -  346.69037      -5.5010989412        12               0.05004
464      346.70037     -  346.75032      -5.41360411549        3               0.04995
465      346.76054     -  346.89036      -5.35296181118        5               0.12982
466      346.90038     -  346.90038      -5.76522669337        0               0.0
467      346.91032     -  347.03032      -5.17980191372        8               0.12
468      347.04172     -  347.11036      -5.1020457549        4               0.06864
469      347.12037     -  347.14037      -5.64163055184        14               0.02
470      347.15037     -  347.33032      -5.41360411549        3               0.17995
471      347.34033     -  347.46037      -5.17980191372        8               0.12004
472      347.47037     -  347.53033      -5.26041637214        1               0.05996
473      347.54037     -  347.63038      -5.33361759099        11               0.09001
474      347.64032     -  347.76032      -5.57265326585        6               0.12
475      347.77032     -  347.79033      -5.41360411549        3               0.02001
476      347.80036     -  348.11036      -5.5010989412        12               0.31
477      348.12037     -  348.22037      -5.41360411549        3               0.1
478      348.23032     -  348.29032      -5.17980191372        8               0.06
479      348.30033     -  348.34033      -5.26041637214        1               0.04
480      348.35036     -  348.37032      -5.17980191372        8               0.01996
481      348.38032     -  348.70037      -5.76522669337        0               0.32005
482      348.71032     -  348.86038      -5.17980191372        8               0.15006
483      348.87036     -  348.98037      -5.26041637214        1               0.11001
484      348.99037     -  348.99037      -5.37271194179        15               0.0
485      349.00033     -  349.04033      -5.64163055184        14               0.04
486      349.05032     -  349.23036      -5.41360411549        3               0.18004
487      349.24033     -  349.29169      -5.26041637214        1               0.05136
488      349.30037     -  349.34032      -5.17980191372        8               0.03995
489      349.35037     -  349.40036      -5.1020457549        4               0.04999
490      349.41037     -  349.43037      -5.17980191372        8               0.02
491      349.44036     -  350.15108      -5.76522669337        0               0.71072
492      350.16032     -  350.16032      -5.35296181118        5               0.0
493      350.17032     -  350.24032      -5.5010989412        12               0.07
494      350.25089     -  350.26037      -5.1020457549        4               0.00948
495      350.27037     -  350.31037      -5.37271194179        15               0.04
496      350.32039     -  350.38036      -5.26041637214        1               0.05997
497      350.39036     -  350.46037      -5.17980191372        8               0.07001
498      350.47037     -  350.51037      -5.1020457549        4               0.04
499      350.52037     -  350.61037      -5.37271194179        15               0.09
500      350.62041     -  350.73032      -5.64163055184        14               0.10991
501      350.74037     -  350.76037      -5.37271194179        15               0.02
502      350.77032     -  351.17032      -5.26041637214        1               0.4
503      351.18047     -  351.23032      -5.17980191372        8               0.04985
504      351.24032     -  351.39039      -5.41360411549        3               0.15007
505      351.40032     -  351.60032      -5.5010989412        12               0.2
506      351.61037     -  351.69032      -5.35296181118        5               0.07995
507      351.70032     -  351.87045      -5.76522669337        0               0.17013
508      351.88032     -  351.89032      -5.35296181118        5               0.00999999999999
509      351.90108     -  351.98032      -5.76522669337        0               0.07924
510      351.99037     -  352.12032      -5.64163055184        14               0.12995
511      352.13032     -  352.18037      -5.37271194179        15               0.05005
512      352.19036     -  352.21036      -5.26041637214        1               0.02
513      352.22032     -  352.24032      -5.17980191372        8               0.02
514      352.25095     -  352.36032      -5.76522669337        0               0.10937
515      352.37032     -  352.38032      -5.35296181118        5               0.00999999999999
516      352.39032     -  352.50037      -5.33361759099        11               0.11005
517      352.51033     -  352.57032      -5.17980191372        8               0.05999
518      352.58032     -  352.59032      -5.26041637214        1               0.01
519      352.60036     -  352.67033      -5.33361759099        11               0.06997
520      352.68037     -  352.80037      -5.26041637214        1               0.12
521      352.81033     -  353.02036      -5.17980191372        8               0.21003
522      353.03037     -  353.07046      -5.37271194179        15               0.04009
523      353.08032     -  353.12037      -5.1020457549        4               0.04005
524      353.13036     -  353.15036      -5.37271194179        15               0.02
525      353.16032     -  353.21032      -5.26041637214        1               0.05
526      353.22031     -  353.22031      -5.37271194179        15               0.0
527      353.23033     -  353.29033      -5.57265326585        6               0.06
528      353.30037     -  353.48033      -5.37271194179        15               0.17996
529      353.49036     -  353.6204      -5.26041637214        1               0.13004
530      353.63037     -  353.64032      -5.17980191372        8               0.00994999999995
531      353.65037     -  353.67037      -5.37271194179        15               0.02
532      353.68032     -  353.81033      -5.26041637214        1               0.13001
533      353.82032     -  353.86032      -5.37271194179        15               0.04
534      353.87037     -  353.94033      -5.26041637214        1               0.06996
535      353.95045     -  353.96033      -5.1020457549        4               0.00988000000001
536      353.97037     -  354.06033      -5.33361759099        11               0.08996
537      354.07032     -  354.08037      -5.17980191372        8               0.01005
538      354.09032     -  354.13032      -5.37271194179        15               0.04
539      354.14033     -  354.28037      -5.26041637214        1               0.14004
540      354.29037     -  354.69032      -5.33361759099        11               0.39995
541      354.70037     -  354.74033      -5.37271194179        15               0.03996
542      354.75037     -  354.79173      -5.17980191372        8               0.04136
543      354.80033     -  354.95036      -5.33361759099        11               0.15003
544      354.96033     -  355.05036      -5.26041637214        1               0.09003
545      355.06033     -  355.15032      -5.37271194179        15               0.08999
546      355.16033     -  355.20033      -5.26041637214        1               0.04
547      355.21032     -  355.35032      -5.33361759099        11               0.14
548      355.36037     -  355.56036      -5.26041637214        1               0.19999
549      355.57037     -  355.73033      -5.33361759099        11               0.15996
550      355.74037     -  356.04032      -5.26041637214        1               0.29995
551      356.05037     -  356.08032      -4.93590909775        13               0.02995
552      356.09037     -  356.09037      -5.1020457549        4               0.0
553      356.10036     -  356.12037      -5.17980191372        8               0.02001
554      356.13037     -  356.23033      -5.26041637214        1               0.09996
555      356.24036     -  356.29172      -5.33361759099        11               0.05136
556      356.30032     -  356.42032      -5.57265326585        6               0.12
557      356.43041     -  356.73032      -5.37271194179        15               0.29991
558      356.74037     -  356.82037      -5.57265326585        6               0.08
559      356.83032     -  356.84037      -5.37271194179        15               0.01005
560      356.85032     -  356.88033      -5.26041637214        1               0.03001
561      356.89032     -  356.91032      -5.37271194179        15               0.02
562      356.92037     -  356.9304      -5.17980191372        8               0.01003
563      356.94032     -  357.15032      -5.37271194179        15               0.21
564      357.16037     -  357.20037      -5.26041637214        1               0.04
565      357.21037     -  357.29037      -5.17980191372        8               0.08
566      357.30032     -  357.37033      -5.37271194179        15               0.07001
567      357.38032     -  357.74031      -5.26041637214        1               0.35999
568      357.75032     -  357.75032      -5.33361759099        11               0.0
569      357.76033     -  357.84037      -5.41360411549        3               0.08004
570      357.85032     -  358.17032      -5.33361759099        11               0.32
571      358.18037     -  358.29032      -5.17980191372        8               0.10995
572      358.30033     -  358.37037      -5.26041637214        1               0.07004
573      358.38037     -  358.47037      -5.33361759099        11               0.09
574      358.48032     -  358.59033      -5.26041637214        1               0.11001
575      358.60037     -  358.62057      -5.37271194179        15               0.0202
576      358.63036     -  358.71036      -5.26041637214        1               0.08
577      358.72033     -  358.79036      -5.33361759099        11               0.07003
578      358.80037     -  358.89038      -5.17980191372        8               0.09001
579      358.90118     -  358.97032      -5.37271194179        15               0.06914
580      358.98037     -  359.05032      -5.17980191372        8               0.06995
581      359.06037     -  359.07032      -5.37271194179        15               0.00995
582      359.08033     -  359.16038      -5.26041637214        1               0.08005
583      359.17036     -  359.21032      -5.37271194179        15               0.03996
584      359.22037     -  359.24033      -5.26041637214        1               0.01996
585      359.25036     -  359.28037      -5.17980191372        8               0.03001
586      359.29175     -  359.30036      -5.37271194179        15               0.00861000000003
587      359.31038     -  359.33033      -5.26041637214        1               0.01995
588      359.34032     -  359.42032      -5.33361759099        11               0.08
589      359.43041     -  359.46032      -5.26041637214        1               0.02991
590      359.47038     -  359.59037      -5.33361759099        11               0.11999
591      359.60032     -  359.66031      -5.26041637214        1               0.05999
592      359.67032     -  359.71037      -5.17980191372        8               0.04005
593      359.72032     -  359.76066      -5.33361759099        11               0.04034
594      359.77037     -  359.87037      -5.17980191372        8               0.1
595      359.88037     -  360.14032      -5.33361759099        11               0.25995
596      360.15124     -  360.18032      -5.26041637214        1               0.02908
597      360.19037     -  360.32054      -5.37271194179        15               0.13017
598      360.33032     -  360.38037      -5.26041637214        1               0.0500500000001
599      360.39032     -  360.39032      -5.37271194179        15               0.0
600      360.40113     -  360.51037      -5.26041637214        1               0.10924
601      360.52037     -  360.52037      -5.37271194179        15               0.0
602      360.53032     -  360.60032      -5.17980191372        8               0.07
603      360.61032     -  360.62037      -5.26041637214        1               0.01005
604      360.63036     -  360.72037      -5.37271194179        15               0.09001
605      360.73037     -  360.94032      -5.26041637214        1               0.20995
606      360.95037     -  361.17037      -5.33361759099        11               0.22
607      361.1804     -  361.1804      -5.17980191372        8               0.0
608      361.19032     -  361.29037      -5.33361759099        11               0.10005
609      361.30032     -  361.34032      -4.76434388465        7               0.04
610      361.35032     -  361.37032      -4.93590909775        13               0.02
611      361.38037     -  361.38037      -4.76434388465        7               0.0
612      361.39037     -  362.09032      -4.59370294323        10               0.69995
613      362.10032     -  362.63036      -4.76434388465        7               0.53004
614      362.64037     -  362.93037      -4.59370294323        10               0.29
615      362.94037     -  363.05036      -4.76434388465        7               0.10999
616      363.06037     -  363.74033      -4.59370294323        10               0.67996
617      363.75037     -  363.77038      -5.1020457549        4               0.02001
618      363.78033     -  363.78033      -5.17980191372        8               0.0
619      363.79179     -  363.86037      -5.26041637214        1               0.06858
620      363.87033     -  363.87033      -5.37271194179        15               0.0
621      363.88037     -  363.91033      -5.26041637214        1               0.02996
622      363.92037     -  364.00033      -5.33361759099        11               0.07996
623      364.01033     -  364.10037      -5.26041637214        1               0.09004
624      364.11037     -  364.11037      -5.37271194179        15               0.0
625      364.12037     -  364.20037      -5.17980191372        8               0.08
626      364.21037     -  364.31033      -5.26041637214        1               0.09996
627      364.32054     -  364.34032      -5.17980191372        8               0.01978
628      364.35037     -  364.41033      -5.26041637214        1               0.05996
629      364.42037     -  364.48032      -5.17980191372        8               0.05995
630      364.49032     -  364.52037      -5.26041637214        1               0.03005
631      364.53038     -  364.62036      -5.17980191372        8               0.08998
632      364.63037     -  364.66036      -5.1020457549        4               0.02999
633      364.67033     -  364.69038      -5.37271194179        15               0.02005
634      364.70032     -  364.80036      -5.41360411549        3               0.10004
635      364.81037     -  364.84036      -5.5010989412        12               0.02999
636      364.85038     -  364.87037      -5.35296181118        5               0.01999
637      364.88036     -  365.05032      -3.57535681774        9               0.16996
638      365.09284     -  365.10033      -4.49231675832        2               0.00748999999996
639      365.11033     -  365.17033      -3.57535681774        9               0.06
640      365.18041     -  365.24038      -5.35296181118        5               0.05997
641      365.25038     -  365.3206      -4.49231675832        2               0.07022
642      365.33038     -  365.41078      -3.57535681774        9               0.0804
643      365.42037     -  365.42037      -4.49231675832        2               0.0
644      365.43033     -  365.47037      -3.57535681774        9               0.04004
645      365.48038     -  365.51033      -4.49231675832        2               0.02995
646      365.52038     -  365.61033      -3.57535681774        9               0.08995
647      365.62033     -  365.64038      -5.35296181118        5               0.02005
648      365.65126     -  365.71031      -4.49231675832        2               0.05905
649      365.72032     -  365.75559      -3.57535681774        9               0.03527
650      365.77531     -  365.78044      -5.35296181118        5               0.00513000000001
651      365.85137     -  365.87526      -4.49231675832        2               0.0238900000001
652      365.91502     -  365.93069      -3.57535681774        9               0.01567
653      365.95988     -  365.95988      -4.49231675832        2               0.0
654      365.97033     -  366.0305      -5.1020457549        4               0.06017
655      366.04176     -  366.09055      -4.49231675832        2               0.04879
656      366.10037     -  366.37521      -3.57535681774        9               0.27484
657      366.38037     -  366.38037      -4.49231675832        2               0.0
658      366.41323     -  366.45069      -3.57535681774        9               0.03746
659      366.47531     -  366.49037      -5.35296181118        5               0.01506
660      366.5346     -  366.5346      -4.49231675832        2               0.0
661      366.55521     -  366.84054      -3.57535681774        9               0.28533
662      366.87972     -  366.91033      -5.35296181118        5               0.03061
663      366.94391     -  367.20069      -3.57535681774        9               0.25678
664      367.22531     -  367.24033      -5.35296181118        5               0.01502
665      367.27687     -  367.27687      -3.57535681774        9               0.0
666      367.30528     -  367.31032      -4.49231675832        2               0.00504000000001
667      367.35464     -  367.40063      -3.57535681774        9               0.04599
668      367.43438     -  367.44032      -4.49231675832        2               0.00594000000001
669      367.45036     -  367.47032      -4.76434388465        7               0.01996
670      367.48037     -  367.48037      -4.49231675832        2               0.0
671      367.49031     -  367.53036      -5.1020457549        4               0.04005
672      367.54175     -  367.55031      -4.93590909775        13               0.00856000000005
673      367.56074     -  367.69033      -4.49231675832        2               0.12959
674      367.70033     -  368.24033      -5.41360411549        3               0.54
675      368.25032     -  368.31032      -5.33361759099        11               0.06
676      368.32053     -  368.46033      -5.41360411549        3               0.1398
677      368.47032     -  368.65041      -5.5010989412        12               0.18009
678      368.66037     -  368.66037      -5.35296181118        5               0.0
679      368.67033     -  368.69037      -5.5010989412        12               0.02004
680      368.70032     -  368.90033      -5.41360411549        3               0.20001
681      368.91037     -  368.97037      -5.33361759099        11               0.06
682      368.98037     -  369.04033      -5.41360411549        3               0.05996
683      369.05032     -  369.12033      -5.33361759099        11               0.07001
684      369.13037     -  369.27036      -5.26041637214        1               0.13999
685      369.28033     -  369.35032      -5.17980191372        8               0.06999
686      369.36037     -  369.37032      -5.37271194179        15               0.00995
687      369.38032     -  369.40037      -5.1020457549        4               0.02005
688      369.41032     -  369.43032      -4.93590909775        13               0.02
689      369.44032     -  369.44032      -4.76434388465        7               0.0
690      369.45062     -  369.48037      -5.26041637214        1               0.02975
691      369.49037     -  369.59037      -5.33361759099        11               0.1
692      369.60037     -  369.88032      -5.26041637214        1               0.27995
693      369.89037     -  370.01033      -5.33361759099        11               0.11996
694      370.02032     -  370.07032      -5.26041637214        1               0.05
695      370.08037     -  370.15126      -5.33361759099        11               0.07089
696      370.16037     -  370.17037      -5.26041637214        1               0.00999999999999
697      370.18037     -  370.18037      -5.17980191372        8               0.0
698      370.19037     -  370.22032      -4.76434388465        7               0.02995
699      370.23037     -  370.23037      -5.17980191372        8               0.0
700      370.24037     -  370.30036      -5.26041637214        1               0.05999
701      370.31037     -  370.40126      -5.33361759099        11               0.09089
702      370.41032     -  370.43033      -5.26041637214        1               0.02001
703      370.44032     -  370.65033      -5.37271194179        15               0.21001
704      370.66032     -  370.74032      -5.26041637214        1               0.08
705      370.75033     -  370.79037      -5.17980191372        8               0.04004
706      370.80032     -  370.80032      -4.76434388465        7               0.0
707      370.81033     -  370.82048      -5.1020457549        4               0.01015
708      370.83037     -  370.85037      -5.37271194179        15               0.02
709      370.86036     -  370.87037      -5.26041637214        1               0.01001
710      370.88036     -  370.90123      -5.17980191372        8               0.02087
711      370.91037     -  370.94031      -5.37271194179        15               0.02994
712      370.95033     -  370.99033      -5.17980191372        8               0.04
713      371.00037     -  371.01078      -5.37271194179        15               0.01041
714      371.02037     -  371.06032      -5.1020457549        4               0.03995
715      371.07033     -  371.20036      -4.93590909775        13               0.13003
716      371.21033     -  371.25037      -5.1020457549        4               0.04004
717      371.26077     -  371.30037      -5.17980191372        8               0.0396
718      371.31033     -  371.39033      -5.26041637214        1               0.08
719      371.40129     -  371.46037      -5.5010989412        12               0.05908
720      371.47037     -  371.57033      -5.37271194179        15               0.09996
721      371.58037     -  371.61037      -5.57265326585        6               0.03
722      371.62032     -  371.66037      -5.37271194179        15               0.04005
723      371.67033     -  371.70032      -5.1020457549        4               0.02999
724      371.71037     -  371.72032      -5.37271194179        15               0.00995
725      371.73037     -  371.76037      -5.26041637214        1               0.03
726      371.77033     -  371.86032      -5.17980191372        8               0.08999
727      371.87056     -  371.90131      -5.26041637214        1               0.03075
728      371.91037     -  371.97033      -5.37271194179        15               0.05996
729      371.98032     -  372.09033      -5.1020457549        4               0.11001
730      372.10036     -  372.14041      -5.17980191372        8               0.04005
731      372.15033     -  372.31033      -5.41360411549        3               0.16
732      372.32036     -  372.33033      -5.17980191372        8               0.00997000000001
733      372.34036     -  372.36032      -5.37271194179        15               0.01996
734      372.37032     -  372.59036      -5.17980191372        8               0.22004
735      372.60032     -  372.68033      -5.26041637214        1               0.08001
736      372.69032     -  372.69032      -5.37271194179        15               0.0
737      372.70033     -  372.79032      -5.17980191372        8               0.08999
738      372.80033     -  372.84033      -5.33361759099        11               0.04
739      372.85032     -  372.88033      -5.41360411549        3               0.03001
740      372.89032     -  372.91036      -5.5010989412        12               0.0200400000001
741      372.92037     -  372.92037      -5.35296181118        5               0.0
742      372.93031     -  372.95035      -5.5010989412        12               0.02004
743      372.96036     -  372.98036      -5.57265326585        6               0.02
744      372.99036     -  373.09032      -5.37271194179        15               0.09996
745      373.10033     -  373.22032      -5.57265326585        6               0.11999
746      373.23037     -  373.58033      -5.76522669337        0               0.34996
747      373.59045     -  373.65127      -5.64163055184        14               0.06082
748      373.66038     -  373.74038      -5.76522669337        0               0.08
749      373.75036     -  373.77031      -5.26041637214        1               0.01995
750      373.78041     -  373.81036      -5.1020457549        4               0.02995
751      373.82038     -  373.83036      -5.37271194179        15               0.00997999999998
752      373.84042     -  373.91033      -5.26041637214        1               0.06991
753      373.92033     -  374.00033      -5.33361759099        11               0.08
754      374.01033     -  374.08037      -5.37271194179        15               0.07004
755      374.09033     -  374.26081      -5.26041637214        1               0.17048
756      374.27037     -  374.31033      -5.37271194179        15               0.03996
757      374.32037     -  374.71037      -5.57265326585        6               0.39
758      374.72031     -  375.01079      -5.5010989412        12               0.29048
759      375.02033     -  375.11033      -5.41360411549        3               0.09
760      375.12032     -  375.52032      -5.5010989412        12               0.4
761      375.53045     -  375.53045      -5.35296181118        5               0.0
762      375.54037     -  375.57038      -3.57535681774        9               0.03001
763      375.58037     -  375.62037      -4.49231675832        2               0.04
764      375.63038     -  375.70032      -3.57535681774        9               0.06994
765      375.71033     -  375.80036      -4.49231675832        2               0.09003
766      375.81032     -  375.8507      -3.57535681774        9               0.04038
767      375.87566     -  375.92033      -4.49231675832        2               0.04467
768      375.93033     -  375.96037      -3.57535681774        9               0.03004
769      375.97038     -  375.97038      -4.49231675832        2               0.0
770      375.98033     -  375.99031      -5.35296181118        5               0.00998000000004
771      376.00033     -  376.01033      -4.49231675832        2               0.00999999999999
772      376.02033     -  376.04033      -3.57535681774        9               0.02
773      376.05038     -  376.06038      -5.35296181118        5               0.00999999999999
774      376.07038     -  376.07038      -4.49231675832        2               0.0
775      376.08038     -  376.22047      -3.57535681774        9               0.14009
776      376.23033     -  376.25033      -4.49231675832        2               0.02
777      376.26038     -  376.38033      -3.57535681774        9               0.11995
778      376.39033     -  376.39033      -4.49231675832        2               0.0
779      376.40033     -  376.50038      -3.57535681774        9               0.10005
780      376.51083     -  376.51083      -4.49231675832        2               0.0
781      376.52036     -  376.63069      -3.57535681774        9               0.11033
782      376.65737     -  376.65737      -4.49231675832        2               0.0
783      376.67032     -  376.71393      -3.57535681774        9               0.04361
784      376.75473     -  376.88531      -5.35296181118        5               0.13058
785      376.89033     -  376.92079      -3.57535681774        9               0.03046
786      376.94532     -  376.95033      -4.49231675832        2               0.00501000000003
787      376.99459     -  377.41069      -3.57535681774        9               0.4161
788      377.44441     -  377.46033      -5.35296181118        5               0.01592
789      377.47033     -  377.49037      -5.5010989412        12               0.02004
790      377.50032     -  377.63037      -5.41360411549        3               0.13005
791      377.64037     -  377.66033      -5.35296181118        5               0.01996
792      377.67033     -  378.34036      -5.76522669337        0               0.67003
793      378.35032     -  378.43032      -5.5010989412        12               0.08
794      378.44036     -  378.73032      -5.26041637214        1               0.28996
795      378.74032     -  378.81036      -5.33361759099        11               0.07004
796      378.82032     -  378.89036      -5.41360411549        3               0.07004
797      378.90037     -  378.94032      -5.33361759099        11               0.03995
798      378.95037     -  379.11032      -5.41360411549        3               0.15995
799      379.12036     -  379.38032      -5.5010989412        12               0.25996
800      379.39036     -  380.17032      -5.57265326585        6               0.77996
801      380.18032     -  380.58037      -5.5010989412        12               0.40005
802      380.59037     -  380.71037      -5.41360411549        3               0.12
803      380.72036     -  380.78045      -5.1020457549        4               0.0600899999999
804      380.79176     -  380.80037      -5.37271194179        15               0.00860999999998
805      380.81032     -  380.84032      -5.26041637214        1               0.03
806      380.85032     -  380.94037      -5.17980191372        8               0.09005
807      380.95032     -  381.22037      -5.26041637214        1               0.27005
808      381.23037     -  381.38032      -5.17980191372        8               0.14995
809      381.39032     -  381.41032      -5.37271194179        15               0.02
810      381.42037     -  381.47032      -5.26041637214        1               0.04995
811      381.48037     -  381.71037      -5.1020457549        4               0.23
812      381.72032     -  381.72032      -5.37271194179        15               0.0
813      381.73032     -  381.77032      -5.17980191372        8               0.04
814      381.78061     -  381.99032      -5.41360411549        3               0.20971
815      382.00037     -  382.06037      -5.17980191372        8               0.06
816      382.07051     -  382.07051      -5.1020457549        4               0.0
817      382.08037     -  382.24037      -4.93590909775        13               0.16
818      382.25032     -  382.28061      -5.1020457549        4               0.03029
819      382.2918     -  382.42032      -5.17980191372        8               0.12852
820      382.43048     -  382.61032      -5.1020457549        4               0.17984
821      382.62037     -  382.62037      -5.37271194179        15               0.0
822      382.63031     -  383.44032      -5.1020457549        4               0.81001
823      383.45032     -  383.55032      -4.93590909775        13               0.1
824      383.56037     -  383.60037      -4.76434388465        7               0.04
825      383.61037     -  383.64033      -5.1020457549        4               0.02996
826      383.65032     -  383.67031      -4.93590909775        13               0.01999
827      383.68031     -  383.68031      -4.49231675832        2               0.0
828      383.69035     -  383.83033      -4.93590909775        13               0.13998
829      383.84036     -  383.84036      -4.76434388465        7               0.0
830      383.85037     -  383.86037      -4.49231675832        2               0.00999999999999
831      383.87033     -  383.96033      -4.93590909775        13               0.09
832      383.97037     -  383.99037      -4.76434388465        7               0.02
833      384.00037     -  384.04115      -4.93590909775        13               0.04078
834      384.05036     -  384.05036      -4.76434388465        7               0.0
835      384.06037     -  384.14032      -4.93590909775        13               0.07995
836      384.15033     -  384.19037      -4.76434388465        7               0.04004
837      384.20037     -  384.27032      -4.93590909775        13               0.06995
838      384.28037     -  384.29036      -4.76434388465        7               0.00999000000002
839      384.30037     -  384.31032      -4.59370294323        10               0.00995
840      384.32055     -  384.35037      -4.76434388465        7               0.02982
841      384.36032     -  384.38032      -4.93590909775        13               0.02
842      384.39032     -  384.42032      -4.76434388465        7               0.03
843      384.43043     -  384.69032      -4.93590909775        13               0.25989
844      384.70037     -  384.74032      -5.1020457549        4               0.03995
845      384.75037     -  384.93043      -4.93590909775        13               0.18006
846      384.94037     -  384.97037      -5.1020457549        4               0.03
847      384.98037     -  385.10031      -4.93590909775        13               0.11994
848      385.11037     -  385.12032      -5.1020457549        4               0.00995
849      385.13031     -  385.35037      -4.93590909775        13               0.22006
850      385.36036     -  385.39032      -4.76434388465        7               0.02996
851      385.40142     -  385.58032      -4.93590909775        13               0.1789
852      385.59032     -  385.63036      -4.76434388465        7               0.04004
853      385.64037     -  385.67032      -4.93590909775        13               0.02995
854      385.68032     -  385.68032      -4.76434388465        7               0.0
855      385.69032     -  385.71037      -5.1020457549        4               0.02005
856      385.72037     -  385.75032      -4.49231675832        2               0.02995
857      385.76032     -  385.84032      -4.76434388465        7               0.08
858      385.85037     -  385.85037      -4.49231675832        2               0.0
859      385.86037     -  385.91032      -4.93590909775        13               0.04995
860      385.92032     -  385.96032      -5.1020457549        4               0.04
861      385.97032     -  386.03037      -4.49231675832        2               0.06005
862      386.04116     -  386.12032      -4.93590909775        13               0.07916
863      386.13035     -  386.13035      -4.76434388465        7               0.0
864      386.14032     -  386.14032      -4.49231675832        2               0.0
865      386.15033     -  386.20032      -4.93590909775        13               0.04999
866      386.21037     -  386.32037      -5.1020457549        4               0.11
867      386.33037     -  386.37032      -4.93590909775        13               0.03995
868      386.38032     -  386.45032      -5.1020457549        4               0.07
869      386.46036     -  386.46036      -4.49231675832        2               0.0
870      386.47036     -  386.50037      -5.35296181118        5               0.0300099999999
871      386.51037     -  386.60032      -5.5010989412        12               0.08995
872      386.61032     -  386.83037      -5.35296181118        5               0.22005
873      386.84032     -  386.92037      -5.1020457549        4               0.08005
874      386.93047     -  386.95037      -5.37271194179        15               0.0199
875      386.96036     -  386.96036      -5.1020457549        4               0.0
876      386.97037     -  386.98032      -4.93590909775        13               0.00995
877      386.99032     -  387.04032      -5.1020457549        4               0.05
878      387.05037     -  387.07037      -5.37271194179        15               0.02
879      387.08057     -  387.10032      -5.26041637214        1               0.01975
880      387.11032     -  387.17079      -5.1020457549        4               0.06047
881      387.18032     -  387.23037      -5.37271194179        15               0.05005
882      387.24032     -  387.26032      -5.26041637214        1               0.02
883      387.27032     -  387.53037      -5.1020457549        4               0.26005
884      387.54037     -  387.64037      -5.37271194179        15               0.1
885      387.65037     -  387.71032      -5.1020457549        4               0.05995
886      387.72032     -  387.73032      -4.49231675832        2               0.00999999999999
887      387.74032     -  387.82037      -5.41360411549        3               0.08005
888      387.83037     -  387.90145      -5.33361759099        11               0.07108
889      387.91032     -  387.93046      -5.17980191372        8               0.02014
890      387.94037     -  388.00037      -5.26041637214        1               0.06
891      388.01032     -  388.03037      -5.5010989412        12               0.02005
892      388.04032     -  388.09037      -5.35296181118        5               0.05005
893      388.10037     -  388.19032      -5.76522669337        0               0.08995
894      388.20037     -  388.20037      -5.35296181118        5               0.0
895      388.21036     -  388.28032      -5.5010989412        12               0.06996
896      388.29037     -  388.31037      -5.26041637214        1               0.02
897      388.32037     -  388.35037      -5.37271194179        15               0.03
898      388.36037     -  388.39032      -5.26041637214        1               0.02995
899      388.40037     -  388.59037      -5.5010989412        12               0.19
900      388.60036     -  388.70033      -5.26041637214        1               0.09997
901      388.71037     -  388.83037      -5.1020457549        4               0.12
902      388.84037     -  388.87062      -5.37271194179        15               0.03025
903      388.88032     -  388.91039      -5.57265326585        6               0.03007
904      388.92037     -  388.93037      -5.37271194179        15               0.00999999999999
905      388.94037     -  389.01093      -5.26041637214        1               0.07056
906      389.02032     -  389.08031      -5.17980191372        8               0.05999
907      389.09035     -  389.14036      -5.37271194179        15               0.05001
908      389.15036     -  389.19032      -5.26041637214        1               0.03996
909      389.20033     -  389.20033      -5.37271194179        15               0.0
910      389.21037     -  389.21037      -5.1020457549        4               0.0
911      389.22037     -  389.48037      -4.93590909775        13               0.26
912      389.49037     -  389.65032      -5.1020457549        4               0.15995
913      389.66037     -  389.99032      -5.37271194179        15               0.32995
914      390.00032     -  390.02032      -5.26041637214        1               0.02
915      390.03037     -  390.12032      -5.5010989412        12               0.08995
916      390.13037     -  390.15149      -5.26041637214        1               0.02112
917      390.16037     -  390.18042      -5.37271194179        15               0.02005
918      390.19036     -  390.26032      -5.17980191372        8               0.06996
919      390.27032     -  390.59037      -5.26041637214        1               0.32005
920      390.60031     -  390.63037      -5.37271194179        15               0.03006
921      390.64037     -  390.66032      -5.1020457549        4               0.01995
922      390.67037     -  390.69032      -5.37271194179        15               0.01995
923      390.70032     -  390.72032      -5.26041637214        1               0.02
924      390.73037     -  390.76037      -5.17980191372        8               0.03
925      390.77032     -  390.77032      -5.37271194179        15               0.0
926      390.78037     -  390.85036      -5.26041637214        1               0.06999
927      390.86032     -  390.94037      -5.5010989412        12               0.08005
928      390.95037     -  390.98032      -5.26041637214        1               0.02995
929      390.99037     -  391.00032      -5.17980191372        8               0.00995
930      391.01037     -  391.10037      -5.37271194179        15               0.09
931      391.11032     -  391.13032      -5.26041637214        1               0.02
932      391.14032     -  391.16032      -5.33361759099        11               0.02
933      391.17032     -  391.41037      -5.41360411549        3               0.24005
934      391.42032     -  391.49037      -5.5010989412        12               0.07005
935      391.50032     -  391.81037      -5.57265326585        6               0.31005
936      391.82036     -  392.06037      -5.33361759099        11               0.24001
937      392.07036     -  392.16037      -5.26041637214        1               0.09001
938      392.17037     -  392.17037      -5.37271194179        15               0.0
939      392.18046     -  392.23032      -5.26041637214        1               0.04986
940      392.24032     -  392.27032      -5.37271194179        15               0.03
941      392.28037     -  392.32032      -5.26041637214        1               0.03995
942      392.33032     -  392.38037      -5.33361759099        11               0.0500500000001
943      392.39037     -  392.54036      -5.41360411549        3               0.14999
944      392.55032     -  392.66032      -5.5010989412        12               0.11
945      392.67037     -  392.72037      -5.35296181118        5               0.05
946      392.73037     -  392.76037      -5.76522669337        0               0.03
947      392.77037     -  392.77037      -5.35296181118        5               0.0
948      392.78032     -  393.06037      -5.76522669337        0               0.28005
949      393.07048     -  393.08032      -5.17980191372        8               0.00984
950      393.09037     -  393.30036      -5.76522669337        0               0.20999
951      393.31037     -  393.32032      -5.26041637214        1               0.00995
952      393.33032     -  393.62032      -5.37271194179        15               0.29
953      393.63032     -  393.72037      -5.64163055184        14               0.09005
954      393.73032     -  393.76091      -5.41360411549        3               0.03059
955      393.77032     -  393.88032      -5.5010989412        12               0.11
956      393.89032     -  394.01032      -5.37271194179        15               0.12
957      394.02032     -  394.49032      -5.57265326585        6               0.47
958      394.50037     -  395.02037      -5.37271194179        15               0.52
959      395.03036     -  395.07036      -5.26041637214        1               0.04
960      395.08033     -  395.28032      -5.33361759099        11               0.19999
961      395.29119     -  395.35036      -5.37271194179        15               0.0591700000001
962      395.36031     -  395.40152      -5.26041637214        1               0.04121
963      395.41036     -  395.48033      -5.37271194179        15               0.06997
964      395.49031     -  395.65032      -5.41360411549        3               0.16001
965      395.66037     -  395.71032      -5.33361759099        11               0.04995
966      395.72037     -  395.89032      -5.41360411549        3               0.16995
967      395.90037     -  395.93036      -5.33361759099        11               0.02999
968      395.94037     -  395.96032      -5.17980191372        8               0.0199500000001
969      395.97032     -  395.99036      -5.37271194179        15               0.02004
970      396.00032     -  396.24037      -5.17980191372        8               0.24005
971      396.25036     -  396.45032      -5.26041637214        1               0.19996
972      396.46037     -  396.59032      -5.5010989412        12               0.12995
973      396.60037     -  396.77036      -5.41360411549        3               0.16999
974      396.78037     -  396.87037      -5.33361759099        11               0.09
975      396.88033     -  396.98032      -5.37271194179        15               0.09999
976      396.99037     -  397.00032      -5.26041637214        1               0.00995
977      397.01032     -  397.16032      -5.33361759099        11               0.15
978      397.17032     -  397.19032      -5.57265326585        6               0.02
979      397.20032     -  397.28033      -5.41360411549        3               0.08001
980      397.29119     -  397.31036      -5.76522669337        0               0.01917
981      397.32048     -  397.61037      -5.41360411549        3               0.28989
982      397.62037     -  397.67032      -5.5010989412        12               0.04995
983      397.68037     -  397.93032      -5.35296181118        5               0.24995
984      397.94036     -  398.02036      -5.5010989412        12               0.08
985      398.03037     -  398.84032      -5.57265326585        6               0.80995
986      398.85036     -  398.86037      -5.37271194179        15               0.01001
987      398.87033     -  399.07037      -5.41360411549        3               0.20004
988      399.08037     -  399.36032      -5.5010989412        12               0.27995
989      399.37037     -  399.56037      -5.26041637214        1               0.19
990      399.57037     -  399.57037      -4.76434388465        7               0.0
991      399.58032     -  399.65033      -5.17980191372        8               0.07001
992      399.66037     -  399.72037      -5.33361759099        11               0.06
993      399.73037     -  399.76037      -5.26041637214        1               0.03
994      399.77041     -  399.82037      -5.17980191372        8               0.04996
995      399.83032     -  399.93037      -5.33361759099        11               0.10005
 
Means and total domain of each hidden state
---------------------------------------
0th hidden state
total number with this hidden state =  22
mean =  [-5.76522669]
total time_domain =  3.89928

1th hidden state
total number with this hidden state =  136
mean =  [-5.26041637]
total time_domain =  11.00128

2th hidden state
total number with this hidden state =  53
mean =  [-4.49231676]
total time_domain =  1.00772

3th hidden state
total number with this hidden state =  69
mean =  [-5.41360412]
total time_domain =  10.91921

4th hidden state
total number with this hidden state =  98
mean =  [-5.10204575]
total time_domain =  6.72926

5th hidden state
total number with this hidden state =  55
mean =  [-5.35296181]
total time_domain =  2.4232

6th hidden state
total number with this hidden state =  28
mean =  [-5.57265327]
total time_domain =  5.50119

7th hidden state
total number with this hidden state =  56
mean =  [-4.76434388]
total time_domain =  2.44715

8th hidden state
total number with this hidden state =  93
mean =  [-5.17980191]
total time_domain =  5.83113

9th hidden state
total number with this hidden state =  28
mean =  [-3.57535682]
total time_domain =  3.06431

10th hidden state
total number with this hidden state =  7
mean =  [-4.59370294]
total time_domain =  1.89988

11th hidden state
total number with this hidden state =  70
mean =  [-5.33361759]
total time_domain =  7.98348

12th hidden state
total number with this hidden state =  66
mean =  [-5.50109894]
total time_domain =  7.71828

13th hidden state
total number with this hidden state =  68
mean =  [-4.9359091]
total time_domain =  6.92598

14th hidden state
total number with this hidden state =  14
mean =  [-5.64163055]
total time_domain =  4.62077

15th hidden state
total number with this hidden state =  133
mean =  [-5.37271194]
total time_domain =  7.27569

