Number of Rows
--------------
9997
 
Hidden States
-------------
[11 11 11 ...  9  9  9]
 
Record of all hidden state
**********************************
No.     TIME Start  -  TIME End      VALUE           Hidden State {}th       Time domain
0      0.04458     -  0.31037      -6.18690291383        11               0.26579
1      0.32045     -  0.32045      -5.2387455937        12               0.0
2      0.33067     -  0.44037      -5.40290671147        15               0.1097
3      0.45032     -  0.89046      -6.18690291383        11               0.44014
4      0.90036     -  1.09032      -6.06686729687        3               0.18996
5      1.10032     -  1.15032      -5.89853949248        2               0.05
6      1.16046     -  1.27036      -6.06686729687        3               0.1099
7      1.28032     -  1.43037      -6.18690291383        11               0.15005
8      1.44037     -  1.57033      -6.00989697704        10               0.12996
9      1.58037     -  1.60037      -5.89853949248        2               0.02
10      1.61037     -  3.53032      -6.18690291383        11               1.91995
11      3.54037     -  4.31037      -6.06686729687        3               0.77
12      4.32032     -  4.59032      -6.18690291383        11               0.27
13      4.60032     -  5.57032      -6.00989697704        10               0.97
14      5.58033     -  5.60037      -5.89853949248        2               0.02004
15      5.61033     -  6.0004      -6.06686729687        3               0.39007
16      6.01033     -  6.22033      -6.18690291383        11               0.21
17      6.23033     -  7.37032      -6.06686729687        3               1.13999
18      7.38037     -  7.41037      -5.89853949248        2               0.03
19      7.42037     -  7.49032      -6.06686729687        3               0.06995
20      7.50041     -  7.57032      -5.94920450776        8               0.06991
21      7.58077     -  7.58077      -5.89373198741        13               0.0
22      7.59032     -  7.96037      -5.89305177174        4               0.37005
23      7.97131     -  8.10032      -5.8273373556        0               0.12901
24      8.11037     -  8.41037      -5.89305177174        4               0.3
25      8.42031     -  8.49033      -5.8273373556        0               0.07002
26      8.50036     -  9.33037      -5.89305177174        4               0.83001
27      9.34033     -  9.38037      -5.8273373556        0               0.04004
28      9.39032     -  9.73032      -5.94920450776        8               0.34
29      9.74037     -  9.74037      -5.89373198741        13               0.0
30      9.75037     -  9.79032      -5.89305177174        4               0.03995
31      9.80033     -  9.93032      -5.8273373556        0               0.12999
32      9.94037     -  9.96033      -5.89305177174        4               0.01996
33      9.97131     -  10.18032      -5.8273373556        0               0.20901
34      10.19037     -  10.48032      -5.89305177174        4               0.28995
35      10.49032     -  10.58073      -5.68090955417        9               0.09041
36      10.59033     -  10.63032      -5.89373198741        13               0.03999
37      10.64032     -  10.66056      -5.68090955417        9               0.02024
38      10.67037     -  10.68032      -5.89373198741        13               0.00995
39      10.69033     -  10.87033      -5.94920450776        8               0.18
40      10.88037     -  10.88037      -5.89373198741        13               0.0
41      10.89059     -  11.00037      -5.89305177174        4               0.10978
42      11.01033     -  11.17036      -5.8273373556        0               0.16003
43      11.18036     -  11.35036      -5.89305177174        4               0.17
44      11.36176     -  11.42037      -5.8273373556        0               0.05861
45      11.43037     -  12.18032      -5.89305177174        4               0.74995
46      12.19036     -  12.23031      -5.8273373556        0               0.03995
47      12.24033     -  12.65032      -5.89305177174        4               0.40999
48      12.66033     -  12.66033      -5.89373198741        13               0.0
49      12.67032     -  13.05032      -6.00989697704        10               0.38
50      13.06033     -  13.06033      -5.40290671147        15               0.0
51      13.07032     -  13.25038      -4.82256446345        6               0.18006
52      13.26038     -  13.27038      -5.40290671147        15               0.01
53      13.28038     -  13.44061      -5.89305177174        4               0.16023
54      13.45032     -  13.45032      -5.68090955417        9               0.0
55      13.46038     -  13.47037      -5.54731695247        7               0.00999
56      13.48033     -  13.59032      -5.68090955417        9               0.10999
57      13.60038     -  13.81037      -5.77747011791        14               0.20999
58      13.82033     -  13.87037      -5.94920450776        8               0.05004
59      13.88033     -  13.88033      -5.89373198741        13               0.0
60      13.89054     -  14.09033      -5.89305177174        4               0.19979
61      14.10032     -  14.23032      -5.68090955417        9               0.13
62      14.24037     -  14.41032      -5.8273373556        0               0.16995
63      14.42037     -  14.47037      -5.89305177174        4               0.05
64      14.48037     -  14.57032      -5.8273373556        0               0.08995
65      14.58077     -  14.95036      -5.89305177174        4               0.36959
66      14.96033     -  14.96033      -5.89373198741        13               0.0
67      14.97133     -  15.88038      -6.00989697704        10               0.90905
68      15.89038     -  16.03032      -5.94920450776        8               0.13994
69      16.04037     -  16.09033      -5.89373198741        13               0.04996
70      16.10038     -  16.18038      -6.00989697704        10               0.08
71      16.19033     -  16.31033      -5.8273373556        0               0.12
72      16.32038     -  16.34033      -5.94920450776        8               0.01995
73      16.35033     -  16.37037      -5.89373198741        13               0.02004
74      16.38033     -  16.45033      -6.00989697704        10               0.07
75      16.46036     -  16.62036      -5.89305177174        4               0.16
76      16.63033     -  16.67032      -5.68090955417        9               0.03999
77      16.68033     -  16.74033      -5.77747011791        14               0.06
78      16.75037     -  16.83104      -5.54731695247        7               0.08067
79      16.84032     -  16.85037      -5.68090955417        9               0.01005
80      16.86178     -  16.93036      -5.89305177174        4               0.06858
81      16.94033     -  17.26033      -5.8273373556        0               0.32
82      17.27037     -  17.33037      -5.94920450776        8               0.06
83      17.34033     -  17.34033      -5.89373198741        13               0.0
84      17.35037     -  17.43037      -5.89305177174        4               0.08
85      17.44079     -  17.46036      -5.8273373556        0               0.01957
86      17.47038     -  18.10036      -5.77747011791        14               0.62998
87      18.1118     -  18.45037      -5.8273373556        0               0.33857
88      18.46036     -  18.53033      -5.89305177174        4               0.06997
89      18.54036     -  18.73031      -5.8273373556        0               0.18995
90      18.74033     -  19.32038      -5.77747011791        14               0.58005
91      19.33032     -  19.45038      -5.8273373556        0               0.12006
92      19.46036     -  19.56033      -5.89305177174        4               0.09997
93      19.57032     -  19.76033      -5.8273373556        0               0.19001
94      19.77033     -  20.83106      -5.94920450776        8               1.06073
95      20.84032     -  21.15032      -5.8273373556        0               0.31
96      21.16032     -  21.20031      -5.68090955417        9               0.03999
97      21.21037     -  21.37038      -5.89305177174        4               0.16001
98      21.38032     -  21.57033      -5.8273373556        0               0.19001
99      21.58038     -  21.59037      -5.40290671147        15               0.00999
100      21.60033     -  21.84037      -6.00989697704        10               0.24004
101      21.85035     -  21.85035      -5.40290671147        15               0.0
102      21.86033     -  21.95033      -6.00989697704        10               0.09
103      21.96037     -  21.96037      -5.40290671147        15               0.0
104      21.97134     -  22.09038      -5.77747011791        14               0.11904
105      22.10038     -  22.13033      -5.54731695247        7               0.02995
106      22.14053     -  22.17033      -5.68090955417        9               0.0298
107      22.18033     -  22.27033      -5.54731695247        7               0.09
108      22.28033     -  22.37036      -5.68090955417        9               0.09003
109      22.38037     -  22.40032      -5.54731695247        7               0.01995
110      22.41032     -  22.49038      -5.68090955417        9               0.08006
111      22.50044     -  22.50044      -5.89373198741        13               0.0
112      22.51031     -  22.59033      -6.00989697704        10               0.08002
113      22.60032     -  22.68037      -5.89853949248        2               0.08005
114      22.69032     -  22.93033      -6.00989697704        10               0.24001
115      22.94032     -  23.15037      -5.8273373556        0               0.21005
116      23.16036     -  23.17033      -5.68090955417        9               0.00997
117      23.18036     -  23.27033      -5.89305177174        4               0.08997
118      23.28036     -  23.37037      -5.8273373556        0               0.09001
119      23.38032     -  23.39037      -5.89853949248        2               0.01005
120      23.40036     -  23.56032      -6.06686729687        3               0.15996
121      23.57038     -  23.90036      -5.94920450776        8               0.32998
122      23.91037     -  24.06032      -6.06686729687        3               0.14995
123      24.07032     -  24.23036      -5.94920450776        8               0.16004
124      24.24033     -  24.24033      -5.89373198741        13               0.0
125      24.25037     -  24.27032      -5.68090955417        9               0.01995
126      24.28033     -  24.28033      -5.40290671147        15               0.0
127      24.29032     -  24.36114      -6.00989697704        10               0.07082
128      24.37032     -  24.37032      -5.89853949248        2               0.0
129      24.38037     -  24.40037      -6.06686729687        3               0.02
130      24.41036     -  24.5808      -5.77747011791        14               0.17044
131      24.59037     -  24.66032      -6.00989697704        10               0.06995
132      24.67033     -  24.71033      -5.89305177174        4               0.04
133      24.72134     -  24.82036      -5.8273373556        0               0.09902
134      24.83038     -  24.85033      -5.77747011791        14               0.01995
135      24.86108     -  24.99078      -6.00989697704        10               0.1297
136      25.00032     -  25.00032      -5.40290671147        15               0.0
137      25.01037     -  25.01037      -5.89853949248        2               0.0
138      25.02036     -  25.06032      -6.00989697704        10               0.03996
139      25.07033     -  25.08032      -5.40290671147        15               0.00999
140      25.09033     -  25.41033      -6.00989697704        10               0.32
141      25.42032     -  25.69032      -5.94920450776        8               0.27
142      25.70033     -  25.91032      -6.06686729687        3               0.20999
143      25.92037     -  26.11114      -5.94920450776        8               0.19077
144      26.12037     -  26.13037      -5.89373198741        13               0.01
145      26.14055     -  26.18036      -5.40290671147        15               0.03981
146      26.19037     -  26.26032      -5.89853949248        2               0.06995
147      26.27033     -  26.29037      -5.40290671147        15               0.02004
148      26.30036     -  26.39032      -5.2387455937        12               0.08996
149      26.40037     -  26.40037      -5.89853949248        2               0.0
150      26.41036     -  26.47036      -6.06686729687        3               0.06
151      26.48037     -  26.58037      -5.89853949248        2               0.1
152      26.59032     -  27.11038      -6.06686729687        3               0.52006
153      27.12036     -  27.13033      -5.89853949248        2               0.00997
154      27.14054     -  27.42033      -6.06686729687        3               0.27979
155      27.43036     -  27.45032      -5.89853949248        2               0.01996
156      27.46037     -  27.54033      -5.14084672023        5               0.07996
157      27.55037     -  27.74033      -5.2387455937        12               0.18996
158      27.75036     -  27.95036      -5.14084672023        5               0.2
159      27.96037     -  27.97137      -5.03425014166        1               0.011
160      27.98032     -  28.19037      -5.77747011791        14               0.21005
161      28.20032     -  28.49033      -5.8273373556        0               0.29001
162      28.50042     -  28.56037      -5.94920450776        8               0.05995
163      28.57032     -  28.57032      -5.89373198741        13               0.0
164      28.58085     -  28.58085      -5.40290671147        15               0.0
165      28.59031     -  28.77037      -5.89305177174        4               0.18006
166      28.78032     -  28.78032      -5.40290671147        15               0.0
167      28.79033     -  28.81037      -5.89373198741        13               0.02004
168      28.82037     -  28.89033      -5.68090955417        9               0.06996
169      28.90036     -  28.91033      -5.54731695247        7               0.00997
170      28.92032     -  29.0004      -5.68090955417        9               0.08008
171      29.01037     -  29.02032      -5.89373198741        13               0.00995
172      29.03037     -  29.20032      -6.00989697704        10               0.16995
173      29.21037     -  29.44032      -5.8273373556        0               0.22995
174      29.45037     -  29.53033      -5.89305177174        4               0.07996
175      29.54036     -  29.63056      -5.8273373556        0               0.0902
176      29.64036     -  29.83084      -5.89305177174        4               0.19048
177      29.84031     -  29.84031      -5.89373198741        13               0.0
178      29.85037     -  29.90032      -6.00989697704        10               0.04995
179      29.91037     -  29.92036      -5.40290671147        15               0.00999
180      29.93037     -  29.94032      -5.89853949248        2               0.00995
181      29.95033     -  30.26036      -6.00989697704        10               0.31003
182      30.27033     -  30.4604      -5.89305177174        4               0.19007
183      30.47037     -  30.73037      -5.8273373556        0               0.26
184      30.74037     -  30.77059      -5.68090955417        9               0.03022
185      30.78037     -  30.80037      -5.54731695247        7               0.02
186      30.81037     -  30.89051      -5.8273373556        0               0.08014
187      30.90037     -  31.10036      -5.94920450776        8               0.19999
188      31.11116     -  31.14037      -6.06686729687        3               0.02921
189      31.15032     -  31.17037      -5.89853949248        2               0.02005
190      31.18037     -  31.43037      -6.00989697704        10               0.25
191      31.44032     -  31.44032      -5.89853949248        2               0.0
192      31.45037     -  31.57033      -5.94920450776        8               0.11996
193      31.58085     -  31.71032      -6.06686729687        3               0.12947
194      31.72143     -  31.80076      -5.94920450776        8               0.07933
195      31.81033     -  32.29037      -6.06686729687        3               0.48004
196      32.30033     -  32.43037      -5.89853949248        2               0.13004
197      32.44033     -  32.69036      -5.94920450776        8               0.25003
198      32.70033     -  32.71032      -6.06686729687        3               0.00999
199      32.72032     -  32.7504      -5.89853949248        2               0.03008
200      32.76033     -  33.19032      -6.06686729687        3               0.42999
201      33.20033     -  33.22033      -5.89853949248        2               0.02
202      33.23032     -  33.43032      -6.00989697704        10               0.2
203      33.44033     -  33.44033      -5.40290671147        15               0.0
204      33.45032     -  33.51037      -6.00989697704        10               0.06005
205      33.52033     -  33.54033      -5.40290671147        15               0.02
206      33.55037     -  33.57032      -5.03425014166        1               0.01995
207      33.58092     -  33.58092      -5.40290671147        15               0.0
208      33.59036     -  33.67036      -4.82256446345        6               0.08
209      33.68037     -  33.70037      -5.89853949248        2               0.02
210      33.71032     -  33.74037      -5.40290671147        15               0.03005
211      33.75042     -  33.75042      -5.2387455937        12               0.0
212      33.76037     -  33.80033      -5.14084672023        5               0.03996
213      33.81036     -  33.82033      -5.89853949248        2               0.00997
214      33.83091     -  34.00037      -5.94920450776        8               0.16946
215      34.01036     -  34.01036      -5.89373198741        13               0.0
216      34.02038     -  34.58033      -5.89305177174        4               0.55995
217      34.59037     -  34.72145      -5.68090955417        9               0.13108
218      34.73037     -  34.82033      -5.77747011791        14               0.08996
219      34.83033     -  35.51036      -5.94920450776        8               0.68003
220      35.52033     -  35.55033      -5.2387455937        12               0.03
221      35.56036     -  35.56036      -5.40290671147        15               0.0
222      35.57032     -  35.59032      -5.68090955417        9               0.02
223      35.60036     -  35.86119      -5.89305177174        4               0.26083
224      35.87032     -  36.10032      -5.68090955417        9               0.23
225      36.11114     -  36.11114      -5.54731695247        7               0.0
226      36.12036     -  36.12036      -5.68090955417        9               0.0
227      36.13032     -  36.13032      -5.89373198741        13               0.0
228      36.14057     -  36.47036      -5.94920450776        8               0.32979
229      36.48033     -  36.59036      -6.00989697704        10               0.11003
230      36.60037     -  36.69032      -5.14084672023        5               0.08995
231      36.70037     -  36.72146      -5.03425014166        1               0.02109
232      36.73031     -  36.93037      -5.14084672023        5               0.20006
233      36.94032     -  37.03037      -5.03425014166        1               0.09005
234      37.04031     -  37.08033      -5.14084672023        5               0.04002
235      37.09036     -  37.26037      -5.2387455937        12               0.17001
236      37.2704     -  37.51033      -5.14084672023        5               0.23993
237      37.52036     -  37.65037      -5.03425014166        1               0.13001
238      37.66037     -  37.70036      -5.14084672023        5               0.03999
239      37.71038     -  37.74037      -5.03425014166        1               0.02999
240      37.75041     -  37.82043      -5.14084672023        5               0.07002
241      37.83038     -  37.88032      -5.2387455937        12               0.04994
242      37.89033     -  37.90032      -5.40290671147        15               0.00999
243      37.91037     -  38.07032      -5.2387455937        12               0.15995
244      38.08093     -  38.08093      -5.40290671147        15               0.0
245      38.09036     -  38.15037      -5.89853949248        2               0.06001
246      38.16037     -  38.21032      -5.40290671147        15               0.04995
247      38.22148     -  38.22148      -5.89853949248        2               0.0
248      38.23032     -  38.97032      -6.06686729687        3               0.74
249      38.98032     -  39.05037      -5.14084672023        5               0.07005
250      39.06033     -  39.14033      -5.03425014166        1               0.08
251      39.15032     -  39.20032      -4.82256446345        6               0.05
252      39.21037     -  39.22141      -5.03425014166        1               0.01104
253      39.23037     -  39.26037      -4.82256446345        6               0.03
254      39.27046     -  39.35032      -5.03425014166        1               0.07986
255      39.36115     -  39.41032      -4.82256446345        6               0.04917
256      39.42031     -  39.49032      -5.03425014166        1               0.07001
257      39.50046     -  39.52037      -5.89853949248        2               0.01991
258      39.53032     -  39.74032      -4.82256446345        6               0.21
259      39.75037     -  39.82036      -5.03425014166        1               0.06999
260      39.83092     -  39.86117      -5.14084672023        5               0.03025
261      39.87037     -  39.87037      -5.03425014166        1               0.0
262      39.88037     -  39.90036      -4.82256446345        6               0.01999
263      39.91069     -  39.91069      -5.40290671147        15               0.0
264      39.92036     -  39.97147      -5.03425014166        1               0.05111
265      39.98036     -  39.98036      -5.40290671147        15               0.0
266      39.99032     -  40.00047      -5.89853949248        2               0.01015
267      40.01032     -  40.01032      -5.40290671147        15               0.0
268      40.02037     -  40.05037      -5.89853949248        2               0.03
269      40.06037     -  40.09036      -4.82256446345        6               0.02999
270      40.10032     -  40.12037      -5.03425014166        1               0.02005
271      40.13036     -  40.15037      -4.82256446345        6               0.02001
272      40.16032     -  40.19032      -5.2387455937        12               0.03
273      40.20037     -  40.24037      -4.82256446345        6               0.04
274      40.25041     -  40.44032      -5.2387455937        12               0.18991
275      40.45037     -  40.62037      -5.14084672023        5               0.17
276      40.63032     -  40.67037      -5.03425014166        1               0.04005
277      40.68032     -  41.41032      -5.14084672023        5               0.73
278      41.42037     -  41.54037      -5.03425014166        1               0.12
279      41.55032     -  41.58091      -5.14084672023        5               0.03059
280      41.59032     -  41.62037      -5.03425014166        1               0.03005
281      41.63032     -  41.76037      -5.14084672023        5               0.13005
282      41.77037     -  42.28031      -5.03425014166        1               0.50994
283      42.29032     -  42.46037      -5.14084672023        5               0.17005
284      42.47032     -  42.48032      -5.89853949248        2               0.01
285      42.49032     -  42.49032      -5.2387455937        12               0.0
286      42.50033     -  42.60033      -5.14084672023        5               0.1
287      42.61117     -  42.64057      -5.03425014166        1               0.0294
288      42.65037     -  43.09032      -5.14084672023        5               0.43995
289      43.10032     -  43.43032      -5.03425014166        1               0.33
290      43.44037     -  43.50037      -5.14084672023        5               0.06
291      43.51037     -  43.51037      -5.89853949248        2               0.0
292      43.52032     -  43.63037      -6.06686729687        3               0.11005
293      43.64044     -  43.64044      -5.89853949248        2               0.0
294      43.65033     -  44.18032      -5.2387455937        12               0.52999
295      44.19037     -  44.54037      -5.14084672023        5               0.35
296      44.55037     -  44.75037      -5.03425014166        1               0.2
297      44.76037     -  44.79038      -5.40290671147        15               0.03001
298      44.80038     -  44.88033      -5.2387455937        12               0.07995
299      44.89044     -  45.06031      -5.14084672023        5               0.16987
300      45.07032     -  45.12036      -6.06686729687        3               0.05004
301      45.13033     -  45.18037      -5.14084672023        5               0.05004
302      45.19037     -  45.20036      -5.2387455937        12               0.00999
303      45.21033     -  45.21033      -5.89853949248        2               0.0
304      45.22151     -  45.25043      -6.00989697704        10               0.02892
305      45.26031     -  45.26031      -5.40290671147        15               0.0
306      45.27033     -  45.30037      -5.2387455937        12               0.03004
307      45.31036     -  45.34037      -5.40290671147        15               0.03001
308      45.35037     -  45.35037      -5.89373198741        13               0.0
309      45.36033     -  45.46033      -5.94920450776        8               0.1
310      45.47037     -  45.69033      -6.00989697704        10               0.21996
311      45.70037     -  45.70037      -5.40290671147        15               0.0
312      45.71032     -  45.86037      -5.89853949248        2               0.15005
313      45.87033     -  45.95037      -4.82256446345        6               0.08004
314      45.96037     -  45.96037      -5.40290671147        15               0.0
315      45.97146     -  46.00043      -5.89853949248        2               0.02897
316      46.01038     -  46.01038      -5.40290671147        15               0.0
317      46.02033     -  46.05033      -5.89853949248        2               0.03
318      46.06033     -  46.06033      -5.40290671147        15               0.0
319      46.07033     -  46.09036      -5.89853949248        2               0.02003
320      46.10037     -  46.17037      -5.40290671147        15               0.07
321      46.18037     -  46.43037      -5.2387455937        12               0.25
322      46.44037     -  46.47037      -5.89853949248        2               0.03
323      46.48033     -  46.64032      -6.00989697704        10               0.15999
324      46.65037     -  46.65037      -5.40290671147        15               0.0
325      46.66032     -  46.86116      -6.00989697704        10               0.20084
326      46.87037     -  46.87037      -5.40290671147        15               0.0
327      46.88037     -  46.99033      -5.89853949248        2               0.10996
328      47.00033     -  47.05037      -6.06686729687        3               0.05004
329      47.06037     -  47.06037      -5.89853949248        2               0.0
330      47.07037     -  47.36116      -6.06686729687        3               0.29079
331      47.37031     -  47.52032      -5.94920450776        8               0.15001
332      47.53032     -  47.53032      -5.89373198741        13               0.0
333      47.54032     -  47.55037      -5.40290671147        15               0.01005
334      47.56037     -  47.56037      -5.89853949248        2               0.0
335      47.57037     -  48.10037      -6.06686729687        3               0.53
336      48.1112     -  48.1112      -5.77747011791        14               0.0
337      48.12037     -  48.15037      -5.54731695247        7               0.03
338      48.16037     -  48.23032      -5.68090955417        9               0.06995
339      48.24032     -  48.24032      -5.89373198741        13               0.0
340      48.25044     -  48.54036      -6.00989697704        10               0.28992
341      48.55037     -  48.93033      -5.8273373556        0               0.37996
342      48.94037     -  48.95037      -5.40290671147        15               0.01
343      48.96037     -  48.96037      -5.89373198741        13               0.0
344      48.97032     -  49.39032      -5.94920450776        8               0.42
345      49.40037     -  49.41032      -5.89373198741        13               0.00995
346      49.42037     -  49.43032      -5.68090955417        9               0.00995
347      49.44037     -  49.46032      -5.89373198741        13               0.01995
348      49.47148     -  49.79032      -5.94920450776        8               0.31884
349      49.80032     -  49.80032      -5.89373198741        13               0.0
350      49.81036     -  50.29032      -5.89305177174        4               0.47996
351      50.30032     -  50.38033      -5.68090955417        9               0.08001
352      50.39048     -  50.71036      -5.8273373556        0               0.31988
353      50.72157     -  50.76032      -5.68090955417        9               0.03875
354      50.77074     -  50.85037      -5.89305177174        4               0.07963
355      50.86117     -  50.86117      -5.68090955417        9               0.0
356      50.87037     -  50.93037      -5.54731695247        7               0.06
357      50.94032     -  50.94032      -5.68090955417        9               0.0
358      50.95037     -  51.26037      -5.89305177174        4               0.31
359      51.27032     -  51.29037      -5.68090955417        9               0.02005
360      51.30037     -  51.34032      -5.89305177174        4               0.03995
361      51.35032     -  51.3905      -5.8273373556        0               0.04018
362      51.40037     -  51.49037      -5.77747011791        14               0.09
363      51.50048     -  51.50048      -5.54731695247        7               0.0
364      51.51037     -  51.63032      -5.68090955417        9               0.11995
365      51.64033     -  51.73032      -5.54731695247        7               0.08999
366      51.74037     -  51.88037      -5.77747011791        14               0.14
367      51.89048     -  51.96032      -5.8273373556        0               0.06984
368      51.97151     -  52.33095      -5.89305177174        4               0.35944
369      52.34037     -  52.37032      -5.68090955417        9               0.02995
370      52.38032     -  52.38032      -5.54731695247        7               0.0
371      52.39048     -  52.39048      -5.68090955417        9               0.0
372      52.40037     -  52.41078      -5.89373198741        13               0.01041
373      52.42032     -  52.53036      -5.94920450776        8               0.11004
374      52.54037     -  52.54037      -5.89373198741        13               0.0
375      52.5506     -  52.74032      -5.89305177174        4               0.18972
376      52.75044     -  52.96037      -5.8273373556        0               0.20993
377      52.97033     -  53.24032      -5.89305177174        4               0.26999
378      53.25041     -  53.3604      -5.8273373556        0               0.10999
379      53.37037     -  53.39053      -5.89305177174        4               0.02016
380      53.40037     -  53.46032      -5.68090955417        9               0.05995
381      53.47156     -  53.47156      -5.54731695247        7               0.0
382      53.48036     -  53.49033      -5.68090955417        9               0.00997
383      53.50035     -  53.50035      -5.89373198741        13               0.0
384      53.51036     -  53.86032      -6.00989697704        10               0.34996
385      53.87037     -  53.87037      -5.40290671147        15               0.0
386      53.88037     -  54.02037      -6.00989697704        10               0.14
387      54.03032     -  54.03032      -5.40290671147        15               0.0
388      54.04032     -  54.05037      -5.89853949248        2               0.01005
389      54.06036     -  54.06036      -5.40290671147        15               0.0
390      54.07033     -  54.48031      -6.06686729687        3               0.40998
391      54.49061     -  54.55046      -5.2387455937        12               0.05985
392      54.56037     -  54.56037      -5.40290671147        15               0.0
393      54.57033     -  54.57033      -5.89853949248        2               0.0
394      54.58096     -  54.64048      -6.06686729687        3               0.05952
395      54.65036     -  54.69038      -5.77747011791        14               0.04002
396      54.70031     -  54.76037      -6.00989697704        10               0.06006
397      54.77037     -  54.80033      -5.89853949248        2               0.02996
398      54.81036     -  54.87032      -6.06686729687        3               0.05996
399      54.88037     -  54.88037      -5.89853949248        2               0.0
400      54.89032     -  55.30037      -6.00989697704        10               0.41005
401      55.31037     -  55.31037      -5.40290671147        15               0.0
402      55.32033     -  55.38037      -5.2387455937        12               0.06004
403      55.39052     -  55.39052      -5.40290671147        15               0.0
404      55.40032     -  55.43032      -5.89853949248        2               0.03
405      55.4404     -  56.04037      -5.94920450776        8               0.59997
406      56.05036     -  56.06037      -5.89373198741        13               0.01001
407      56.07037     -  56.09036      -5.68090955417        9               0.01999
408      56.10036     -  56.34032      -5.77747011791        14               0.23996
409      56.35037     -  56.41037      -5.54731695247        7               0.06
410      56.42036     -  56.47153      -5.77747011791        14               0.05117
411      56.48032     -  56.48032      -5.54731695247        7               0.0
412      56.49032     -  56.55032      -5.68090955417        9               0.06
413      56.56037     -  56.91037      -5.54731695247        7               0.35
414      56.92037     -  56.95036      -5.68090955417        9               0.02999
415      56.96037     -  57.09036      -5.77747011791        14               0.12999
416      57.10033     -  57.17032      -5.54731695247        7               0.06999
417      57.18032     -  57.25032      -5.68090955417        9               0.07
418      57.26037     -  57.53032      -5.89305177174        4               0.26995
419      57.54036     -  57.56032      -5.8273373556        0               0.01996
420      57.57037     -  57.60036      -5.40290671147        15               0.02999
421      57.61037     -  57.64047      -5.2387455937        12               0.0301
422      57.65032     -  57.65032      -5.40290671147        15               0.0
423      57.66037     -  57.84036      -6.00989697704        10               0.17999
424      57.85037     -  57.85037      -5.40290671147        15               0.0
425      57.8604     -  57.92036      -5.2387455937        12               0.05996
426      57.93037     -  57.93037      -5.40290671147        15               0.0
427      57.94042     -  57.94042      -5.89853949248        2               0.0
428      57.95032     -  57.97153      -5.2387455937        12               0.02121
429      57.98032     -  58.02037      -5.14084672023        5               0.04005
430      58.03033     -  58.54032      -5.03425014166        1               0.50999
431      58.55037     -  58.57032      -4.82256446345        6               0.01995
432      58.581     -  58.81032      -5.03425014166        1               0.22932
433      58.82032     -  58.88033      -5.14084672023        5               0.06001
434      58.89032     -  58.92032      -5.03425014166        1               0.03
435      58.93036     -  59.06037      -5.14084672023        5               0.13001
436      59.07037     -  59.19035      -5.89853949248        2               0.11998
437      59.20037     -  59.21037      -5.40290671147        15               0.01
438      59.22032     -  59.36033      -5.89305177174        4               0.14001
439      59.37036     -  59.47157      -5.68090955417        9               0.10121
440      59.48036     -  59.64048      -5.89305177174        4               0.16012
441      59.65032     -  59.67037      -5.40290671147        15               0.02005
442      59.68033     -  59.72033      -5.89305177174        4               0.04
443      59.73036     -  59.84032      -5.8273373556        0               0.10996
444      59.85032     -  59.85032      -5.40290671147        15               0.0
445      59.86041     -  59.86041      -5.89373198741        13               0.0
446      59.87032     -  60.28033      -5.94920450776        8               0.41001
447      60.29032     -  60.3005      -5.89373198741        13               0.01018
448      60.31036     -  60.34037      -5.2387455937        12               0.03001
449      60.35032     -  60.35032      -5.40290671147        15               0.0
450      60.36037     -  60.79064      -5.89305177174        4               0.43027
451      60.80033     -  60.85032      -5.8273373556        0               0.04999
452      60.86044     -  60.88033      -5.89853949248        2               0.01989
453      60.89048     -  60.90037      -5.2387455937        12               0.00989000000001
454      60.91043     -  61.00033      -5.89853949248        2               0.0899
455      61.01032     -  61.01032      -5.40290671147        15               0.0
456      61.02032     -  61.35033      -5.89305177174        4               0.33001
457      61.36041     -  61.36041      -5.89373198741        13               0.0
458      61.37037     -  61.44033      -6.00989697704        10               0.06996
459      61.45036     -  61.63037      -5.94920450776        8               0.18001
460      61.64053     -  61.64053      -5.89373198741        13               0.0
461      61.65036     -  61.82036      -5.89305177174        4               0.17
462      61.83101     -  61.84032      -5.8273373556        0               0.00931
463      61.85033     -  61.8604      -5.40290671147        15               0.01007
464      61.87033     -  62.33032      -5.89305177174        4               0.45999
465      62.34032     -  62.47037      -5.8273373556        0               0.13005
466      62.48033     -  62.53032      -5.89305177174        4               0.04999
467      62.54032     -  62.69042      -5.8273373556        0               0.1501
468      62.70037     -  62.70037      -5.40290671147        15               0.0
469      62.71032     -  62.86046      -5.89305177174        4               0.15014
470      62.87032     -  62.87032      -5.68090955417        9               0.0
471      62.88046     -  63.03037      -5.89305177174        4               0.14991
472      63.04037     -  63.04037      -5.40290671147        15               0.0
473      63.05032     -  63.08097      -5.89853949248        2               0.03065
474      63.09037     -  63.20037      -5.2387455937        12               0.11
475      63.21036     -  63.21036      -5.40290671147        15               0.0
476      63.2216     -  63.35032      -5.2387455937        12               0.12872
477      63.36039     -  63.39048      -5.89853949248        2               0.03009
478      63.40037     -  63.42032      -5.40290671147        15               0.01995
479      63.43037     -  63.43037      -5.89373198741        13               0.0
480      63.44043     -  63.72032      -5.94920450776        8               0.27989
481      63.73033     -  63.76037      -5.89373198741        13               0.03004
482      63.77032     -  63.79032      -6.00989697704        10               0.02
483      63.80036     -  63.80036      -5.40290671147        15               0.0
484      63.81037     -  63.87037      -5.2387455937        12               0.06
485      63.88046     -  63.88046      -5.40290671147        15               0.0
486      63.89053     -  63.93037      -5.89853949248        2               0.03984
487      63.94047     -  64.03032      -5.2387455937        12               0.08985
488      64.04036     -  64.07032      -5.14084672023        5               0.02996
489      64.08099     -  64.09031      -5.68090955417        9               0.00932
490      64.10032     -  64.14032      -5.54731695247        7               0.04
491      64.15036     -  64.30035      -5.68090955417        9               0.14999
492      64.31036     -  64.33101      -5.40290671147        15               0.02065
493      64.34037     -  64.38032      -5.68090955417        9               0.03995
494      64.39032     -  64.41045      -5.54731695247        7               0.02013
495      64.42033     -  64.50042      -5.68090955417        9               0.08009
496      64.51036     -  64.60032      -5.54731695247        7               0.08996
497      64.61032     -  64.64032      -5.68090955417        9               0.03
498      64.65037     -  64.71036      -5.54731695247        7               0.05999
499      64.72161     -  64.89033      -5.68090955417        9               0.16872
500      64.90032     -  64.90032      -5.89373198741        13               0.0
501      64.91037     -  65.02032      -5.94920450776        8               0.10995
502      65.03037     -  65.04037      -5.89373198741        13               0.00999999999999
503      65.05044     -  65.05044      -5.40290671147        15               0.0
504      65.06032     -  65.1606      -5.89853949248        2               0.10028
505      65.17037     -  65.58103      -6.00989697704        10               0.41066
506      65.59037     -  65.83102      -5.89305177174        4               0.24065
507      65.84032     -  66.06036      -5.8273373556        0               0.22004
508      66.07037     -  66.36042      -5.89305177174        4               0.29005
509      66.37037     -  66.50042      -5.8273373556        0               0.13005
510      66.51037     -  66.85033      -5.89305177174        4               0.33996
511      66.86042     -  66.88032      -4.82256446345        6               0.0199
512      66.89052     -  66.99032      -5.89305177174        4               0.0998
513      67.00048     -  67.00048      -5.68090955417        9               0.0
514      67.01032     -  67.02032      -5.89853949248        2               0.01
515      67.03031     -  67.03031      -5.40290671147        15               0.0
516      67.04032     -  67.11043      -5.89305177174        4               0.07011
517      67.12032     -  67.26032      -5.8273373556        0               0.14
518      67.27037     -  67.27037      -5.40290671147        15               0.0
519      67.28036     -  67.33097      -5.8273373556        0               0.05061
520      67.34036     -  67.47155      -5.89305177174        4               0.13119
521      67.48032     -  67.48032      -5.40290671147        15               0.0
522      67.49037     -  67.57037      -5.89305177174        4               0.08
523      67.58097     -  67.58097      -5.40290671147        15               0.0
524      67.59032     -  67.73032      -6.00989697704        10               0.14
525      67.74032     -  67.75048      -5.40290671147        15               0.01016
526      67.76037     -  67.79033      -5.89373198741        13               0.02996
527      67.80036     -  68.08101      -5.68090955417        9               0.28065
528      68.09036     -  68.09036      -5.89373198741        13               0.0
529      68.10036     -  68.52033      -6.00989697704        10               0.41997
530      68.53032     -  68.76037      -5.89305177174        4               0.23005
531      68.77032     -  68.80037      -5.68090955417        9               0.03005
532      68.81032     -  68.86042      -5.8273373556        0               0.0501
533      68.87032     -  68.94033      -5.89305177174        4               0.07001
534      68.95037     -  68.95037      -5.40290671147        15               0.0
535      68.96037     -  69.03037      -5.2387455937        12               0.07
536      69.04037     -  69.06032      -5.89853949248        2               0.01995
537      69.07032     -  69.31032      -5.2387455937        12               0.24
538      69.32037     -  69.32037      -5.89853949248        2               0.0
539      69.33104     -  69.41037      -5.14084672023        5               0.07933
540      69.42037     -  69.53032      -5.2387455937        12               0.10995
541      69.54032     -  69.54032      -5.40290671147        15               0.0
542      69.55037     -  69.71032      -5.14084672023        5               0.15995
543      69.72164     -  69.75044      -5.03425014166        1               0.0288
544      69.76031     -  69.84032      -5.14084672023        5               0.08001
545      69.85032     -  69.99032      -5.03425014166        1               0.14
546      70.00032     -  70.29032      -5.14084672023        5               0.29
547      70.30033     -  70.32033      -5.03425014166        1               0.02
548      70.33103     -  70.39036      -5.40290671147        15               0.05933
549      70.40037     -  70.44032      -5.89373198741        13               0.03995
550      70.45032     -  70.49037      -5.40290671147        15               0.04005
551      70.50048     -  70.55036      -5.89373198741        13               0.04988
552      70.56032     -  70.90032      -5.94920450776        8               0.34
553      70.91037     -  71.08105      -5.8273373556        0               0.17068
554      71.09036     -  71.13032      -5.89853949248        2               0.03996
555      71.14032     -  71.14032      -5.40290671147        15               0.0
556      71.15032     -  71.18037      -4.82256446345        6               0.03005
557      71.19042     -  71.34033      -5.03425014166        1               0.14991
558      71.35032     -  71.78037      -5.14084672023        5               0.43005
559      71.79037     -  71.81031      -5.03425014166        1               0.01994
560      71.82036     -  71.83105      -5.14084672023        5               0.01069
561      71.84036     -  71.95036      -5.2387455937        12               0.11
562      71.96032     -  71.98032      -5.14084672023        5               0.02
563      71.99037     -  72.00037      -5.03425014166        1               0.01
564      72.01033     -  72.36047      -5.14084672023        5               0.35014
565      72.37037     -  72.4104      -5.2387455937        12               0.04003
566      72.42032     -  72.43032      -5.89853949248        2               0.00999999999999
567      72.44047     -  72.46037      -5.40290671147        15               0.0199
568      72.47033     -  72.49032      -5.2387455937        12               0.01999
569      72.50048     -  72.52037      -5.40290671147        15               0.01989
570      72.53037     -  72.55033      -5.89373198741        13               0.01996
571      72.56037     -  72.60037      -6.00989697704        10               0.04
572      72.61037     -  72.61037      -5.40290671147        15               0.0
573      72.62037     -  72.64052      -5.89853949248        2               0.02015
574      72.65037     -  72.92032      -5.2387455937        12               0.26995
575      72.93037     -  72.96032      -5.40290671147        15               0.02995
576      72.97164     -  73.17037      -6.00989697704        10               0.19873
577      73.18037     -  73.26036      -5.94920450776        8               0.07999
578      73.27037     -  73.30037      -5.2387455937        12               0.03
579      73.31031     -  73.32033      -5.89853949248        2               0.01002
580      73.33107     -  73.34037      -5.40290671147        15               0.0093
581      73.35037     -  73.35037      -5.89853949248        2               0.0
582      73.36043     -  73.41037      -6.06686729687        3               0.04994
583      73.42036     -  73.51037      -5.89853949248        2               0.09001
584      73.52032     -  73.78032      -5.14084672023        5               0.26
585      73.79037     -  73.97166      -6.06686729687        3               0.18129
586      73.98032     -  73.98032      -5.89853949248        2               0.0
587      73.99046     -  74.01032      -5.40290671147        15               0.01986
588      74.02032     -  74.29037      -5.77747011791        14               0.27005
589      74.30032     -  74.31037      -5.54731695247        7               0.01005
590      74.32032     -  74.40037      -5.77747011791        14               0.08005
591      74.41033     -  74.42037      -6.00989697704        10               0.01004
592      74.43037     -  74.46032      -5.40290671147        15               0.02995
593      74.47166     -  74.48031      -5.89373198741        13               0.00865
594      74.49036     -  74.71037      -5.94920450776        8               0.22001
595      74.72036     -  74.76032      -6.00989697704        10               0.03996
596      74.77033     -  74.77033      -5.40290671147        15               0.0
597      74.78032     -  74.81032      -5.89853949248        2               0.03
598      74.82036     -  75.62037      -6.00989697704        10               0.80001
599      75.63033     -  75.85033      -5.89305177174        4               0.22
600      75.86044     -  75.86044      -5.89373198741        13               0.0
601      75.87037     -  76.09033      -5.94920450776        8               0.21996
602      76.10037     -  76.10037      -5.89373198741        13               0.0
603      76.11041     -  76.18033      -5.68090955417        9               0.06992
604      76.19037     -  76.19037      -5.89373198741        13               0.0
605      76.20037     -  76.20037      -5.40290671147        15               0.0
606      76.21033     -  76.29037      -5.2387455937        12               0.08004
607      76.30037     -  76.30037      -5.40290671147        15               0.0
608      76.31032     -  76.38037      -5.2387455937        12               0.07005
609      76.39032     -  76.39032      -5.40290671147        15               0.0
610      76.40033     -  76.41037      -5.89853949248        2               0.01004
611      76.42031     -  76.46033      -5.77747011791        14               0.04002
612      76.47167     -  76.49033      -5.54731695247        7               0.01866
613      76.50036     -  76.53032      -5.68090955417        9               0.02996
614      76.54033     -  76.59037      -5.40290671147        15               0.05004
615      76.60038     -  76.60038      -5.89853949248        2               0.0
616      76.61037     -  76.87032      -6.06686729687        3               0.25995
617      76.88037     -  76.93033      -5.2387455937        12               0.04996
618      76.94032     -  76.94032      -5.40290671147        15               0.0
619      76.95033     -  76.97163      -5.89853949248        2               0.0213
620      76.98036     -  77.12036      -5.2387455937        12               0.14
621      77.13033     -  77.13033      -5.40290671147        15               0.0
622      77.14036     -  77.18036      -6.00989697704        10               0.04
623      77.19054     -  77.19054      -5.40290671147        15               0.0
624      77.20031     -  77.25041      -5.2387455937        12               0.0501
625      77.26036     -  77.30036      -5.40290671147        15               0.04
626      77.31033     -  77.34036      -5.2387455937        12               0.03003
627      77.35033     -  77.41033      -5.14084672023        5               0.06
628      77.42032     -  77.48037      -6.06686729687        3               0.06005
629      77.49037     -  77.61033      -5.94920450776        8               0.11996
630      77.62036     -  77.62036      -5.89373198741        13               0.0
631      77.63033     -  77.63033      -5.40290671147        15               0.0
632      77.64032     -  77.65033      -5.89853949248        2               0.01001
633      77.66031     -  77.72165      -5.94920450776        8               0.06134
634      77.73036     -  77.74036      -5.89373198741        13               0.00999999999999
635      77.75048     -  77.76036      -5.40290671147        15               0.00988000000001
636      77.77031     -  77.84036      -6.00989697704        10               0.07005
637      77.85037     -  77.88059      -5.40290671147        15               0.03022
638      77.89033     -  77.90032      -5.89853949248        2               0.00998999999999
639      77.91033     -  78.03037      -6.00989697704        10               0.12004
640      78.04036     -  78.04036      -5.40290671147        15               0.0
641      78.05037     -  78.09033      -4.82256446345        6               0.03996
642      78.10031     -  78.10031      -5.40290671147        15               0.0
643      78.11036     -  78.14031      -6.00989697704        10               0.02995
644      78.15033     -  78.15033      -5.40290671147        15               0.0
645      78.16039     -  78.21037      -4.82256446345        6               0.04998
646      78.22032     -  78.22032      -5.40290671147        15               0.0
647      78.23033     -  78.30036      -4.82256446345        6               0.07003
648      78.31037     -  78.41079      -5.89305177174        4               0.10042
649      78.42036     -  78.44051      -5.68090955417        9               0.02015
650      78.45032     -  78.81037      -5.89305177174        4               0.36005
651      78.82036     -  78.82036      -5.40290671147        15               0.0
652      78.8311     -  78.85078      -5.89373198741        13               0.01968
653      78.86037     -  78.94037      -6.00989697704        10               0.08
654      78.95037     -  79.01033      -5.89305177174        4               0.05996
655      79.02042     -  79.15037      -5.68090955417        9               0.12995
656      79.16065     -  79.17037      -5.89305177174        4               0.00972
657      79.18174     -  79.22168      -5.8273373556        0               0.03994
658      79.23037     -  79.25037      -5.89853949248        2               0.02
659      79.26037     -  79.35032      -6.00989697704        10               0.08995
660      79.36043     -  79.38073      -5.40290671147        15               0.0203
661      79.39037     -  79.40037      -5.89853949248        2               0.00999999999999
662      79.41033     -  79.43033      -6.00989697704        10               0.02
663      79.44033     -  79.45033      -5.40290671147        15               0.00999999999999
664      79.46037     -  79.48033      -5.89853949248        2               0.01996
665      79.49032     -  79.60037      -6.00989697704        10               0.11005
666      79.61058     -  79.61058      -5.89853949248        2               0.0
667      79.62037     -  79.65037      -5.2387455937        12               0.03
668      79.66033     -  79.66033      -5.89853949248        2               0.0
669      79.67037     -  79.73037      -6.00989697704        10               0.06
670      79.74037     -  79.74037      -5.40290671147        15               0.0
671      79.75037     -  79.87033      -5.2387455937        12               0.11996
672      79.88037     -  79.88037      -5.40290671147        15               0.0
673      79.89032     -  79.94053      -5.89853949248        2               0.05021
674      79.95037     -  80.07037      -6.06686729687        3               0.12
675      80.0811     -  80.0811      -5.89853949248        2               0.0
676      80.09037     -  80.26033      -6.00989697704        10               0.16996
677      80.27033     -  80.27033      -5.40290671147        15               0.0
678      80.28033     -  80.38037      -5.2387455937        12               0.10004
679      80.39033     -  80.39033      -5.40290671147        15               0.0
680      80.40037     -  80.41033      -4.82256446345        6               0.00996000000001
681      80.42037     -  80.47033      -5.2387455937        12               0.04996
682      80.48037     -  80.74037      -5.14084672023        5               0.26
683      80.75042     -  80.76037      -5.2387455937        12               0.00994999999999
684      80.77033     -  80.82033      -5.40290671147        15               0.05
685      80.8311     -  80.95033      -5.2387455937        12               0.11923
686      80.96033     -  80.96033      -5.40290671147        15               0.0
687      80.97033     -  81.03036      -5.89853949248        2               0.06003
688      81.04036     -  81.23032      -5.94920450776        8               0.18996
689      81.24033     -  81.24033      -5.89373198741        13               0.0
690      81.25041     -  81.25041      -5.40290671147        15               0.0
691      81.26033     -  81.26033      -5.89853949248        2               0.0
692      81.27033     -  81.30033      -5.2387455937        12               0.03
693      81.31033     -  81.31033      -5.89853949248        2               0.0
694      81.32033     -  81.93032      -6.00989697704        10               0.60999
695      81.94033     -  82.12032      -5.94920450776        8               0.17999
696      82.13033     -  82.13033      -5.89373198741        13               0.0
697      82.14032     -  82.16031      -5.40290671147        15               0.01999
698      82.17037     -  82.18036      -5.89853949248        2               0.00998999999999
699      82.19052     -  82.33033      -6.00989697704        10               0.13981
700      82.34036     -  82.40032      -5.89853949248        2               0.05996
701      82.41038     -  82.60032      -5.94920450776        8               0.18994
702      82.61041     -  82.67038      -6.06686729687        3               0.05997
703      82.6814     -  82.93038      -5.94920450776        8               0.24898
704      82.94031     -  82.94031      -5.89373198741        13               0.0
705      82.95038     -  82.96032      -5.68090955417        9               0.00994
706      82.97033     -  83.0004      -5.89373198741        13               0.03007
707      83.01037     -  83.30036      -5.94920450776        8               0.28999
708      83.31038     -  84.09033      -6.00989697704        10               0.77995
709      84.10032     -  84.10032      -5.94920450776        8               0.0
710      84.11041     -  84.12037      -5.89373198741        13               0.00995999999999
711      84.13033     -  84.15033      -5.68090955417        9               0.02
712      84.16037     -  84.17033      -5.89373198741        13               0.00996000000001
713      84.18033     -  84.19033      -5.68090955417        9               0.01
714      84.20033     -  84.20033      -5.89373198741        13               0.0
715      84.21033     -  84.25041      -5.94920450776        8               0.04008
716      84.26033     -  84.72033      -6.00989697704        10               0.46
717      84.73033     -  85.04032      -5.89305177174        4               0.30999
718      85.05033     -  85.05033      -5.68090955417        9               0.0
719      85.06033     -  85.06033      -5.89373198741        13               0.0
720      85.07033     -  85.39037      -5.94920450776        8               0.32004
721      85.40032     -  85.40032      -5.89373198741        13               0.0
722      85.41033     -  85.41033      -5.40290671147        15               0.0
723      85.42033     -  85.46033      -4.82256446345        6               0.04
724      85.47171     -  85.48033      -5.03425014166        1               0.00861999999999
725      85.49038     -  87.19053      -4.82256446345        6               1.70015
726      87.20033     -  87.24033      -5.03425014166        1               0.04
727      87.25032     -  87.25032      -4.82256446345        6               0.0
728      87.26033     -  87.48036      -5.89305177174        4               0.22003
729      87.49033     -  87.55033      -5.68090955417        9               0.06
730      87.56031     -  87.56031      -5.54731695247        7               0.0
731      87.57033     -  87.63038      -5.68090955417        9               0.06005
732      87.64036     -  87.65032      -5.54731695247        7               0.00995999999999
733      87.66077     -  87.78037      -5.68090955417        9               0.1196
734      87.79037     -  87.79037      -5.89373198741        13               0.0
735      87.80041     -  87.89037      -5.94920450776        8               0.08996
736      87.90037     -  87.91037      -5.89373198741        13               0.01
737      87.92037     -  87.92037      -5.68090955417        9               0.0
738      87.93033     -  87.93033      -5.54731695247        7               0.0
739      87.94033     -  87.95033      -5.68090955417        9               0.00999999999999
740      87.96037     -  88.00037      -5.8273373556        0               0.04
741      88.01033     -  88.03033      -5.89305177174        4               0.02
742      88.04033     -  88.11033      -5.8273373556        0               0.07
743      88.12033     -  88.13033      -5.89305177174        4               0.01
744      88.14037     -  88.15033      -5.68090955417        9               0.00995999999999
745      88.16037     -  88.37038      -5.89305177174        4               0.21001
746      88.38037     -  88.41033      -5.68090955417        9               0.02996
747      88.42032     -  88.43033      -5.54731695247        7               0.01001
748      88.44032     -  88.51032      -5.68090955417        9               0.07
749      88.52033     -  88.53033      -5.89373198741        13               0.01
750      88.54033     -  88.72167      -6.00989697704        10               0.18134
751      88.73032     -  88.75042      -5.89853949248        2               0.0201
752      88.76037     -  88.79037      -5.40290671147        15               0.03
753      88.80033     -  89.30037      -5.8273373556        0               0.50004
754      89.31032     -  89.31032      -5.40290671147        15               0.0
755      89.32037     -  89.38037      -5.77747011791        14               0.06
756      89.39036     -  89.39036      -5.54731695247        7               0.0
757      89.40033     -  89.43036      -5.03425014166        1               0.03003
758      89.44037     -  89.44037      -5.40290671147        15               0.0
759      89.45036     -  89.45036      -5.89853949248        2               0.0
760      89.46033     -  89.57037      -5.94920450776        8               0.11004
761      89.58112     -  89.58112      -5.89373198741        13               0.0
762      89.59036     -  89.63032      -5.68090955417        9               0.03996
763      89.64033     -  89.65036      -5.89373198741        13               0.01003
764      89.66033     -  91.01032      -6.00989697704        10               1.34999
765      91.02033     -  91.05036      -5.40290671147        15               0.03003
766      91.06032     -  92.22171      -6.00989697704        10               1.16139
767      92.23036     -  92.73036      -5.94920450776        8               0.5
768      92.74033     -  92.81032      -6.00989697704        10               0.06999
769      92.82037     -  93.27032      -5.94920450776        8               0.44995
770      93.28033     -  93.28033      -5.89373198741        13               0.0
771      93.29032     -  93.48037      -5.89305177174        4               0.19005
772      93.49032     -  93.49032      -5.89373198741        13               0.0
773      93.50041     -  94.00032      -5.94920450776        8               0.49991
774      94.01033     -  94.92037      -6.00989697704        10               0.91004
775      94.93032     -  95.49037      -5.94920450776        8               0.56005
776      95.50042     -  95.82033      -6.00989697704        10               0.31991
777      95.83118     -  96.16033      -5.94920450776        8               0.32915
778      96.17031     -  96.17031      -5.89373198741        13               0.0
779      96.18032     -  96.25043      -5.89305177174        4               0.07011
780      96.26036     -  96.29031      -5.68090955417        9               0.02995
781      96.30061     -  96.56036      -5.8273373556        0               0.25975
782      96.57038     -  96.93092      -5.77747011791        14               0.36054
783      96.94064     -  96.98037      -5.8273373556        0               0.03973
784      96.99033     -  97.06032      -5.89305177174        4               0.06999
785      97.07037     -  97.14032      -5.8273373556        0               0.06995
786      97.15038     -  97.26032      -5.94920450776        8               0.10994
787      97.27033     -  97.30032      -5.89373198741        13               0.02999
788      97.31037     -  97.80037      -6.00989697704        10               0.49
789      97.81036     -  97.82038      -5.89853949248        2               0.01002
790      97.83118     -  98.28036      -5.94920450776        8               0.44918
791      98.29038     -  98.72038      -6.06686729687        3               0.43
792      98.73033     -  99.09036      -5.77747011791        14               0.36003
793      99.10033     -  99.11047      -5.54731695247        7               0.01014
794      99.12033     -  99.24033      -5.68090955417        9               0.12
795      99.25049     -  99.28032      -5.8273373556        0               0.02983
796      99.29031     -  99.37037      -5.89305177174        4               0.08006
797      99.38033     -  99.41033      -5.68090955417        9               0.03
798      99.42033     -  99.43033      -5.54731695247        7               0.00999999999999
799      99.44081     -  99.64037      -5.68090955417        9               0.19956
800      99.65033     -  99.68033      -5.89373198741        13               0.03
801      99.6907     -  99.80033      -5.94920450776        8               0.10963
802      99.81033     -  99.83116      -5.89373198741        13               0.02083
803      99.84037     -  99.88038      -5.68090955417        9               0.04001
804      99.89033     -  99.92033      -5.89305177174        4               0.03
 
Means and total domain of each hidden state
---------------------------------------
0th hidden state
total number with this hidden state =  53
mean =  [-5.82733736]
total time_domain =  7.65398

1th hidden state
total number with this hidden state =  33
mean =  [-5.03425014]
total time_domain =  3.1602

2th hidden state
total number with this hidden state =  82
mean =  [-5.89853949]
total time_domain =  2.19153

3th hidden state
total number with this hidden state =  34
mean =  [-6.0668673]
total time_domain =  8.6099

4th hidden state
total number with this hidden state =  71
mean =  [-5.89305177]
total time_domain =  13.91055

5th hidden state
total number with this hidden state =  37
mean =  [-5.14084672]
total time_domain =  5.76094

6th hidden state
total number with this hidden state =  21
mean =  [-4.82256446]
total time_domain =  2.76924

7th hidden state
total number with this hidden state =  31
mean =  [-5.54731695]
total time_domain =  1.19941

8th hidden state
total number with this hidden state =  54
mean =  [-5.94920451]
total time_domain =  13.14667

9th hidden state
total number with this hidden state =  69
mean =  [-5.68090955]
total time_domain =  3.84928

10th hidden state
total number with this hidden state =  63
mean =  [-6.00989698]
total time_domain =  16.42095

11th hidden state
total number with this hidden state =  6
mean =  [-6.18690291]
total time_domain =  3.25593

12th hidden state
total number with this hidden state =  48
mean =  [-5.23874559]
total time_domain =  4.23857

13th hidden state
total number with this hidden state =  71
mean =  [-5.89373199]
total time_domain =  0.59939

14th hidden state
total number with this hidden state =  22
mean =  [-5.77747012]
total time_domain =  3.95129

15th hidden state
total number with this hidden state =  110
mean =  [-5.40290671]
total time_domain =  1.10914

