Number of Rows
--------------
100000
 
Hidden States
-------------
[ 2  2  2 ... 11 11 11]
 
Record of all hidden state
**********************************
No.     TIME Start  -  TIME End      VALUE           Hidden State {}th       Time domain
0      400.01032     -  400.12037      -5.20591431352        2               0.11005
1      400.13032     -  400.18032      -5.10848442193        6               0.05
2      400.19033     -  400.32032      -5.20591431352        2               0.12999
3      400.33037     -  400.45037      -5.10848442193        6               0.12
4      400.46032     -  400.53051      -5.16120575951        10               0.07019
5      400.54037     -  400.58037      -5.10848442193        6               0.04
6      400.59032     -  400.64041      -5.16120575951        10               0.05009
7      400.65036     -  400.91037      -5.30320311223        15               0.26001
8      400.92037     -  400.94036      -5.26491967193        5               0.01999
9      400.95032     -  401.01032      -5.20591431352        2               0.06
10      401.02037     -  401.02037      -5.1224201432        12               0.0
11      401.03054     -  401.03054      -5.22855523248        8               0.0
12      401.04032     -  401.14044      -5.35718056804        0               0.10012
13      401.15036     -  401.16032      -5.30320311223        15               0.00996000000004
14      401.17032     -  401.48032      -5.26491967193        5               0.31
15      401.49032     -  401.95032      -5.20591431352        2               0.46
16      401.96037     -  401.99032      -5.1224201432        12               0.02995
17      402.00037     -  402.09032      -5.16120575951        10               0.08995
18      402.10037     -  402.16032      -5.10848442193        6               0.05995
19      402.17037     -  402.20032      -5.07633786817        1               0.02995
20      402.21037     -  402.33031      -5.16120575951        10               0.11994
21      402.34037     -  402.42037      -5.30320311223        15               0.08
22      402.43036     -  402.54037      -5.35718056804        0               0.11001
23      402.55037     -  402.57032      -5.30320311223        15               0.01995
24      402.58032     -  402.59032      -5.26491967193        5               0.01
25      402.60037     -  402.71037      -5.20591431352        2               0.11
26      402.72032     -  403.29037      -5.26491967193        5               0.57005
27      403.30037     -  403.30037      -5.1224201432        12               0.0
28      403.31037     -  403.54087      -5.20591431352        2               0.2305
29      403.55037     -  403.60032      -5.26491967193        5               0.04995
30      403.61033     -  403.65033      -5.20591431352        2               0.04
31      403.66037     -  403.66037      -5.1224201432        12               0.0
32      403.67037     -  403.67037      -5.20591431352        2               0.0
33      403.68032     -  403.78052      -5.26491967193        5               0.1002
34      403.79032     -  403.86126      -5.20591431352        2               0.07094
35      403.87032     -  403.90037      -5.26491967193        5               0.03005
36      403.91032     -  403.95032      -5.30320311223        15               0.04
37      403.96033     -  404.05037      -5.35718056804        0               0.09004
38      404.06037     -  404.06037      -5.22855523248        8               0.0
39      404.07037     -  404.10037      -5.3894520085        11               0.03
40      404.1113     -  404.15031      -4.98468572198        9               0.03901
41      404.16037     -  404.32036      -5.07633786817        1               0.15999
42      404.33038     -  404.33038      -5.22855523248        8               0.0
43      404.34036     -  404.39043      -5.35718056804        0               0.05007
44      404.40031     -  404.52032      -5.30320311223        15               0.12001
45      404.5306     -  404.5306      -5.1224201432        12               0.0
46      404.54032     -  404.54032      -5.22855523248        8               0.0
47      404.55045     -  404.57032      -5.3894520085        11               0.01987
48      404.58041     -  404.96037      -5.42155992244        3               0.37996
49      404.97077     -  405.14037      -5.35718056804        0               0.1696
50      405.15032     -  405.15032      -4.81535957879        4               0.0
51      405.16031     -  405.43032      -5.35718056804        0               0.27001
52      405.44064     -  405.75175      -5.3894520085        11               0.31111
53      405.76036     -  406.26037      -5.35718056804        0               0.50001
54      406.27032     -  406.52032      -5.30320311223        15               0.25
55      406.53033     -  407.00175      -5.35718056804        0               0.47142
56      407.01033     -  407.01033      -5.22855523248        8               0.0
57      407.02037     -  407.42037      -5.3894520085        11               0.4
58      407.43033     -  407.56037      -5.42155992244        3               0.13004
59      407.57033     -  407.60032      -5.22855523248        8               0.02999
60      407.61134     -  407.71037      -5.35718056804        0               0.09903
61      407.72032     -  408.24032      -5.30320311223        15               0.52
62      408.25182     -  408.34038      -5.35718056804        0               0.08856
63      408.35032     -  408.46032      -5.30320311223        15               0.11
64      408.47033     -  408.47033      -5.35718056804        0               0.0
65      408.48036     -  408.55033      -5.42155992244        3               0.06997
66      408.56032     -  408.56032      -5.22855523248        8               0.0
67      408.5706     -  408.60033      -5.3894520085        11               0.02973
68      408.61132     -  408.82032      -5.42155992244        3               0.209
69      408.83033     -  409.27037      -5.3894520085        11               0.44004
70      409.28033     -  409.29037      -5.35718056804        0               0.01004
71      409.30033     -  409.34033      -5.30320311223        15               0.04
72      409.35037     -  409.35037      -5.1224201432        12               0.0
73      409.36033     -  409.40033      -5.30320311223        15               0.04
74      409.41037     -  409.58056      -5.35718056804        0               0.17019
75      409.59033     -  409.60032      -5.22855523248        8               0.00999000000002
76      409.61038     -  409.72103      -5.35718056804        0               0.11065
77      409.73033     -  409.89038      -5.30320311223        15               0.16005
78      409.90036     -  409.99033      -5.35718056804        0               0.08997
79      410.00033     -  410.00033      -5.22855523248        8               0.0
80      410.01033     -  410.12033      -5.35718056804        0               0.11
81      410.13038     -  410.13038      -5.22855523248        8               0.0
82      410.14044     -  410.22104      -5.3894520085        11               0.0806
83      410.23038     -  410.29038      -5.35718056804        0               0.06
84      410.30036     -  410.46038      -5.30320311223        15               0.16002
85      410.47108     -  410.52038      -5.35718056804        0               0.0493
86      410.53036     -  410.53036      -5.22855523248        8               0.0
87      410.54033     -  410.59038      -5.3894520085        11               0.05005
88      410.60038     -  410.84033      -5.42155992244        3               0.23995
89      410.85038     -  410.86033      -5.22855523248        8               0.00995
90      410.87038     -  410.90033      -5.45240944489        14               0.02995
91      410.91038     -  410.92038      -5.22855523248        8               0.01
92      410.93033     -  410.97104      -5.45240944489        14               0.04071
93      410.98038     -  411.02033      -5.26491967193        5               0.03995
94      411.03038     -  411.05033      -5.1224201432        12               0.01995
95      411.06033     -  411.07038      -5.20591431352        2               0.01005
96      411.08038     -  411.10033      -5.26491967193        5               0.01995
97      411.11139     -  411.23038      -5.20591431352        2               0.11899
98      411.24037     -  411.25033      -5.10848442193        6               0.00996000000004
99      411.26032     -  411.32037      -5.16120575951        10               0.06005
100      411.33038     -  411.56038      -5.10848442193        6               0.23
101      411.57037     -  411.69037      -5.16120575951        10               0.12
102      411.70033     -  411.74033      -5.20591431352        2               0.04
103      411.75176     -  411.97032      -5.16120575951        10               0.21856
104      411.98033     -  412.05032      -5.10848442193        6               0.06999
105      412.06033     -  412.19038      -5.16120575951        10               0.13005
106      412.20032     -  412.25038      -5.10848442193        6               0.05006
107      412.26037     -  412.34032      -5.26491967193        5               0.07995
108      412.35033     -  412.69033      -5.20591431352        2               0.34
109      412.70037     -  412.72033      -5.1224201432        12               0.01996
110      412.73037     -  412.79033      -5.20591431352        2               0.05996
111      412.80038     -  412.80038      -5.1224201432        12               0.0
112      412.81038     -  412.96037      -5.30320311223        15               0.14999
113      412.97078     -  412.99037      -5.22855523248        8               0.01959
114      413.00177     -  413.26037      -5.45240944489        14               0.2586
115      413.27037     -  413.42033      -5.3894520085        11               0.14996
116      413.43032     -  413.84032      -5.42155992244        3               0.41
117      413.85032     -  414.12037      -5.35718056804        0               0.27005
118      414.13032     -  414.28053      -5.30320311223        15               0.15021
119      414.29033     -  414.34037      -5.26491967193        5               0.05004
120      414.35038     -  414.54036      -5.20591431352        2               0.18998
121      414.55037     -  414.76037      -5.26491967193        5               0.21
122      414.77033     -  414.91038      -5.30320311223        15               0.14005
123      414.92033     -  415.19037      -5.26491967193        5               0.27004
124      415.20037     -  415.21033      -5.20591431352        2               0.00995999999998
125      415.22033     -  415.22033      -5.1224201432        12               0.0
126      415.23037     -  415.41037      -5.30320311223        15               0.18
127      415.42037     -  415.66033      -5.26491967193        5               0.23996
128      415.67037     -  415.96032      -5.30320311223        15               0.28995
129      415.97102     -  416.13036      -5.35718056804        0               0.15934
130      416.14033     -  416.27032      -5.30320311223        15               0.12999
131      416.28057     -  416.46036      -5.35718056804        0               0.17979
132      416.47033     -  416.48032      -5.22855523248        8               0.00999000000002
133      416.49033     -  416.52032      -5.35718056804        0               0.0299900000001
134      416.53053     -  416.72083      -5.30320311223        15               0.1903
135      416.73033     -  416.8904      -5.26491967193        5               0.16007
136      416.90032     -  416.98032      -5.20591431352        2               0.08
137      416.99037     -  417.03033      -5.16120575951        10               0.03996
138      417.04032     -  417.06036      -5.1224201432        12               0.02004
139      417.07037     -  417.16037      -5.20591431352        2               0.09
140      417.17037     -  417.22033      -5.10848442193        6               0.04996
141      417.23036     -  417.32031      -5.07633786817        1               0.08995
142      417.33038     -  417.41033      -5.10848442193        6               0.07995
143      417.42038     -  417.54032      -5.16120575951        10               0.11994
144      417.55032     -  417.57037      -5.10848442193        6               0.02005
145      417.58032     -  417.61033      -5.16120575951        10               0.03001
146      417.62032     -  417.76036      -5.10848442193        6               0.14004
147      417.77033     -  417.83038      -5.20591431352        2               0.06005
148      417.84037     -  417.91038      -5.26491967193        5               0.07001
149      417.92036     -  417.95037      -5.20591431352        2               0.03001
150      417.96032     -  418.09038      -5.26491967193        5               0.13006
151      418.10037     -  418.13033      -5.20591431352        2               0.02996
152      418.1404     -  418.36142      -5.26491967193        5               0.22102
153      418.37037     -  418.40032      -5.1224201432        12               0.02995
154      418.41033     -  418.46032      -5.20591431352        2               0.04999
155      418.47038     -  418.54032      -5.10848442193        6               0.06994
156      418.55038     -  418.97038      -5.16120575951        10               0.42
157      418.98032     -  418.99038      -5.30320311223        15               0.01006
158      419.00044     -  419.00044      -4.81535957879        4               0.0
159      419.01033     -  419.35037      -4.53873956523        13               0.34004
160      419.36038     -  419.72037      -5.16120575951        10               0.35999
161      419.73032     -  419.73032      -5.07633786817        1               0.0
162      419.74037     -  419.84036      -4.35500403736        7               0.09999
163      419.85031     -  419.87036      -4.81535957879        4               0.02005
164      419.88036     -  419.89036      -5.10848442193        6               0.00999999999999
165      419.90036     -  419.93031      -5.16120575951        10               0.02995
166      419.94031     -  419.97084      -5.10848442193        6               0.03053
167      419.98036     -  420.00033      -5.16120575951        10               0.01997
168      420.01032     -  420.06037      -5.10848442193        6               0.05005
169      420.07037     -  420.10037      -5.16120575951        10               0.03
170      420.11037     -  420.19037      -5.20591431352        2               0.08
171      420.20033     -  420.26033      -5.16120575951        10               0.06
172      420.27037     -  420.38033      -5.10848442193        6               0.10996
173      420.39032     -  420.58033      -5.20591431352        2               0.19001
174      420.59037     -  420.66038      -5.26491967193        5               0.07001
175      420.67036     -  420.77038      -5.30320311223        15               0.10002
176      420.78032     -  420.78032      -4.81535957879        4               0.0
177      420.79033     -  420.95036      -5.30320311223        15               0.16003
178      420.96038     -  421.15037      -5.26491967193        5               0.18999
179      421.16033     -  421.24033      -5.20591431352        2               0.08
180      421.25037     -  421.26038      -5.10848442193        6               0.01001
181      421.27032     -  421.37032      -5.16120575951        10               0.1
182      421.38038     -  421.39042      -5.10848442193        6               0.01004
183      421.40036     -  421.50032      -4.98468572198        9               0.09996
184      421.51033     -  422.67032      -5.07633786817        1               1.15999
185      422.68036     -  422.70036      -4.98468572198        9               0.02
186      422.71037     -  422.74032      -4.81535957879        4               0.02995
187      422.75115     -  422.79032      -5.10848442193        6               0.03917
188      422.80037     -  423.42037      -5.07633786817        1               0.62
189      423.43033     -  423.47037      -4.98468572198        9               0.04004
190      423.48032     -  423.65032      -5.07633786817        1               0.17
191      423.66037     -  423.68033      -5.10848442193        6               0.01996
192      423.69037     -  423.73037      -5.16120575951        10               0.04
193      423.74037     -  423.76037      -5.10848442193        6               0.02
194      423.77037     -  424.53033      -4.98468572198        9               0.75996
195      424.54037     -  424.64044      -5.07633786817        1               0.10007
196      424.65037     -  425.31037      -4.35500403736        7               0.66
197      425.32032     -  425.32032      -4.81535957879        4               0.0
198      425.33033     -  425.65036      -4.35500403736        7               0.32003
199      425.66033     -  425.66033      -4.81535957879        4               0.0
200      425.67031     -  425.70032      -4.35500403736        7               0.03001
201      425.71037     -  425.71037      -4.81535957879        4               0.0
202      425.72037     -  425.93033      -4.35500403736        7               0.20996
203      425.94037     -  425.94037      -4.81535957879        4               0.0
204      425.95033     -  426.06037      -4.98468572198        9               0.11004
205      426.07037     -  426.36143      -5.07633786817        1               0.29106
206      426.37037     -  426.37037      -5.10848442193        6               0.0
207      426.38033     -  426.52037      -5.16120575951        10               0.14004
208      426.53047     -  426.56037      -5.1224201432        12               0.0299
209      426.57037     -  426.68036      -5.30320311223        15               0.10999
210      426.69037     -  426.70036      -5.1224201432        12               0.00999000000002
211      426.71032     -  426.76037      -5.20591431352        2               0.05005
212      426.77032     -  426.87032      -5.26491967193        5               0.1
213      426.88037     -  427.04037      -5.20591431352        2               0.16
214      427.05033     -  427.33037      -5.16120575951        10               0.28004
215      427.34037     -  427.64032      -5.20591431352        2               0.29995
216      427.65037     -  427.66037      -5.1224201432        12               0.00999999999999
217      427.67033     -  427.78037      -5.20591431352        2               0.11004
218      427.79033     -  427.81037      -5.10848442193        6               0.02004
219      427.82032     -  427.90033      -4.98468572198        9               0.08001
220      427.91032     -  427.93037      -5.07633786817        1               0.02005
221      427.94033     -  428.11149      -4.98468572198        9               0.17116
222      428.12036     -  428.12036      -5.10848442193        6               0.0
223      428.13037     -  428.24037      -5.16120575951        10               0.11
224      428.25037     -  428.26032      -5.20591431352        2               0.00995
225      428.27033     -  428.35033      -5.26491967193        5               0.08
226      428.36146     -  428.40037      -5.20591431352        2               0.03891
227      428.41032     -  428.72037      -5.26491967193        5               0.31005
228      428.73033     -  428.97033      -5.20591431352        2               0.24
229      428.98032     -  429.25115      -5.26491967193        5               0.27083
230      429.26038     -  429.28043      -5.30320311223        15               0.02005
231      429.29037     -  429.77033      -5.35718056804        0               0.47996
232      429.78033     -  429.87038      -5.30320311223        15               0.09005
233      429.88038     -  429.95038      -5.35718056804        0               0.07
234      429.96038     -  430.23031      -5.30320311223        15               0.26993
235      430.24034     -  431.47093      -5.35718056804        0               1.23059
236      431.48036     -  431.71032      -5.30320311223        15               0.22996
237      431.72038     -  431.73037      -5.1224201432        12               0.00999000000002
238      431.74033     -  431.76038      -5.20591431352        2               0.02005
239      431.77032     -  431.78033      -5.10848442193        6               0.01001
240      431.79032     -  432.26036      -4.98468572198        9               0.47004
241      432.27037     -  432.51038      -4.35500403736        7               0.24001
242      432.52038     -  432.52038      -4.81535957879        4               0.0
243      432.53038     -  432.76038      -4.98468572198        9               0.23
244      432.77038     -  432.7805      -5.10848442193        6               0.01012
245      432.79033     -  432.84033      -5.16120575951        10               0.05
246      432.85034     -  432.85034      -5.1224201432        12               0.0
247      432.86143     -  432.86143      -5.22855523248        8               0.0
248      432.87038     -  432.94038      -5.35718056804        0               0.07
249      432.95031     -  432.96033      -4.81535957879        4               0.01002
250      432.97092     -  433.20034      -4.35500403736        7               0.22942
251      433.21033     -  434.17033      -4.98468572198        9               0.96
252      434.18037     -  434.26037      -5.20591431352        2               0.08
253      434.27038     -  434.42038      -4.98468572198        9               0.15
254      434.43033     -  434.43033      -4.81535957879        4               0.0
255      434.44038     -  434.51036      -4.98468572198        9               0.06998
256      434.52036     -  435.09038      -5.30320311223        15               0.57002
257      435.10038     -  435.13033      -5.22855523248        8               0.02995
258      435.14044     -  435.21038      -5.35718056804        0               0.06994
259      435.22036     -  435.36145      -5.30320311223        15               0.14109
260      435.37033     -  435.38037      -5.22855523248        8               0.01004
261      435.39044     -  435.49033      -5.35718056804        0               0.09989
262      435.50117     -  435.51036      -5.30320311223        15               0.00918999999999
263      435.52033     -  435.55033      -5.07633786817        1               0.03
264      435.56036     -  435.57032      -5.22855523248        8               0.00995999999998
265      435.58032     -  435.62032      -5.35718056804        0               0.04
266      435.63033     -  435.72098      -5.30320311223        15               0.09065
267      435.73038     -  435.76037      -5.26491967193        5               0.02999
268      435.77033     -  435.77033      -5.1224201432        12               0.0
269      435.78037     -  435.88033      -5.26491967193        5               0.09996
270      435.8904     -  435.8904      -5.1224201432        12               0.0
271      435.90033     -  436.03037      -5.30320311223        15               0.13004
272      436.04033     -  436.10038      -5.35718056804        0               0.06005
273      436.11032     -  436.18033      -5.30320311223        15               0.07001
274      436.19032     -  436.45036      -5.35718056804        0               0.26004
275      436.46037     -  436.53032      -4.81535957879        4               0.06995
276      436.54033     -  436.54033      -5.35718056804        0               0.0
277      436.55032     -  436.63036      -4.81535957879        4               0.08004
278      436.64037     -  436.66038      -4.53873956523        13               0.02001
279      436.67037     -  436.69036      -4.81535957879        4               0.01999
280      436.70037     -  436.73036      -4.53873956523        13               0.02999
281      436.74038     -  436.75037      -4.81535957879        4               0.00998999999996
282      436.76033     -  436.86032      -4.53873956523        13               0.09999
283      436.87033     -  436.88032      -4.81535957879        4               0.00998999999996
284      436.89033     -  436.92037      -4.53873956523        13               0.03004
285      436.93033     -  436.93033      -4.81535957879        4               0.0
286      436.94032     -  437.03033      -4.53873956523        13               0.09001
287      437.04032     -  437.21032      -4.81535957879        4               0.17
288      437.22037     -  437.24037      -4.53873956523        13               0.02
289      437.25032     -  437.37036      -4.81535957879        4               0.12004
290      437.38037     -  437.50037      -5.35718056804        0               0.12
291      437.51037     -  437.78037      -5.30320311223        15               0.27
292      437.79033     -  437.79033      -5.1224201432        12               0.0
293      437.80032     -  437.84032      -5.26491967193        5               0.04
294      437.85037     -  438.05038      -5.20591431352        2               0.20001
295      438.06032     -  438.09032      -5.10848442193        6               0.03
296      438.10032     -  438.14043      -4.53873956523        13               0.04011
297      438.15037     -  438.15037      -4.81535957879        4               0.0
298      438.16032     -  438.16032      -4.53873956523        13               0.0
299      438.17037     -  438.28049      -5.16120575951        10               0.11012
300      438.29032     -  438.29032      -5.1224201432        12               0.0
301      438.30037     -  438.32037      -5.20591431352        2               0.02
302      438.33037     -  438.36037      -5.1224201432        12               0.03
303      438.37032     -  438.48038      -5.20591431352        2               0.11006
304      438.49037     -  438.54033      -5.26491967193        5               0.04996
305      438.55032     -  438.57037      -5.20591431352        2               0.02005
306      438.58037     -  438.63037      -5.10848442193        6               0.05
307      438.64044     -  438.70033      -5.20591431352        2               0.05989
308      438.71032     -  438.72033      -5.1224201432        12               0.01001
309      438.73037     -  438.74037      -5.20591431352        2               0.00999999999999
310      438.75037     -  438.96038      -5.26491967193        5               0.21001
311      438.97101     -  438.98037      -5.20591431352        2               0.00936000000002
312      438.99032     -  439.00041      -5.1224201432        12               0.01009
313      439.01032     -  439.06032      -5.16120575951        10               0.05
314      439.07038     -  439.16032      -5.10848442193        6               0.08994
315      439.17033     -  439.221      -5.26491967193        5               0.05067
316      439.23032     -  439.23032      -5.20591431352        2               0.0
317      439.24037     -  439.30032      -5.16120575951        10               0.05995
318      439.31033     -  439.43033      -5.10848442193        6               0.12
319      439.44032     -  439.45033      -5.26491967193        5               0.01001
320      439.46032     -  439.59032      -5.20591431352        2               0.13
321      439.60033     -  439.62033      -5.10848442193        6               0.02
322      439.63037     -  439.78045      -5.16120575951        10               0.15008
323      439.79032     -  439.86037      -5.10848442193        6               0.07005
324      439.87037     -  440.01037      -5.07633786817        1               0.14
325      440.02037     -  440.05037      -5.10848442193        6               0.03
326      440.06037     -  440.10037      -5.20591431352        2               0.04
327      440.11153     -  440.14043      -5.10848442193        6               0.0289
328      440.15038     -  440.29038      -5.16120575951        10               0.14
329      440.30037     -  440.31038      -5.10848442193        6               0.01001
330      440.32032     -  440.36037      -5.07633786817        1               0.04005
331      440.37033     -  440.42032      -5.10848442193        6               0.04999
332      440.43032     -  440.49037      -5.35718056804        0               0.06005
333      440.50032     -  440.57038      -5.30320311223        15               0.07006
334      440.58032     -  440.58032      -5.1224201432        12               0.0
335      440.59033     -  440.65033      -5.16120575951        10               0.06
336      440.66032     -  440.68032      -5.10848442193        6               0.02
337      440.6904     -  440.73037      -5.16120575951        10               0.03997
338      440.74032     -  440.76032      -5.1224201432        12               0.02
339      440.77038     -  440.83033      -5.20591431352        2               0.05995
340      440.84037     -  440.88037      -5.1224201432        12               0.04
341      440.89037     -  440.89037      -5.22855523248        8               0.0
342      440.90037     -  440.90037      -5.3894520085        11               0.0
343      440.91037     -  441.02032      -5.42155992244        3               0.10995
344      441.03051     -  441.19033      -5.35718056804        0               0.15982
345      441.20032     -  442.28049      -5.3894520085        11               1.08017
346      442.29033     -  442.31032      -5.16120575951        10               0.01999
347      442.32037     -  442.33043      -5.1224201432        12               0.01006
348      442.34036     -  442.37037      -5.30320311223        15               0.03001
349      442.38033     -  442.38033      -5.22855523248        8               0.0
350      442.39037     -  442.42033      -5.3894520085        11               0.02996
351      442.43037     -  442.48033      -5.16120575951        10               0.04996
352      442.49032     -  442.52038      -5.35718056804        0               0.03006
353      442.53032     -  442.53032      -5.22855523248        8               0.0
354      442.54037     -  442.54037      -5.35718056804        0               0.0
355      442.55037     -  442.74038      -5.30320311223        15               0.19001
356      442.75116     -  442.78051      -5.35718056804        0               0.02935
357      442.79037     -  442.92031      -5.42155992244        3               0.12994
358      442.93037     -  443.24033      -5.35718056804        0               0.30996
359      443.25041     -  443.65037      -5.3894520085        11               0.39996
360      443.66032     -  443.721      -5.35718056804        0               0.06068
361      443.73037     -  443.77033      -5.30320311223        15               0.03996
362      443.78051     -  443.88032      -5.35718056804        0               0.09981
363      443.89041     -  444.27037      -5.42155992244        3               0.37996
364      444.28033     -  444.29032      -5.22855523248        8               0.00999000000002
365      444.30033     -  444.38038      -5.3894520085        11               0.08005
366      444.39037     -  444.43054      -5.42155992244        3               0.04017
367      444.44033     -  444.44033      -5.22855523248        8               0.0
368      444.45036     -  444.53032      -5.3894520085        11               0.07996
369      444.54037     -  444.56033      -5.16120575951        10               0.01996
370      444.57036     -  444.62032      -5.30320311223        15               0.04996
371      444.63032     -  444.70036      -5.35718056804        0               0.07004
372      444.71038     -  445.0004      -5.42155992244        3               0.29002
373      445.01037     -  445.01037      -5.22855523248        8               0.0
374      445.02037     -  445.25037      -5.3894520085        11               0.23
375      445.26037     -  445.32032      -5.35718056804        0               0.05995
376      445.33033     -  445.40037      -5.30320311223        15               0.07004
377      445.41038     -  445.49038      -5.35718056804        0               0.08
378      445.5004     -  445.5004      -5.22855523248        8               0.0
379      445.51032     -  445.84037      -5.3894520085        11               0.33005
380      445.85037     -  446.10033      -5.42155992244        3               0.24996
381      446.11032     -  446.27046      -5.35718056804        0               0.16014
382      446.28054     -  446.71038      -5.42155992244        3               0.42984
383      446.72037     -  447.23033      -5.3894520085        11               0.50996
384      447.24037     -  447.30037      -5.35718056804        0               0.06
385      447.31033     -  447.43031      -5.30320311223        15               0.11998
386      447.44079     -  447.58038      -5.07633786817        1               0.13959
387      447.59032     -  447.74038      -5.16120575951        10               0.15006
388      447.75032     -  447.80043      -5.10848442193        6               0.05011
389      447.81032     -  448.02038      -5.35718056804        0               0.21006
390      448.03037     -  448.03037      -5.22855523248        8               0.0
391      448.04033     -  448.06038      -5.1224201432        12               0.02005
392      448.0704     -  448.08033      -4.81535957879        4               0.00993
393      448.09032     -  448.11156      -5.10848442193        6               0.02124
394      448.12037     -  448.15032      -5.16120575951        10               0.02995
395      448.16033     -  448.17032      -5.1224201432        12               0.00999000000002
396      448.18033     -  448.18033      -5.22855523248        8               0.0
397      448.19045     -  448.2504      -5.35718056804        0               0.05995
398      448.26037     -  448.32036      -5.30320311223        15               0.05999
399      448.33041     -  448.35032      -5.1224201432        12               0.01991
400      448.36167     -  448.41033      -5.16120575951        10               0.04866
401      448.42037     -  448.42037      -5.1224201432        12               0.0
402      448.43056     -  448.45033      -5.20591431352        2               0.01977
403      448.46032     -  448.48032      -5.1224201432        12               0.02
404      448.49033     -  448.54037      -5.20591431352        2               0.05004
405      448.55033     -  448.61157      -5.10848442193        6               0.06124
406      448.62037     -  448.77033      -5.07633786817        1               0.14996
407      448.78047     -  448.78047      -5.10848442193        6               0.0
408      448.79038     -  448.80037      -5.16120575951        10               0.00998999999996
409      448.81033     -  448.81033      -5.1224201432        12               0.0
410      448.82037     -  448.94038      -5.20591431352        2               0.12001
411      448.95031     -  449.03032      -5.16120575951        10               0.08001
412      449.04037     -  449.04037      -5.1224201432        12               0.0
413      449.05031     -  449.13092      -5.20591431352        2               0.08061
414      449.14037     -  449.22033      -5.26491967193        5               0.07996
415      449.23032     -  449.31037      -5.20591431352        2               0.08005
416      449.32033     -  449.32033      -5.1224201432        12               0.0
417      449.33037     -  449.37037      -5.16120575951        10               0.04
418      449.38038     -  449.38038      -5.20591431352        2               0.0
419      449.39037     -  449.43032      -5.26491967193        5               0.03995
420      449.44033     -  449.46033      -5.20591431352        2               0.02
421      449.47032     -  449.51037      -5.10848442193        6               0.04005
422      449.52038     -  449.65037      -5.16120575951        10               0.12999
423      449.66038     -  449.69037      -5.30320311223        15               0.02999
424      449.70033     -  449.78051      -5.1224201432        12               0.08018
425      449.79032     -  450.13037      -5.20591431352        2               0.34005
426      450.14037     -  450.18037      -5.26491967193        5               0.04
427      450.19032     -  450.61032      -5.20591431352        2               0.42
428      450.62033     -  450.80038      -5.16120575951        10               0.18005
429      450.81032     -  450.82033      -5.1224201432        12               0.01001
430      450.83032     -  450.86033      -5.20591431352        2               0.03001
431      450.87032     -  450.87032      -5.1224201432        12               0.0
432      450.88038     -  451.02037      -5.20591431352        2               0.13999
433      451.03032     -  451.03032      -5.1224201432        12               0.0
434      451.04033     -  451.10037      -5.16120575951        10               0.06004
435      451.11032     -  451.13032      -5.1224201432        12               0.02
436      451.14037     -  451.32032      -5.16120575951        10               0.17995
437      451.33044     -  451.50041      -5.3894520085        11               0.16997
438      451.51033     -  451.67033      -5.16120575951        10               0.16
439      451.68037     -  451.68037      -5.1224201432        12               0.0
440      451.69037     -  451.721      -5.20591431352        2               0.03063
441      451.73037     -  451.77037      -5.16120575951        10               0.04
442      451.78037     -  451.79033      -5.10848442193        6               0.00995999999998
443      451.80032     -  451.87033      -5.16120575951        10               0.07001
444      451.88037     -  451.93033      -5.10848442193        6               0.04996
445      451.94032     -  451.94032      -5.07633786817        1               0.0
446      451.95033     -  451.96032      -5.10848442193        6               0.00999000000002
447      451.97037     -  452.09037      -5.16120575951        10               0.12
448      452.10032     -  452.17033      -5.20591431352        2               0.07001
449      452.18032     -  452.19042      -5.1224201432        12               0.0101
450      452.20036     -  452.29033      -5.16120575951        10               0.08997
451      452.30037     -  452.33039      -5.1224201432        12               0.03002
452      452.34031     -  452.39033      -5.16120575951        10               0.05002
453      452.40037     -  452.41033      -5.10848442193        6               0.00995999999998
454      452.42032     -  452.51037      -5.07633786817        1               0.09005
455      452.52037     -  452.58032      -5.10848442193        6               0.05995
456      452.59038     -  452.69033      -5.16120575951        10               0.09995
457      452.70036     -  452.71038      -5.10848442193        6               0.01002
458      452.72105     -  452.74037      -5.07633786817        1               0.01932
459      452.75033     -  452.88031      -5.10848442193        6               0.12998
460      452.89031     -  452.89031      -5.07633786817        1               0.0
461      452.90036     -  453.06038      -5.10848442193        6               0.16002
462      453.07037     -  453.17032      -5.16120575951        10               0.09995
463      453.18038     -  453.27032      -5.10848442193        6               0.08994
464      453.28033     -  453.39037      -5.16120575951        10               0.11004
465      453.40033     -  453.40033      -5.1224201432        12               0.0
466      453.41037     -  453.61032      -5.16120575951        10               0.19995
467      453.62033     -  453.63032      -5.1224201432        12               0.00998999999996
468      453.64041     -  453.85037      -5.16120575951        10               0.20996
469      453.86159     -  453.88033      -5.10848442193        6               0.01874
470      453.89032     -  453.93058      -5.16120575951        10               0.04026
471      453.94038     -  453.94038      -5.1224201432        12               0.0
472      453.95036     -  454.03032      -5.16120575951        10               0.07996
473      454.04038     -  454.04038      -5.1224201432        12               0.0
474      454.05037     -  454.07037      -5.20591431352        2               0.02
475      454.08038     -  454.08038      -5.1224201432        12               0.0
476      454.09032     -  454.37032      -5.20591431352        2               0.28
477      454.38033     -  454.42037      -5.1224201432        12               0.04004
478      454.43032     -  454.47102      -4.81535957879        4               0.0407
479      454.48033     -  454.49037      -4.53873956523        13               0.01004
480      454.50037     -  454.51032      -4.81535957879        4               0.00995
481      454.52033     -  454.67032      -4.53873956523        13               0.14999
482      454.68033     -  454.70033      -4.81535957879        4               0.02
483      454.71032     -  454.77032      -4.53873956523        13               0.06
484      454.78033     -  454.80038      -4.81535957879        4               0.02005
485      454.81037     -  454.81037      -4.53873956523        13               0.0
486      454.82038     -  454.82038      -4.81535957879        4               0.0
487      454.83037     -  454.94042      -4.53873956523        13               0.11005
488      454.95032     -  454.98037      -4.81535957879        4               0.03005
489      454.99037     -  455.01036      -4.53873956523        13               0.01999
490      455.02038     -  455.02038      -4.81535957879        4               0.0
491      455.03052     -  455.19033      -4.53873956523        13               0.15981
492      455.20037     -  455.20037      -4.81535957879        4               0.0
493      455.21033     -  455.22037      -4.53873956523        13               0.01004
494      455.23033     -  455.23033      -4.81535957879        4               0.0
495      455.24037     -  455.33043      -4.53873956523        13               0.09006
496      455.34036     -  455.35061      -4.81535957879        4               0.01025
497      455.3616     -  455.37037      -4.53873956523        13               0.00876999999997
498      455.38032     -  455.42032      -4.81535957879        4               0.04
499      455.43037     -  455.44032      -4.53873956523        13               0.00995
500      455.45033     -  455.50032      -4.81535957879        4               0.04999
501      455.51037     -  455.61033      -4.53873956523        13               0.09996
502      455.62032     -  455.63038      -4.81535957879        4               0.01006
503      455.64037     -  455.72102      -4.35500403736        7               0.08065
504      455.73037     -  456.18037      -5.07633786817        1               0.45
505      456.19037     -  456.44033      -5.10848442193        6               0.24996
506      456.45036     -  456.63037      -5.07633786817        1               0.18001
507      456.64032     -  456.67037      -5.10848442193        6               0.03005
508      456.68037     -  456.68037      -4.53873956523        13               0.0
509      456.69043     -  456.77033      -5.16120575951        10               0.0799
510      456.78032     -  456.80032      -5.10848442193        6               0.02
511      456.81037     -  456.881      -5.07633786817        1               0.07063
512      456.89033     -  456.99033      -5.10848442193        6               0.1
513      457.00032     -  457.10037      -5.07633786817        1               0.10005
514      457.11161     -  457.11161      -5.22855523248        8               0.0
515      457.12037     -  457.17038      -5.35718056804        0               0.05001
516      457.18032     -  457.30037      -5.07633786817        1               0.12005
517      457.31037     -  457.37032      -5.26491967193        5               0.05995
518      457.38038     -  457.45032      -5.30320311223        15               0.06994
519      457.46033     -  457.56033      -5.35718056804        0               0.1
520      457.57037     -  458.22037      -5.30320311223        15               0.65
521      458.23033     -  458.25033      -5.1224201432        12               0.02
522      458.26037     -  458.26037      -5.22855523248        8               0.0
523      458.27037     -  458.32037      -5.35718056804        0               0.05
524      458.33043     -  458.3616      -5.30320311223        15               0.03117
525      458.37037     -  458.39042      -5.1224201432        12               0.02005
526      458.40032     -  458.49033      -5.26491967193        5               0.0900099999999
527      458.50032     -  458.62037      -5.07633786817        1               0.12005
528      458.63033     -  458.67033      -4.98468572198        9               0.04
529      458.68032     -  458.68032      -5.22855523248        8               0.0
530      458.69037     -  458.72032      -5.35718056804        0               0.02995
531      458.73033     -  458.75037      -5.30320311223        15               0.02004
532      458.76037     -  458.79032      -5.1224201432        12               0.02995
533      458.80032     -  459.03038      -4.81535957879        4               0.23006
534      459.04037     -  459.14032      -4.98468572198        9               0.09995
535      459.15032     -  459.28032      -5.26491967193        5               0.13
536      459.29033     -  459.35037      -5.30320311223        15               0.06004
537      459.36163     -  459.41033      -5.1224201432        12               0.0487
538      459.42032     -  459.44037      -5.26491967193        5               0.02005
539      459.45037     -  459.59033      -5.07633786817        1               0.13996
540      459.60037     -  459.65033      -5.10848442193        6               0.04996
541      459.66037     -  459.66037      -5.16120575951        10               0.0
542      459.67033     -  459.70037      -5.1224201432        12               0.03004
543      459.71033     -  459.88037      -5.20591431352        2               0.17004
544      459.89048     -  459.91033      -5.1224201432        12               0.01985
545      459.92031     -  460.00041      -5.30320311223        15               0.0801
546      460.01036     -  460.07038      -5.07633786817        1               0.06002
547      460.08037     -  460.08037      -5.22855523248        8               0.0
548      460.09033     -  460.24037      -5.35718056804        0               0.15004
549      460.25048     -  460.26032      -5.22855523248        8               0.00984
550      460.27033     -  460.43037      -5.3894520085        11               0.16004
551      460.44092     -  460.45037      -5.16120575951        10               0.00945000000002
552      460.46038     -  460.51037      -5.20591431352        2               0.04999
553      460.52037     -  460.63037      -5.26491967193        5               0.11
554      460.64038     -  460.68033      -5.1224201432        12               0.03995
555      460.69037     -  460.69037      -5.22855523248        8               0.0
556      460.70033     -  461.02037      -5.3894520085        11               0.32004
557      461.03032     -  461.03032      -5.35718056804        0               0.0
558      461.04033     -  461.25032      -5.30320311223        15               0.20999
559      461.26033     -  461.38037      -5.35718056804        0               0.12004
560      461.39037     -  461.53032      -5.30320311223        15               0.13995
561      461.54037     -  461.55032      -5.1224201432        12               0.00995
562      461.56037     -  461.56037      -5.22855523248        8               0.0
563      461.57032     -  461.75037      -5.3894520085        11               0.18005
564      461.76037     -  461.78037      -5.35718056804        0               0.02
565      461.79037     -  461.82033      -5.30320311223        15               0.02996
566      461.83037     -  461.85037      -5.1224201432        12               0.02
567      461.86172     -  461.87032      -5.16120575951        10               0.0086
568      461.88033     -  461.91063      -5.10848442193        6               0.0303
569      461.92033     -  461.94033      -5.16120575951        10               0.02
570      461.95032     -  462.02033      -5.1224201432        12               0.07001
571      462.03032     -  462.03032      -5.22855523248        8               0.0
572      462.04037     -  462.24033      -5.3894520085        11               0.19996
573      462.25032     -  462.31037      -5.16120575951        10               0.06005
574      462.32033     -  462.48037      -5.35718056804        0               0.16004
575      462.49033     -  462.50037      -5.22855523248        8               0.01004
576      462.51033     -  462.56037      -5.35718056804        0               0.05004
577      462.57033     -  462.65038      -5.30320311223        15               0.08005
578      462.66037     -  462.66037      -5.22855523248        8               0.0
579      462.67033     -  462.78037      -5.3894520085        11               0.11004
580      462.79032     -  463.04038      -5.42155992244        3               0.25006
581      463.05045     -  463.05045      -5.22855523248        8               0.0
582      463.06033     -  463.16038      -5.3894520085        11               0.10005
583      463.17036     -  463.67032      -5.42155992244        3               0.49996
584      463.68033     -  463.68033      -5.22855523248        8               0.0
585      463.69032     -  463.84037      -5.3894520085        11               0.15005
586      463.85037     -  464.06032      -5.42155992244        3               0.20995
587      464.07033     -  464.07033      -5.22855523248        8               0.0
588      464.08043     -  464.16032      -5.1224201432        12               0.07989
589      464.17037     -  464.41033      -5.20591431352        2               0.23996
590      464.42032     -  464.47033      -5.1224201432        12               0.05001
591      464.48037     -  464.56036      -5.20591431352        2               0.07999
592      464.57143     -  464.57143      -5.1224201432        12               0.0
593      464.58032     -  464.67033      -5.16120575951        10               0.09001
594      464.68036     -  464.71038      -5.1224201432        12               0.03002
595      464.72037     -  464.96037      -5.20591431352        2               0.24
596      464.97038     -  464.98032      -5.1224201432        12               0.00994000000003
597      464.99038     -  465.07033      -5.20591431352        2               0.07995
598      465.08032     -  465.08032      -5.1224201432        12               0.0
599      465.09038     -  465.18037      -5.20591431352        2               0.08999
600      465.19036     -  465.19036      -5.1224201432        12               0.0
601      465.20033     -  465.27037      -5.16120575951        10               0.07004
602      465.28033     -  465.63033      -5.20591431352        2               0.35
603      465.64033     -  465.66038      -5.10848442193        6               0.02005
604      465.67038     -  465.79031      -5.16120575951        10               0.11993
605      465.80064     -  465.85033      -5.20591431352        2               0.04969
606      465.86033     -  465.92033      -5.26491967193        5               0.06
607      465.93038     -  466.01039      -5.20591431352        2               0.08001
608      466.02038     -  466.07064      -5.26491967193        5               0.05026
609      466.08037     -  466.10032      -5.1224201432        12               0.01995
610      466.11169     -  466.13037      -5.20591431352        2               0.01868
611      466.14037     -  466.20031      -5.26491967193        5               0.05994
612      466.21032     -  466.25037      -5.20591431352        2               0.04005
613      466.26037     -  466.27032      -5.1224201432        12               0.00995
614      466.28033     -  466.46037      -5.20591431352        2               0.18004
615      466.47036     -  466.47036      -5.1224201432        12               0.0
616      466.48033     -  466.48033      -5.22855523248        8               0.0
617      466.49037     -  466.68033      -5.3894520085        11               0.18996
618      466.69037     -  466.73032      -5.42155992244        3               0.03995
619      466.74033     -  466.74033      -5.22855523248        8               0.0
620      466.75032     -  466.75032      -5.1224201432        12               0.0
621      466.76033     -  466.82079      -5.20591431352        2               0.06046
622      466.83044     -  466.90033      -5.26491967193        5               0.06989
623      466.91037     -  467.26038      -5.20591431352        2               0.35001
624      467.27036     -  467.29036      -5.1224201432        12               0.02
625      467.30038     -  467.50049      -5.16120575951        10               0.20011
626      467.51036     -  467.68038      -5.10848442193        6               0.17002
627      467.69032     -  467.74038      -5.16120575951        10               0.05006
628      467.7504     -  468.13032      -5.10848442193        6               0.37992
629      468.14037     -  468.17037      -5.16120575951        10               0.03
630      468.18033     -  468.23032      -5.20591431352        2               0.04999
631      468.24033     -  468.28037      -5.10848442193        6               0.04004
632      468.29032     -  468.65032      -5.07633786817        1               0.36
633      468.66033     -  468.70037      -5.10848442193        6               0.04004
634      468.71037     -  468.88038      -5.16120575951        10               0.17001
635      468.89041     -  468.93032      -5.10848442193        6               0.03991
636      468.94033     -  468.99032      -5.16120575951        10               0.04999
637      469.00041     -  469.00041      -5.10848442193        6               0.0
638      469.01031     -  469.13038      -5.07633786817        1               0.12007
639      469.14041     -  469.16032      -5.10848442193        6               0.01991
640      469.17038     -  469.31038      -5.16120575951        10               0.14
641      469.32032     -  469.33033      -5.10848442193        6               0.01001
642      469.34036     -  469.46032      -4.98468572198        9               0.11996
643      469.47116     -  469.49033      -5.10848442193        6               0.01917
644      469.50041     -  469.56032      -5.16120575951        10               0.05991
645      469.57038     -  469.65032      -5.10848442193        6               0.07994
646      469.66038     -  469.69037      -5.16120575951        10               0.02999
647      469.70038     -  469.78032      -5.10848442193        6               0.07994
648      469.79032     -  469.84038      -5.07633786817        1               0.05006
649      469.85037     -  469.97111      -5.10848442193        6               0.12074
650      469.98032     -  470.00032      -5.07633786817        1               0.02
651      470.01037     -  470.01037      -5.10848442193        6               0.0
652      470.02037     -  470.35038      -5.16120575951        10               0.33001
653      470.36166     -  470.36166      -5.10848442193        6               0.0
654      470.37037     -  470.37037      -4.53873956523        13               0.0
655      470.38032     -  470.38032      -4.81535957879        4               0.0
656      470.39042     -  470.41033      -4.53873956523        13               0.01991
657      470.42037     -  470.42037      -4.81535957879        4               0.0
658      470.43037     -  470.49033      -4.53873956523        13               0.05996
659      470.50042     -  470.53037      -4.81535957879        4               0.02995
660      470.54037     -  470.58037      -4.53873956523        13               0.04
661      470.59037     -  470.60037      -4.81535957879        4               0.00999999999999
662      470.61032     -  470.64041      -4.53873956523        13               0.03009
663      470.65037     -  470.66032      -4.81535957879        4               0.00995
664      470.67037     -  470.69032      -4.53873956523        13               0.01995
665      470.70037     -  470.72112      -4.81535957879        4               0.02075
666      470.73032     -  470.76038      -4.53873956523        13               0.03006
667      470.77037     -  470.77037      -4.81535957879        4               0.0
668      470.78037     -  470.87032      -5.10848442193        6               0.08995
669      470.88037     -  470.93036      -4.98468572198        9               0.04999
670      470.94057     -  471.0808      -5.07633786817        1               0.14023
671      471.09036     -  471.10033      -5.10848442193        6               0.00997000000001
672      471.11167     -  471.27032      -5.16120575951        10               0.15865
673      471.28038     -  471.35036      -5.10848442193        6               0.06998
674      471.36033     -  471.38037      -5.16120575951        10               0.0200400000001
675      471.39042     -  471.39042      -5.1224201432        12               0.0
676      471.40038     -  471.46033      -5.16120575951        10               0.05995
677      471.47032     -  471.48033      -5.1224201432        12               0.01001
678      471.49036     -  471.53036      -5.20591431352        2               0.04
679      471.54036     -  471.64039      -5.26491967193        5               0.10003
680      471.65038     -  471.71033      -5.20591431352        2               0.05995
681      471.72036     -  471.79033      -5.10848442193        6               0.06997
682      471.80032     -  471.82036      -5.16120575951        10               0.02004
683      471.83033     -  471.85038      -5.1224201432        12               0.02005
684      471.86032     -  471.95038      -5.16120575951        10               0.09006
685      471.96032     -  471.96032      -5.1224201432        12               0.0
686      471.97116     -  472.09033      -5.20591431352        2               0.11917
687      472.10036     -  472.10036      -5.10848442193        6               0.0
688      472.11033     -  472.18037      -5.16120575951        10               0.07004
689      472.19035     -  472.19035      -5.1224201432        12               0.0
690      472.20036     -  472.31037      -5.20591431352        2               0.11001
691      472.32032     -  472.41033      -5.16120575951        10               0.09001
692      472.42032     -  472.45038      -5.1224201432        12               0.03006
693      472.46036     -  472.52032      -5.16120575951        10               0.05996
694      472.53033     -  472.64036      -5.10848442193        6               0.11003
695      472.65038     -  472.99032      -5.07633786817        1               0.33994
696      473.00041     -  473.03037      -5.10848442193        6               0.02996
697      473.04033     -  473.08053      -5.16120575951        10               0.0402
698      473.09032     -  473.11037      -5.10848442193        6               0.02005
699      473.12038     -  473.17032      -5.07633786817        1               0.04994
700      473.18033     -  473.18033      -5.10848442193        6               0.0
701      473.19036     -  473.33033      -5.16120575951        10               0.13997
702      473.34032     -  473.41033      -5.10848442193        6               0.07001
703      473.42032     -  473.98036      -5.07633786817        1               0.56004
704      473.99033     -  473.99033      -5.22855523248        8               0.0
705      474.00042     -  474.04032      -5.35718056804        0               0.0399
706      474.05038     -  474.08037      -5.30320311223        15               0.02999
707      474.09033     -  474.42032      -5.26491967193        5               0.32999
708      474.43033     -  474.77038      -5.07633786817        1               0.34005
709      474.78032     -  474.85033      -4.98468572198        9               0.07001
710      474.86037     -  474.93036      -5.10848442193        6               0.06999
711      474.94084     -  475.16038      -5.35718056804        0               0.21954
712      475.17032     -  475.22038      -5.30320311223        15               0.05006
713      475.23037     -  475.61038      -5.35718056804        0               0.38001
714      475.62032     -  475.71038      -5.30320311223        15               0.09006
715      475.72114     -  475.75033      -5.1224201432        12               0.02919
716      475.76036     -  475.77033      -5.20591431352        2               0.00997000000001
717      475.78036     -  475.88032      -5.26491967193        5               0.09996
718      475.89038     -  475.90037      -5.20591431352        2               0.00999000000002
719      475.91038     -  476.01037      -5.10848442193        6               0.09999
720      476.02032     -  476.10032      -5.26491967193        5               0.08
721      476.11176     -  476.12036      -5.1224201432        12               0.0086
722      476.13036     -  476.19037      -5.16120575951        10               0.06001
723      476.20038     -  476.22033      -5.10848442193        6               0.01995
724      476.23032     -  476.43037      -5.16120575951        10               0.20005
725      476.44033     -  476.47032      -5.20591431352        2               0.02999
726      476.48037     -  476.49032      -5.10848442193        6               0.00995
727      476.50043     -  476.6905      -5.07633786817        1               0.19007
728      476.70033     -  476.70033      -5.10848442193        6               0.0
729      476.71032     -  476.89041      -5.16120575951        10               0.18009
730      476.90037     -  476.94032      -5.10848442193        6               0.03995
731      476.95038     -  477.18036      -5.16120575951        10               0.22998
732      477.19037     -  477.30037      -5.10848442193        6               0.11
733      477.31037     -  477.47038      -5.16120575951        10               0.16001
734      477.48037     -  477.53033      -5.10848442193        6               0.04996
735      477.54032     -  477.67033      -5.16120575951        10               0.13001
736      477.68032     -  477.82032      -5.10848442193        6               0.14
737      477.83062     -  478.17032      -5.16120575951        10               0.3397
738      478.18037     -  478.27041      -5.10848442193        6               0.09004
739      478.28033     -  478.38038      -5.16120575951        10               0.10005
740      478.39037     -  478.43037      -5.10848442193        6               0.04
741      478.44033     -  478.90037      -5.16120575951        10               0.46004
742      478.91032     -  478.96033      -5.10848442193        6               0.05001
743      478.97032     -  479.08063      -5.16120575951        10               0.11031
744      479.09036     -  479.21036      -5.20591431352        2               0.12
745      479.22119     -  479.47037      -5.16120575951        10               0.24918
746      479.48037     -  479.5004      -5.10848442193        6               0.02003
747      479.51033     -  479.56032      -5.16120575951        10               0.04999
748      479.57033     -  479.61033      -5.10848442193        6               0.04
749      479.62032     -  479.78037      -5.16120575951        10               0.16005
750      479.79033     -  479.79033      -5.1224201432        12               0.0
751      479.80032     -  479.8617      -5.20591431352        2               0.06138
752      479.87038     -  479.89033      -5.1224201432        12               0.01995
753      479.90036     -  479.97033      -5.16120575951        10               0.06997
754      479.98032     -  479.99038      -5.1224201432        12               0.01006
755      480.00042     -  480.08037      -5.16120575951        10               0.07995
756      480.09033     -  480.11033      -5.1224201432        12               0.02
757      480.12037     -  480.17038      -5.20591431352        2               0.05001
758      480.18037     -  480.22111      -5.1224201432        12               0.04074
759      480.23037     -  480.31033      -5.20591431352        2               0.07996
760      480.32032     -  480.32032      -5.1224201432        12               0.0
761      480.33037     -  480.36167      -5.20591431352        2               0.0313
762      480.37037     -  480.38032      -5.10848442193        6               0.00995
763      480.39042     -  480.52038      -5.07633786817        1               0.12996
764      480.53032     -  480.54038      -5.10848442193        6               0.01006
765      480.55042     -  480.72037      -5.16120575951        10               0.16995
766      480.73038     -  480.96037      -5.20591431352        2               0.22999
767      480.97037     -  481.01033      -5.26491967193        5               0.03996
768      481.02032     -  481.19037      -5.20591431352        2               0.17005
769      481.20031     -  481.20031      -5.1224201432        12               0.0
770      481.21033     -  481.46032      -5.20591431352        2               0.24999
771      481.47118     -  481.57037      -5.16120575951        10               0.09919
772      481.58032     -  481.60032      -5.1224201432        12               0.02
773      481.61033     -  482.19038      -5.20591431352        2               0.58005
774      482.20032     -  482.24032      -5.26491967193        5               0.04
775      482.25043     -  482.26037      -5.1224201432        12               0.00994000000003
776      482.27033     -  482.30036      -5.20591431352        2               0.03003
777      482.31038     -  482.39046      -5.26491967193        5               0.08008
778      482.40031     -  482.65032      -5.20591431352        2               0.25001
779      482.66033     -  482.66033      -5.1224201432        12               0.0
780      482.67036     -  482.69036      -5.20591431352        2               0.02
781      482.70033     -  482.74033      -5.1224201432        12               0.04
782      482.75042     -  483.17038      -5.20591431352        2               0.41996
783      483.18036     -  483.19045      -5.10848442193        6               0.01009
784      483.20032     -  483.44032      -5.16120575951        10               0.24
785      483.45038     -  483.48036      -5.1224201432        12               0.02998
786      483.49033     -  483.71037      -5.20591431352        2               0.22004
787      483.72037     -  483.72037      -5.1224201432        12               0.0
788      483.73037     -  483.79032      -5.30320311223        15               0.05995
789      483.80037     -  483.80037      -5.1224201432        12               0.0
790      483.81032     -  483.95037      -5.26491967193        5               0.14005
791      483.96032     -  483.97037      -5.1224201432        12               0.01005
792      483.98037     -  484.44037      -5.30320311223        15               0.46
793      484.45033     -  484.53032      -5.26491967193        5               0.07999
794      484.54037     -  484.64042      -5.07633786817        1               0.10005
795      484.65036     -  484.93033      -5.26491967193        5               0.27997
796      484.94032     -  484.98036      -5.20591431352        2               0.04004
797      484.99037     -  485.42037      -5.26491967193        5               0.43
798      485.43037     -  485.51033      -5.20591431352        2               0.07996
799      485.52032     -  485.54032      -5.10848442193        6               0.02
800      485.55059     -  485.66054      -5.16120575951        10               0.10995
801      485.67037     -  485.73037      -5.10848442193        6               0.06
802      485.74032     -  485.75048      -5.16120575951        10               0.01016
803      485.76037     -  485.79032      -5.10848442193        6               0.02995
804      485.80032     -  485.96037      -5.07633786817        1               0.16005
805      485.97032     -  485.97032      -5.22855523248        8               0.0
806      485.98037     -  485.99032      -5.35718056804        0               0.00995
807      486.00049     -  486.06037      -5.30320311223        15               0.05988
808      486.07036     -  486.09036      -5.1224201432        12               0.02
809      486.10033     -  486.24037      -5.26491967193        5               0.14004
810      486.25032     -  486.44037      -5.30320311223        15               0.19005
811      486.45036     -  486.48037      -5.35718056804        0               0.03001
812      486.49036     -  486.5104      -5.22855523248        8               0.02004
813      486.52037     -  486.55032      -5.1224201432        12               0.02995
814      486.56033     -  486.56033      -5.22855523248        8               0.0
815      486.57032     -  487.92037      -5.3894520085        11               1.35005
816      487.93037     -  488.40037      -5.42155992244        3               0.47
817      488.41032     -  488.45032      -5.3894520085        11               0.04
818      488.46037     -  488.60037      -4.98468572198        9               0.14
819      488.61175     -  488.67032      -5.26491967193        5               0.05857
820      488.68037     -  488.74055      -5.07633786817        1               0.06018
821      488.75047     -  488.81037      -5.26491967193        5               0.0599
822      488.82032     -  488.83037      -5.1224201432        12               0.01005
823      488.84032     -  488.84032      -4.81535957879        4               0.0
824      488.85033     -  488.88036      -5.35718056804        0               0.03003
825      488.89047     -  488.95037      -5.30320311223        15               0.0599
826      488.96032     -  488.97116      -5.22855523248        8               0.01084
827      488.98032     -  489.29036      -5.3894520085        11               0.31004
828      489.30036     -  489.32032      -5.16120575951        10               0.01996
829      489.33089     -  489.42036      -5.10848442193        6               0.08947
830      489.43037     -  489.44037      -4.98468572198        9               0.00999999999999
831      489.45037     -  489.48037      -5.10848442193        6               0.03
832      489.49032     -  489.69037      -5.45240944489        14               0.20005
833      489.70032     -  489.78037      -5.3894520085        11               0.08005
834      489.79037     -  490.75037      -5.42155992244        3               0.96
835      490.76037     -  490.76037      -5.22855523248        8               0.0
836      490.77033     -  491.50033      -5.45240944489        14               0.73
837      491.51036     -  491.51036      -5.22855523248        8               0.0
838      491.52033     -  491.54038      -5.3894520085        11               0.02005
839      491.55032     -  491.61033      -5.42155992244        3               0.06001
840      491.62032     -  491.62032      -5.22855523248        8               0.0
841      491.63033     -  492.10038      -5.45240944489        14               0.47005
842      492.11038     -  492.15033      -5.3894520085        11               0.03995
843      492.16033     -  492.92038      -5.42155992244        3               0.76005
844      492.93033     -  493.11179      -5.35718056804        0               0.18146
845      493.12038     -  493.69038      -5.42155992244        3               0.57
846      493.70038     -  494.41033      -4.81535957879        4               0.70995
847      494.42036     -  495.71037      -5.3894520085        11               1.29001
848      495.72121     -  496.20037      -5.45240944489        14               0.47916
849      496.21033     -  496.21033      -5.22855523248        8               0.0
850      496.22037     -  496.34031      -5.45240944489        14               0.11994
851      496.3