Number of Rows
--------------
9974
 
Hidden States
-------------
[11 11 11 ...  6  6 11]
 
Record of all hidden state
**********************************
No.     TIME Start  -  TIME End      VALUE           Hidden State {}th       Time domain
0      0.04462     -  0.15037      -5.54198918446        11               0.10575
1      0.16041     -  0.17032      -5.52438724923        4               0.00991
2      0.18037     -  0.43042      -5.68002582752        14               0.25005
3      0.44031     -  0.49041      -5.73995712352        9               0.0501
4      0.50036     -  0.75032      -5.68002582752        14               0.24996
5      0.76037     -  0.86037      -5.61436213712        8               0.1
6      0.87032     -  0.92032      -5.54198918446        11               0.05
7      0.93037     -  0.93037      -5.52438724923        4               0.0
8      0.94037     -  1.03033      -5.73995712352        9               0.08996
9      1.04033     -  1.14037      -5.61436213712        8               0.10004
10      1.15037     -  1.15037      -5.52438724923        4               0.0
11      1.16032     -  1.26037      -5.54198918446        11               0.10005
12      1.27037     -  1.36035      -5.61436213712        8               0.08998
13      1.37037     -  1.50033      -5.68002582752        14               0.12996
14      1.51033     -  1.54033      -5.73995712352        9               0.03
15      1.55037     -  1.66032      -5.61436213712        8               0.10995
16      1.67037     -  1.76036      -5.68002582752        14               0.08999
17      1.77036     -  1.88032      -5.73995712352        9               0.10996
18      1.89037     -  2.12037      -5.81623614057        0               0.23
19      2.13037     -  2.13037      -5.73995712352        9               0.0
20      2.14032     -  2.16032      -5.52438724923        4               0.02
21      2.17037     -  2.24043      -5.61436213712        8               0.07006
22      2.25033     -  2.26041      -5.52438724923        4               0.01008
23      2.27037     -  2.30032      -5.73995712352        9               0.02995
24      2.31033     -  2.36036      -5.52438724923        4               0.05003
25      2.37038     -  2.47033      -5.68002582752        14               0.09995
26      2.48036     -  2.84032      -5.73995712352        9               0.35996
27      2.85041     -  2.87037      -5.61436213712        8               0.01996
28      2.88047     -  2.88047      -5.52438724923        4               0.0
29      2.89037     -  3.03031      -5.68002582752        14               0.13994
30      3.04036     -  3.08035      -5.52438724923        4               0.03999
31      3.09036     -  3.20077      -5.54198918446        11               0.11041
32      3.21037     -  3.25037      -5.46577710619        1               0.04
33      3.26032     -  3.32032      -5.54198918446        11               0.06
34      3.33037     -  3.35036      -5.61436213712        8               0.01999
35      3.36033     -  3.37032      -5.52438724923        4               0.00999
36      3.38037     -  3.42032      -5.54198918446        11               0.03995
37      3.43032     -  3.45037      -5.52438724923        4               0.02005
38      3.46032     -  3.53032      -5.54198918446        11               0.07
39      3.54032     -  3.54032      -5.52438724923        4               0.0
40      3.55037     -  3.60037      -5.54198918446        11               0.05
41      3.61037     -  3.61037      -5.52438724923        4               0.0
42      3.62044     -  3.71037      -5.68002582752        14               0.08993
43      3.72032     -  3.73045      -5.52438724923        4               0.01013
44      3.74037     -  3.79037      -5.73995712352        9               0.05
45      3.80036     -  3.84032      -5.61436213712        8               0.03996
46      3.85039     -  3.94031      -5.68002582752        14               0.08992
47      3.95056     -  4.00032      -5.73995712352        9               0.04976
48      4.01032     -  4.11032      -5.81623614057        0               0.1
49      4.12036     -  4.12036      -5.32473403406        12               0.0
50      4.13045     -  4.21158      -5.73995712352        9               0.08113
51      4.22036     -  4.46157      -5.81623614057        0               0.24121
52      4.47031     -  4.91037      -5.68002582752        14               0.44006
53      4.92032     -  5.51032      -5.73995712352        9               0.59
54      5.52037     -  5.67036      -5.68002582752        14               0.14999
55      5.68042     -  5.77037      -5.61436213712        8               0.08995
56      5.78037     -  6.18037      -5.68002582752        14               0.4
57      6.19032     -  6.76032      -5.73995712352        9               0.57
58      6.77031     -  6.84037      -5.61436213712        8               0.07006
59      6.85039     -  6.88051      -5.68002582752        14               0.03012
60      6.89032     -  6.97037      -5.73995712352        9               0.08005
61      6.98032     -  7.09037      -5.61436213712        8               0.11005
62      7.10032     -  7.11037      -5.52438724923        4               0.01005
63      7.12032     -  7.25037      -5.68002582752        14               0.13005
64      7.26032     -  7.46152      -5.61436213712        8               0.2012
65      7.47033     -  7.51032      -5.68002582752        14               0.03999
66      7.52032     -  7.53037      -5.52438724923        4               0.01005
67      7.54032     -  7.81037      -5.61436213712        8               0.27005
68      7.82099     -  7.82099      -5.52438724923        4               0.0
69      7.83037     -  7.92037      -5.54198918446        11               0.09
70      7.93042     -  7.9616      -5.61436213712        8               0.03118
71      7.97037     -  8.16032      -5.68002582752        14               0.18995
72      8.17032     -  8.17032      -5.52438724923        4               0.0
73      8.18043     -  8.41037      -5.68002582752        14               0.22994
74      8.42037     -  8.43047      -5.52438724923        4               0.0101
75      8.44031     -  8.66037      -5.68002582752        14               0.22006
76      8.67032     -  8.68033      -5.52438724923        4               0.01001
77      8.69037     -  9.32037      -5.68002582752        14               0.63
78      9.33037     -  9.35032      -5.61436213712        8               0.01995
79      9.36037     -  9.36037      -5.52438724923        4               0.0
80      9.37033     -  9.55037      -5.68002582752        14               0.18004
81      9.56031     -  9.73037      -5.61436213712        8               0.17006
82      9.74032     -  10.10037      -5.68002582752        14               0.36005
83      10.11032     -  10.66041      -5.61436213712        8               0.55009
84      10.67033     -  11.24047      -5.68002582752        14               0.57014
85      11.25037     -  11.27032      -5.73995712352        9               0.01995
86      11.28037     -  11.49047      -5.68002582752        14               0.2101
87      11.50033     -  11.55037      -5.73995712352        9               0.05004
88      11.56033     -  11.69037      -5.68002582752        14               0.13004
89      11.70033     -  11.76033      -5.73995712352        9               0.06
90      11.77032     -  11.77032      -5.52438724923        4               0.0
91      11.78033     -  11.87033      -5.73995712352        9               0.09
92      11.88052     -  12.09033      -5.68002582752        14               0.20981
93      12.10033     -  12.15037      -5.73995712352        9               0.05004
94      12.16037     -  12.29033      -5.68002582752        14               0.12996
95      12.30033     -  12.35033      -5.73995712352        9               0.05
96      12.36033     -  12.36033      -5.52438724923        4               0.0
97      12.37037     -  12.44033      -5.73995712352        9               0.06996
98      12.45037     -  12.73032      -5.68002582752        14               0.27995
99      12.74048     -  12.83032      -5.73995712352        9               0.08984
100      12.84033     -  12.85048      -5.52438724923        4               0.01015
101      12.86031     -  13.22032      -5.68002582752        14               0.36001
102      13.23032     -  13.24043      -5.52438724923        4               0.01011
103      13.25036     -  14.35032      -5.68002582752        14               1.09996
104      14.36032     -  14.36032      -5.52438724923        4               0.0
105      14.37032     -  14.47046      -5.68002582752        14               0.10014
106      14.48032     -  14.48032      -5.52438724923        4               0.0
107      14.49048     -  14.57098      -5.73995712352        9               0.0805
108      14.58036     -  14.58036      -5.52438724923        4               0.0
109      14.59036     -  14.71164      -5.54198918446        11               0.12128
110      14.72031     -  14.77037      -5.46577710619        1               0.05006
111      14.78037     -  14.94032      -5.39908582899        13               0.15995
112      14.95032     -  15.07098      -5.29283956078        7               0.12066
113      15.08032     -  15.08032      -5.52438724923        4               0.0
114      15.09032     -  15.42032      -5.68002582752        14               0.33
115      15.43047     -  15.47032      -5.52438724923        4               0.03985
116      15.48036     -  15.59037      -5.61436213712        8               0.11001
117      15.60032     -  15.60032      -5.52438724923        4               0.0
118      15.61032     -  15.64037      -5.61436213712        8               0.03005
119      15.65037     -  15.9616      -5.68002582752        14               0.31123
120      15.97035     -  15.97035      -5.52438724923        4               0.0
121      15.98037     -  16.11032      -5.61436213712        8               0.12995
122      16.12032     -  16.13037      -5.52438724923        4               0.01005
123      16.14032     -  16.35032      -5.68002582752        14               0.21
124      16.36032     -  16.55031      -5.61436213712        8               0.18999
125      16.56037     -  16.57037      -5.54198918446        11               0.01
126      16.58037     -  16.63037      -5.46577710619        1               0.05
127      16.64032     -  16.64032      -5.54198918446        11               0.0
128      16.65037     -  16.91032      -5.61436213712        8               0.25995
129      16.92142     -  17.00033      -5.68002582752        14               0.07891
130      17.01032     -  17.11036      -5.61436213712        8               0.10004
131      17.12032     -  17.55037      -5.68002582752        14               0.43005
132      17.56032     -  17.56032      -5.52438724923        4               0.0
133      17.57033     -  17.59033      -5.73995712352        9               0.02
134      17.60036     -  17.60036      -5.52438724923        4               0.0
135      17.61032     -  17.64037      -5.73995712352        9               0.03005
136      17.65037     -  18.16032      -5.68002582752        14               0.50995
137      18.17037     -  18.17037      -5.52438724923        4               0.0
138      18.18045     -  18.19032      -4.96715364399        3               0.00987
139      18.20032     -  18.67032      -5.68002582752        14               0.47
140      18.68036     -  18.85044      -5.73995712352        9               0.17008
141      18.86036     -  19.11032      -5.68002582752        14               0.24996
142      19.12032     -  19.33032      -5.73995712352        9               0.21
143      19.34037     -  19.34037      -5.52438724923        4               0.0
144      19.35032     -  19.37037      -4.96715364399        3               0.02005
145      19.38032     -  19.53035      -5.68002582752        14               0.15003
146      19.54037     -  19.54037      -5.52438724923        4               0.0
147      19.55036     -  19.74036      -5.68002582752        14               0.19
148      19.75037     -  20.07105      -5.73995712352        9               0.32068
149      20.08037     -  20.67037      -5.68002582752        14               0.59
150      20.68051     -  20.85037      -5.61436213712        8               0.16986
151      20.86032     -  20.89032      -5.54198918446        11               0.03
152      20.90037     -  21.09037      -5.61436213712        8               0.19
153      21.10036     -  21.11032      -5.52438724923        4               0.00996
154      21.12032     -  21.20037      -5.68002582752        14               0.08005
155      21.21167     -  21.55032      -5.61436213712        8               0.33865
156      21.56037     -  21.58032      -4.36387284311        2               0.01995
157      21.59036     -  21.59036      -5.52438724923        4               0.0
158      21.60037     -  21.96164      -5.68002582752        14               0.36127
159      21.97036     -  22.23032      -5.73995712352        9               0.25996
160      22.24032     -  22.35036      -5.68002582752        14               0.11004
161      22.36037     -  22.36037      -5.32473403406        12               0.0
162      22.37032     -  22.61031      -5.73995712352        9               0.23999
163      22.62032     -  22.88032      -5.68002582752        14               0.26
164      22.89032     -  22.93032      -5.73995712352        9               0.04
165      22.94037     -  22.94037      -5.52438724923        4               0.0
166      22.95036     -  22.95036      -4.96715364399        3               0.0
167      22.99292     -  23.32102      -5.68002582752        14               0.3281
168      23.33033     -  23.53032      -5.73995712352        9               0.19999
169      23.54033     -  23.63031      -5.68002582752        14               0.08998
170      23.64037     -  23.64037      -5.52438724923        4               0.0
171      23.65037     -  23.85033      -5.61436213712        8               0.19996
172      23.86037     -  24.01033      -5.54198918446        11               0.14996
173      24.02037     -  24.08033      -5.61436213712        8               0.05996
174      24.09033     -  24.11037      -5.54198918446        11               0.02004
175      24.12032     -  24.14031      -5.61436213712        8               0.01999
176      24.15037     -  24.36033      -5.68002582752        14               0.20996
177      24.37037     -  24.37037      -5.52438724923        4               0.0
178      24.38033     -  24.50032      -5.68002582752        14               0.11999
179      24.51078     -  24.51078      -5.52438724923        4               0.0
180      24.52033     -  24.53033      -5.73995712352        9               0.01
181      24.54033     -  24.83033      -5.68002582752        14               0.29
182      24.84061     -  24.93053      -5.61436213712        8               0.08992
183      24.94035     -  25.44033      -5.68002582752        14               0.49998
184      25.45037     -  25.45037      -5.52438724923        4               0.0
185      25.46174     -  25.50037      -5.68002582752        14               0.03863
186      25.51033     -  25.66037      -5.61436213712        8               0.15004
187      25.67033     -  25.81033      -5.68002582752        14               0.14
188      25.82033     -  25.89037      -5.61436213712        8               0.07004
189      25.90056     -  25.93033      -5.68002582752        14               0.02977
190      25.94032     -  25.94032      -5.52438724923        4               0.0
191      25.95033     -  26.22031      -5.61436213712        8               0.26998
192      26.23033     -  26.35041      -5.54198918446        11               0.12008
193      26.36079     -  26.40033      -5.61436213712        8               0.03954
194      26.41033     -  26.43037      -5.52438724923        4               0.02004
195      26.44037     -  26.99043      -4.96715364399        3               0.55006
196      27.00037     -  27.05037      -5.52438724923        4               0.05
197      27.06037     -  27.49033      -4.96715364399        3               0.42996
198      27.50037     -  27.71033      -5.54198918446        11               0.20996
199      27.72033     -  27.84037      -5.61436213712        8               0.12004
200      27.85041     -  27.86033      -5.52438724923        4               0.00992
201      27.87037     -  28.23037      -4.96715364399        3               0.36
202      28.24043     -  28.26032      -5.54198918446        11               0.01989
203      28.27033     -  28.92036      -4.96715364399        3               0.65003
204      28.93037     -  28.95033      -5.54198918446        11               0.01996
205      28.96036     -  29.22032      -4.96715364399        3               0.25996
206      29.23038     -  29.25037      -4.36387284311        2               0.01999
207      29.26036     -  29.26036      -5.32473403406        12               0.0
208      29.27033     -  29.30036      -5.39908582899        13               0.03003
209      29.31032     -  29.59037      -5.46577710619        1               0.28005
210      29.60032     -  29.70032      -5.39908582899        13               0.1
211      29.71033     -  30.02031      -5.29283956078        7               0.30998
212      30.03037     -  30.07106      -5.39908582899        13               0.04069
213      30.08031     -  30.12037      -5.29283956078        7               0.04006
214      30.13036     -  30.13036      -5.39908582899        13               0.0
215      30.14033     -  30.14033      -5.32473403406        12               0.0
216      30.15036     -  30.21031      -5.29283956078        7               0.05995
217      30.22037     -  30.43031      -5.39908582899        13               0.20994
218      30.44037     -  30.86033      -5.29283956078        7               0.41996
219      30.87032     -  30.96173      -5.39908582899        13               0.09141
220      30.97032     -  30.99039      -5.29283956078        7               0.02007
221      31.00033     -  31.11031      -5.39908582899        13               0.10998
222      31.1204     -  31.17032      -5.46577710619        1               0.04992
223      31.18059     -  31.20032      -5.39908582899        13               0.01973
224      31.21172     -  31.26036      -5.29283956078        7               0.04864
225      31.27037     -  32.01036      -5.46577710619        1               0.73999
226      32.02033     -  32.09032      -5.39908582899        13               0.06999
227      32.10037     -  32.29031      -5.46577710619        1               0.18994
228      32.30033     -  32.30033      -5.32473403406        12               0.0
229      32.31036     -  32.50032      -5.39908582899        13               0.18996
230      32.51032     -  32.91037      -5.46577710619        1               0.40005
231      32.92037     -  32.98037      -5.54198918446        11               0.06
232      32.99046     -  33.02033      -5.46577710619        1               0.02987
233      33.03033     -  33.27033      -5.39908582899        13               0.24
234      33.28037     -  33.54033      -5.46577710619        1               0.25996
235      33.55033     -  33.70038      -5.54198918446        11               0.15005
236      33.71037     -  33.98032      -5.46577710619        1               0.26995
237      33.99044     -  34.11032      -5.54198918446        11               0.11988
238      34.12033     -  34.14037      -4.96715364399        3               0.02004
239      34.15036     -  34.15036      -5.52438724923        4               0.0
240      34.16037     -  34.36036      -5.61436213712        8               0.19999
241      34.37038     -  34.43062      -5.54198918446        11               0.06024
242      34.44038     -  34.44038      -5.46577710619        1               0.0
243      34.45033     -  34.61033      -5.39908582899        13               0.16
244      34.62033     -  34.62033      -5.32473403406        12               0.0
245      34.63033     -  34.67033      -5.29283956078        7               0.04
246      34.68037     -  34.76038      -5.54198918446        11               0.08001
247      34.77038     -  34.78033      -5.52438724923        4               0.00995
248      34.79033     -  35.23033      -5.54198918446        11               0.44
249      35.24033     -  35.44033      -5.61436213712        8               0.2
250      35.45037     -  35.52031      -5.54198918446        11               0.06994
251      35.53033     -  35.69033      -5.61436213712        8               0.16
252      35.70038     -  35.78038      -5.54198918446        11               0.08
253      35.79038     -  35.79038      -5.52438724923        4               0.0
254      35.80038     -  35.84038      -5.68002582752        14               0.04
255      35.85038     -  35.85038      -5.52438724923        4               0.0
256      35.86033     -  35.89033      -5.61436213712        8               0.03
257      35.90038     -  35.90038      -5.52438724923        4               0.0
258      35.91038     -  36.10041      -5.61436213712        8               0.19003
259      36.11031     -  36.11031      -5.52438724923        4               0.0
260      36.12038     -  36.20033      -5.73995712352        9               0.07995
261      36.21179     -  36.25033      -5.61436213712        8               0.03854
262      36.26036     -  36.31033      -5.54198918446        11               0.04997
263      36.32032     -  36.33033      -4.96715364399        3               0.01001
264      36.34036     -  36.37038      -5.54198918446        11               0.03002
265      36.38031     -  36.50032      -5.61436213712        8               0.12001
266      36.51033     -  36.65032      -5.54198918446        11               0.13999
267      36.66032     -  36.66032      -5.52438724923        4               0.0
268      36.67091     -  36.69036      -4.96715364399        3               0.01945
269      36.70031     -  36.78037      -5.54198918446        11               0.08006
270      36.79036     -  36.80037      -5.52438724923        4               0.01001
271      36.81033     -  36.89033      -5.46577710619        1               0.08
272      36.90037     -  36.90037      -5.52438724923        4               0.0
273      36.91035     -  36.96174      -5.73995712352        9               0.05139
274      36.97037     -  37.01037      -5.52438724923        4               0.04
275      37.02033     -  37.07116      -5.68002582752        14               0.05083
276      37.08032     -  37.25033      -5.73995712352        9               0.17001
277      37.26033     -  37.27033      -5.81623614057        0               0.01
278      37.28037     -  37.28037      -5.32473403406        12               0.0
279      37.29037     -  37.30032      -5.90583253713        10               0.00995
280      37.31033     -  37.33037      -4.96715364399        3               0.02004
281      37.34033     -  37.36037      -5.52438724923        4               0.02004
282      37.37041     -  37.42033      -5.73995712352        9               0.04992
283      37.43037     -  37.43037      -5.52438724923        4               0.0
284      37.44033     -  37.46177      -4.96715364399        3               0.02144
285      37.47033     -  37.53037      -5.52438724923        4               0.06004
286      37.54033     -  37.55033      -5.54198918446        11               0.01
287      37.56037     -  37.62054      -5.46577710619        1               0.06017
288      37.63037     -  37.63037      -5.32473403406        12               0.0
289      37.64033     -  37.68033      -5.46577710619        1               0.04
290      37.69037     -  37.69037      -5.32473403406        12               0.0
291      37.70037     -  37.70037      -5.46577710619        1               0.0
292      37.71033     -  37.77037      -5.54198918446        11               0.06004
293      37.78037     -  37.78037      -5.52438724923        4               0.0
294      37.79037     -  37.88033      -5.54198918446        11               0.08996
295      37.89032     -  37.89032      -4.96715364399        3               0.0
296      37.90044     -  38.04037      -5.54198918446        11               0.13993
297      38.05037     -  38.19033      -5.46577710619        1               0.13996
298      38.20037     -  38.54037      -5.54198918446        11               0.34
299      38.55033     -  38.55033      -5.52438724923        4               0.0
300      38.56032     -  38.92093      -5.54198918446        11               0.36061
301      38.93064     -  38.93064      -5.52438724923        4               0.0
302      38.94035     -  39.01033      -5.54198918446        11               0.06998
303      39.02031     -  39.03032      -5.32473403406        12               0.01001
304      39.04037     -  39.14037      -5.46577710619        1               0.1
305      39.15037     -  39.18037      -5.54198918446        11               0.03
306      39.19037     -  39.19037      -5.52438724923        4               0.0
307      39.20032     -  39.24046      -5.73995712352        9               0.04014
308      39.25032     -  39.27036      -5.52438724923        4               0.02004
309      39.28033     -  39.32033      -5.61436213712        8               0.04
310      39.33036     -  39.33036      -5.52438724923        4               0.0
311      39.34033     -  39.49041      -5.68002582752        14               0.15008
312      39.50036     -  39.55033      -5.73995712352        9               0.04997
313      39.56032     -  39.56032      -5.81623614057        0               0.0
314      39.57117     -  39.58036      -5.32473403406        12               0.00919
315      39.59033     -  39.98032      -6.14119774655        5               0.38999
316      39.99032     -  40.02032      -5.90583253713        10               0.03
317      40.03033     -  40.03033      -5.81623614057        0               0.0
318      40.04032     -  40.23037      -5.73995712352        9               0.19005
319      40.24041     -  40.24041      -5.81623614057        0               0.0
320      40.25033     -  40.47033      -6.00321815341        6               0.22
321      40.48033     -  40.48033      -5.32473403406        12               0.0
322      40.49037     -  40.53033      -5.90583253713        10               0.03996
323      40.54037     -  40.54037      -5.32473403406        12               0.0
324      40.55037     -  40.55037      -5.90583253713        10               0.0
325      40.56037     -  40.58033      -5.32473403406        12               0.01996
326      40.59033     -  40.76032      -6.00321815341        6               0.16999
327      40.77036     -  40.83031      -5.90583253713        10               0.05995
328      40.84033     -  40.85041      -5.32473403406        12               0.01008
329      40.86037     -  40.90032      -5.90583253713        10               0.03995
330      40.91037     -  40.92037      -5.32473403406        12               0.01
331      40.93088     -  41.48033      -6.00321815341        6               0.54945
332      41.49037     -  41.49037      -5.32473403406        12               0.0
333      41.50033     -  41.52037      -5.90583253713        10               0.02004
334      41.53037     -  41.56037      -5.32473403406        12               0.03
335      41.57033     -  41.61037      -5.90583253713        10               0.04004
336      41.62037     -  41.67037      -6.00321815341        6               0.05
337      41.68065     -  41.68065      -5.32473403406        12               0.0
338      41.69037     -  41.79037      -5.90583253713        10               0.1
339      41.80031     -  42.95033      -6.00321815341        6               1.15002
340      42.96179     -  43.20033      -6.14119774655        5               0.23854
341      43.21178     -  43.38036      -6.00321815341        6               0.16858
342      43.39037     -  43.67033      -5.90583253713        10               0.27996
343      43.68033     -  43.68033      -5.32473403406        12               0.0
344      43.69033     -  43.75033      -6.00321815341        6               0.06
345      43.76033     -  43.81033      -5.90583253713        10               0.05
346      43.82119     -  43.82119      -5.32473403406        12               0.0
347      43.83037     -  43.85037      -5.90583253713        10               0.02
348      43.86033     -  43.86033      -5.32473403406        12               0.0
349      43.8705     -  44.06033      -5.90583253713        10               0.18983
350      44.07121     -  44.07121      -5.32473403406        12               0.0
351      44.08037     -  44.10033      -5.90583253713        10               0.01996
352      44.11033     -  44.19037      -6.00321815341        6               0.08004
353      44.20038     -  44.20038      -5.32473403406        12               0.0
354      44.21179     -  44.29038      -5.90583253713        10               0.07859
355      44.30032     -  44.65031      -6.00321815341        6               0.34999
356      44.66033     -  44.67036      -5.54198918446        11               0.01003
357      44.68033     -  44.79032      -5.46577710619        1               0.10999
358      44.80033     -  44.81036      -5.32473403406        12               0.01003
359      44.82037     -  44.83032      -5.90583253713        10               0.00995
360      44.84037     -  44.86038      -5.32473403406        12               0.02001
361      44.87036     -  44.87036      -5.90583253713        10               0.0
362      44.88033     -  44.90037      -5.32473403406        12               0.02004
363      44.91032     -  44.94036      -5.90583253713        10               0.03004
364      44.95033     -  44.95033      -5.32473403406        12               0.0
365      44.96173     -  45.11033      -6.00321815341        6               0.1486
366      45.12033     -  45.20037      -5.90583253713        10               0.08004
367      45.21174     -  45.21174      -5.32473403406        12               0.0
368      45.22033     -  45.30036      -5.90583253713        10               0.08003
369      45.31037     -  45.31037      -5.32473403406        12               0.0
370      45.32032     -  45.34032      -5.81623614057        0               0.02
371      45.35048     -  45.37033      -5.90583253713        10               0.01985
372      45.38036     -  45.39037      -5.32473403406        12               0.01001
373      45.40036     -  45.43065      -6.00321815341        6               0.03029
374      45.44032     -  45.46179      -5.32473403406        12               0.02147
375      45.47032     -  45.49049      -5.90583253713        10               0.02017
376      45.50032     -  45.51032      -5.32473403406        12               0.01
377      45.52032     -  45.55032      -5.73995712352        9               0.03
378      45.56037     -  45.61032      -5.81623614057        0               0.04995
379      45.62032     -  45.62032      -5.32473403406        12               0.0
380      45.63037     -  45.66036      -5.90583253713        10               0.02999
381      45.67095     -  45.7405      -5.81623614057        0               0.06955
382      45.75032     -  45.80036      -5.90583253713        10               0.05004
383      45.81033     -  45.81033      -5.32473403406        12               0.0
384      45.8212     -  45.96032      -5.90583253713        10               0.13912
385      45.97037     -  46.05032      -6.00321815341        6               0.07995
386      46.06037     -  46.11032      -6.14119774655        5               0.04995
387      46.12032     -  46.12032      -5.90583253713        10               0.0
388      46.13032     -  46.14037      -5.32473403406        12               0.01005
389      46.15037     -  46.32116      -6.14119774655        5               0.17079
390      46.33031     -  46.4905      -6.00321815341        6               0.16019
391      46.50037     -  46.50037      -5.32473403406        12               0.0
392      46.51037     -  46.67032      -6.00321815341        6               0.15995
393      46.68037     -  46.71174      -5.32473403406        12               0.03137
394      46.72032     -  46.72032      -4.36387284311        2               0.0
395      46.73056     -  46.73056      -5.52438724923        4               0.0
396      46.7404     -  46.85041      -5.68002582752        14               0.11001
397      46.86033     -  46.87037      -5.52438724923        4               0.01004
398      46.88033     -  47.03037      -5.68002582752        14               0.15004
399      47.04052     -  47.04052      -5.52438724923        4               0.0
400      47.05032     -  47.08035      -5.73995712352        9               0.03003
401      47.09082     -  47.09082      -5.52438724923        4               0.0
402      47.10033     -  47.23036      -5.68002582752        14               0.13003
403      47.24037     -  47.52033      -5.61436213712        8               0.27996
404      47.53038     -  47.55037      -5.52438724923        4               0.01999
405      47.56032     -  47.59033      -5.73995712352        9               0.03001
406      47.60039     -  47.71033      -5.61436213712        8               0.10994
407      47.72033     -  47.72033      -5.52438724923        4               0.0
408      47.73038     -  47.92033      -5.54198918446        11               0.18995
409      47.93071     -  47.93071      -5.52438724923        4               0.0
410      47.94037     -  47.99037      -5.61436213712        8               0.05
411      48.00033     -  48.00033      -5.52438724923        4               0.0
412      48.01037     -  48.24052      -5.54198918446        11               0.23015
413      48.25032     -  48.26099      -5.52438724923        4               0.01067
414      48.27033     -  48.30032      -4.96715364399        3               0.02999
415      48.31033     -  48.38032      -5.54198918446        11               0.06999
416      48.39033     -  48.47033      -5.61436213712        8               0.08
417      48.48031     -  48.48031      -5.52438724923        4               0.0
418      48.49046     -  48.52032      -5.68002582752        14               0.02986
419      48.53038     -  48.61038      -5.61436213712        8               0.08
420      48.62032     -  48.70032      -5.54198918446        11               0.08
421      48.7118     -  48.78032      -5.61436213712        8               0.06852
422      48.79038     -  48.79038      -5.52438724923        4               0.0
423      48.80036     -  48.82036      -4.96715364399        3               0.02
424      48.83038     -  48.84036      -5.52438724923        4               0.00998
425      48.85033     -  48.92061      -5.68002582752        14               0.07028
426      48.93033     -  48.93033      -5.52438724923        4               0.0
427      48.94036     -  48.99051      -4.96715364399        3               0.05015
428      49.00036     -  49.01033      -5.52438724923        4               0.00997
429      49.02036     -  49.04032      -5.54198918446        11               0.01996
430      49.05033     -  49.09033      -4.96715364399        3               0.04
431      49.1004     -  49.15033      -5.54198918446        11               0.04993
432      49.16036     -  49.23033      -5.61436213712        8               0.06997
433      49.24036     -  49.24036      -5.52438724923        4               0.0
434      49.25033     -  49.28031      -5.61436213712        8               0.02998
435      49.29033     -  49.34033      -5.29283956078        7               0.05
436      49.3504     -  49.38036      -4.96715364399        3               0.02996
437      49.39031     -  49.40038      -5.52438724923        4               0.01007
438      49.41031     -  49.59036      -5.61436213712        8               0.18005
439      49.60037     -  49.60037      -5.52438724923        4               0.0
440      49.61032     -  49.64037      -5.61436213712        8               0.03005
441      49.65036     -  49.72037      -5.68002582752        14               0.07001
442      49.73036     -  49.74033      -5.61436213712        8               0.00997
443      49.75036     -  49.77036      -5.52438724923        4               0.02
444      49.78037     -  49.88033      -4.96715364399        3               0.09996
445      49.89032     -  49.93032      -5.68002582752        14               0.04
446      49.94037     -  49.98037      -5.61436213712        8               0.04
447      49.99046     -  50.1807      -5.54198918446        11               0.19024
448      50.19032     -  50.20033      -4.96715364399        3               0.01001
449      50.21174     -  50.24047      -5.52438724923        4               0.02873
450      50.25036     -  50.25036      -4.96715364399        3               0.0
451      50.26033     -  50.39037      -5.54198918446        11               0.13004
452      50.40032     -  50.40032      -5.52438724923        4               0.0
453      50.41037     -  50.46037      -5.61436213712        8               0.05
454      50.47033     -  50.47033      -5.52438724923        4               0.0
455      50.48032     -  50.52037      -5.61436213712        8               0.04005
456      50.53033     -  50.53033      -5.52438724923        4               0.0
457      50.54032     -  50.59032      -5.54198918446        11               0.05
458      50.60045     -  50.69033      -5.61436213712        8               0.08988
459      50.70037     -  50.70037      -5.52438724923        4               0.0
460      50.71175     -  50.82038      -5.61436213712        8               0.10863
461      50.83038     -  50.91037      -5.54198918446        11               0.07999
462      50.92033     -  50.99048      -4.96715364399        3               0.07015
463      51.00037     -  51.03033      -5.68002582752        14               0.02996
464      51.04033     -  51.05037      -5.52438724923        4               0.01004
465      51.06038     -  51.08037      -5.61436213712        8               0.01999
466      51.09032     -  51.09032      -5.52438724923        4               0.0
467      51.1004     -  51.20037      -5.68002582752        14               0.09997
468      51.21181     -  51.21181      -5.52438724923        4               0.0
469      51.22036     -  51.37032      -5.61436213712        8               0.14996
470      51.38037     -  51.38037      -5.52438724923        4               0.0
471      51.39038     -  51.44033      -5.61436213712        8               0.04995
472      51.45038     -  51.4618      -5.52438724923        4               0.01142
473      51.47032     -  51.57033      -5.54198918446        11               0.10001
474      51.58033     -  51.61038      -5.52438724923        4               0.03005
475      51.62033     -  51.78037      -5.54198918446        11               0.16004
476      51.79038     -  51.81038      -4.96715364399        3               0.02
477      51.82038     -  51.96033      -5.54198918446        11               0.13995
478      51.97037     -  51.99033      -4.96715364399        3               0.01996
479      52.00038     -  52.06037      -5.54198918446        11               0.05999
480      52.07032     -  52.13032      -5.46577710619        1               0.06
481      52.14032     -  52.14032      -5.52438724923        4               0.0
482      52.15056     -  52.2118      -5.54198918446        11               0.06124
483      52.22032     -  52.22032      -5.52438724923        4               0.0
484      52.23032     -  52.25033      -5.73995712352        9               0.02001
485      52.26037     -  52.26037      -5.52438724923        4               0.0
486      52.27033     -  52.31038      -5.54198918446        11               0.04005
487      52.32125     -  52.38037      -5.46577710619        1               0.05912
488      52.39038     -  52.40046      -5.32473403406        12               0.01008
489      52.41037     -  52.46174      -5.46577710619        1               0.05137
490      52.47033     -  52.66033      -5.54198918446        11               0.19
491      52.67038     -  52.71037      -5.61436213712        8               0.03999
492      52.72037     -  52.73033      -5.54198918446        11               0.00996
493      52.74033     -  52.84037      -5.46577710619        1               0.10004
494      52.85041     -  52.85041      -5.32473403406        12               0.0
495      52.86037     -  52.96033      -5.46577710619        1               0.09996
496      52.97032     -  53.05036      -4.96715364399        3               0.08004
497      53.06033     -  53.12037      -5.54198918446        11               0.06004
498      53.13036     -  53.16037      -5.29283956078        7               0.03001
499      53.17036     -  53.29036      -5.54198918446        11               0.12
500      53.30033     -  53.30033      -5.32473403406        12               0.0
501      53.31032     -  53.32121      -5.46577710619        1               0.01089
502      53.33031     -  53.34033      -5.32473403406        12               0.01002
503      53.35036     -  53.40061      -5.46577710619        1               0.05025
504      53.41031     -  53.41031      -5.32473403406        12               0.0
505      53.42038     -  53.47031      -5.29283956078        7               0.04993
506      53.48033     -  53.57119      -5.39908582899        13               0.09086
507      53.58036     -  53.58036      -5.32473403406        12               0.0
508      53.59036     -  53.61035      -5.29283956078        7               0.01999
509      53.62036     -  53.63032      -4.96715364399        3               0.00996
510      53.64031     -  53.85037      -4.36387284311        2               0.21006
511      53.86037     -  53.90033      -5.52438724923        4               0.03996
512      53.91033     -  53.93075      -4.36387284311        2               0.02042
513      53.94037     -  53.95037      -5.52438724923        4               0.01
514      53.96177     -  54.03036      -5.54198918446        11               0.06859
515      54.04041     -  54.05036      -4.96715364399        3               0.00995
516      54.06033     -  54.09032      -5.52438724923        4               0.02999
517      54.10041     -  54.13031      -5.61436213712        8               0.0299
518      54.14033     -  54.19036      -4.36387284311        2               0.05003
519      54.20033     -  54.37032      -4.96715364399        3               0.16999
520      54.38037     -  54.44032      -5.52438724923        4               0.05995
521      54.45036     -  54.45036      -4.96715364399        3               0.0
522      54.4618     -  54.50038      -4.36387284311        2               0.03858
523      54.51036     -  54.51036      -5.32473403406        12               0.0
524      54.52033     -  54.54033      -5.90583253713        10               0.02
525      54.55032     -  54.58037      -4.36387284311        2               0.03005
526      54.59032     -  54.59032      -5.32473403406        12               0.0
527      54.60041     -  54.63031      -5.90583253713        10               0.0299
528      54.64038     -  54.64038      -5.32473403406        12               0.0
529      54.65032     -  54.67036      -5.81623614057        0               0.02004
530      54.68071     -  54.69036      -5.32473403406        12               0.00965
531      54.70038     -  54.72033      -5.90583253713        10               0.01995
532      54.73032     -  54.74051      -5.32473403406        12               0.01019
533      54.75032     -  54.85042      -5.46577710619        1               0.1001
534      54.86033     -  54.86033      -5.32473403406        12               0.0
535      54.87037     -  54.96033      -5.46577710619        1               0.08996
536      54.97033     -  55.01033      -5.39908582899        13               0.04
537      55.02037     -  55.03033      -5.32473403406        12               0.00996
538      55.04033     -  55.04033      -5.46577710619        1               0.0
539      55.05033     -  55.11038      -5.54198918446        11               0.06005
540      55.12038     -  55.17033      -5.46577710619        1               0.04995
541      55.18075     -  55.26033      -5.54198918446        11               0.07958
542      55.27033     -  55.62037      -5.46577710619        1               0.35004
543      55.63035     -  55.63035      -5.32473403406        12               0.0
544      55.64032     -  55.71176      -5.46577710619        1               0.07144
545      55.72031     -  55.72031      -5.32473403406        12               0.0
546      55.73085     -  55.79037      -5.46577710619        1               0.05952
547      55.80032     -  55.80032      -5.32473403406        12               0.0
548      55.81032     -  55.82032      -5.29283956078        7               0.01
549      55.83037     -  55.85033      -5.46577710619        1               0.01996
550      55.86037     -  55.91037      -4.96715364399        3               0.05
551      55.92036     -  55.95037      -5.52438724923        4               0.03001
552      55.96036     -  56.04037      -5.54198918446        11               0.08001
553      56.05036     -  56.05036      -5.32473403406        12               0.0
554      56.06032     -  56.19032      -5.46577710619        1               0.13
555      56.20036     -  56.20036      -5.32473403406        12               0.0
556      56.21033     -  56.25037      -5.46577710619        1               0.04004
557      56.26031     -  56.28032      -4.96715364399        3               0.02001
558      56.29036     -  56.50032      -5.54198918446        11               0.20996
559      56.51037     -  56.69032      -5.46577710619        1               0.17995
560      56.70032     -  56.77032      -5.54198918446        11               0.07
561      56.78032     -  56.78032      -5.32473403406        12               0.0
562      56.79083     -  56.81037      -5.46577710619        1               0.01954
563      56.82119     -  56.83032      -4.96715364399        3               0.00913
564      56.84032     -  56.86032      -5.54198918446        11               0.02
565      56.87032     -  56.89036      -5.52438724923        4               0.02004
566      56.90032     -  56.91036      -4.96715364399        3               0.01004
567      56.92037     -  56.99056      -4.36387284311        2               0.07019
568      57.00037     -  57.03036      -4.96715364399        3               0.02999
569      57.04037     -  57.06037      -5.54198918446        11               0.02
570      57.07123     -  57.13032      -5.46577710619        1               0.05909
571      57.14033     -  57.14033      -5.52438724923        4               0.0
572      57.15045     -  57.20033      -5.73995712352        9               0.04988
573      57.21175     -  57.22032      -5.61436213712        8               0.00857
574      57.23036     -  57.23036      -5.54198918446        11               0.0
575      57.24051     -  57.39036      -5.46577710619        1               0.14985
576      57.40033     -  57.54032      -5.39908582899        13               0.13999
577      57.55036     -  57.63031      -5.46577710619        1               0.07995
578      57.64098     -  57.70033      -5.39908582899        13               0.05935
579      57.71176     -  57.75032      -5.29283956078        7               0.03856
580      57.76036     -  57.82122      -5.39908582899        13               0.06086
581      57.83032     -  57.87033      -5.29283956078        7               0.04001
582      57.88036     -  57.90036      -5.46577710619        1               0.02
583      57.91036     -  58.00037      -5.54198918446        11               0.09001
584      58.01032     -  58.03032      -5.46577710619        1               0.02
585      58.04033     -  58.05032      -5.39908582899        13               0.00999
586      58.06032     -  58.16032      -5.29283956078        7               0.1
587      58.17037     -  58.17037      -5.32473403406        12               0.0
588      58.18072     -  58.21032      -5.39908582899        13               0.0296
589      58.22037     -  58.36031      -5.46577710619        1               0.13994
590      58.37036     -  58.44036      -5.54198918446        11               0.07
591      58.45037     -  58.77037      -5.46577710619        1               0.32
592      58.78036     -  59.18032      -5.39908582899        13               0.39996
593      59.19037     -  59.30032      -5.46577710619        1               0.10995
594      59.31032     -  59.43036      -5.29283956078        7               0.12004
595      59.44032     -  59.48033      -5.39908582899        13               0.04001
596      59.49036     -  59.69036      -5.29283956078        7               0.2
597      59.70057     -  59.75032      -5.39908582899        13               0.04975
598      59.76037     -  59.76037      -5.32473403406        12               0.0
599      59.77036     -  59.87036      -5.46577710619        1               0.1
600      59.88037     -  59.88037      -5.32473403406        12               0.0
601      59.89032     -  59.95036      -5.29283956078        7               0.06004
602      59.96177     -  60.05036      -5.46577710619        1               0.08859
603      60.06032     -  60.06032      -5.39908582899        13               0.0
604      60.07129     -  60.08035      -5.29283956078        7               0.00906000000001
605      60.09032     -  60.13036      -5.46577710619        1               0.04004
606      60.14032     -  60.14032      -5.32473403406        12               0.0
607      60.15036     -  60.19032      -5.29283956078        7               0.03996
608      60.20037     -  60.37036      -5.39908582899        13               0.16999
609      60.38037     -  60.39032      -5.68002582752        14               0.00995
610      60.40032     -  60.91037      -5.73995712352        9               0.51005
611      60.92032     -  60.93033      -5.52438724923        4               0.01001
612      60.94036     -  61.14032      -5.73995712352        9               0.19996
613      61.15037     -  61.17032      -5.52438724923        4               0.01995
614      61.18073     -  61.20032      -5.73995712352        9               0.01959
615      61.21176     -  61.22031      -5.52438724923        4               0.00855
616      61.23032     -  61.24051      -5.54198918446        11               0.01019
617      61.25033     -  61.43033      -5.46577710619        1               0.18
618      61.44032     -  61.47037      -5.39908582899        13               0.03005
619      61.48032     -  61.50032      -5.32473403406        12               0.02
620      61.51033     -  61.53032      -5.46577710619        1               0.01999
621      61.54036     -  61.61037      -5.54198918446        11               0.07001
622      61.62032     -  61.62032      -5.32473403406        12               0.0
623      61.63036     -  61.69037      -5.46577710619        1               0.06001
624      61.70037     -  61.71037      -4.96715364399        3               0.01
625      61.72032     -  61.74032      -5.52438724923        4               0.02
626      61.75037     -  61.82126      -5.61436213712        8               0.07089
627      61.83036     -  61.88036      -5.68002582752        14               0.05
628      61.89033     -  61.89033      -5.52438724923        4               0.0
629      61.90036     -  62.13032      -4.96715364399        3               0.22996
630      62.14032     -  62.15037      -5.52438724923        4               0.01005
631      62.16036     -  62.22032      -5.61436213712        8               0.05996
632      62.23033     -  62.24032      -5.52438724923        4               0.00998999999999
633      62.25032     -  62.29037      -4.96715364399        3               0.04005
634      62.30032     -  62.32124      -5.39908582899        13               0.02092
635      62.33032     -  62.35033      -5.29283956078        7               0.02001
636      62.36036     -  62.50036      -4.96715364399        3               0.14
637      62.51057     -  62.52032      -5.52438724923        4               0.00975
638      62.53037     -  62.56037      -4.96715364399        3               0.03
639      62.57128     -  62.59037      -5.81623614057        0               0.01909
640      62.60044     -  62.60044      -5.32473403406        12               0.0
641      62.61037     -  62.70036      -5.29283956078        7               0.08999
642      62.71176     -  62.71176      -5.52438724923        4               0.0
643      62.72035     -  62.73037      -4.96715364399        3               0.01002
644      62.74056     -  62.75035      -5.52438724923        4               0.00979
645      62.76032     -  62.80031      -4.96715364399        3               0.03999
646      62.81032     -  62.83031      -5.52438724923        4               0.01999
647      62.84037     -  62.87032      -5.73995712352        9               0.02995
648      62.88032     -  62.89036      -5.52438724923        4               0.01004
649      62.901     -  63.05032      -4.96715364399        3               0.14932
650      63.06032     -  63.07032      -5.54198918446        11               0.01
651      63.08036     -  63.13032      -4.96715364399        3               0.04996
652      63.14037     -  63.15037      -5.52438724923        4               0.01
653      63.16032     -  63.28036      -4.96715364399        3               0.12004
654      63.29037     -  63.31037      -5.52438724923        4               0.02
655      63.32032     -  63.36032      -5.61436213712        8               0.04
656      63.37032     -  63.37032      -5.52438724923        4               0.0
657      63.38032     -  63.45033      -5.54198918446        11               0.07001
658      63.46175     -  63.48032      -5.52438724923        4               0.01857
659      63.49054     -  63.52032      -5.54198918446        11               0.02978
660      63.53033     -  63.55037      -5.61436213712        8               0.02004
661      63.56037     -  63.56037      -5.52438724923        4               0.0
662      63.57132     -  63.59033      -5.73995712352        9               0.01901
663      63.60046     -  63.61033      -5.52438724923        4               0.00987
664      63.62032     -  63.66036      -5.73995712352        9               0.04004
665      63.67033     -  64.01037      -5.81623614057        0               0.34004
666      64.02036     -  64.16032      -5.90583253713        10               0.13996
667      64.17037     -  64.22032      -5.32473403406        12               0.04995
668      64.23033     -  64.27036      -5.90583253713        10               0.04003
669      64.28037     -  64.30032      -5.32473403406        12               0.01995
670      64.31032     -  64.34032      -5.90583253713        10               0.03
671      64.35032     -  64.38037      -5.32473403406        12               0.03005
672      64.39036     -  64.44037      -6.00321815341        6               0.05001
673      64.45032     -  64.45032      -5.32473403406        12               0.0
674      64.46037     -  64.76033      -5.90583253713        10               0.29996
675      64.77036     -  64.81036      -6.00321815341        6               0.04
676      64.82037     -  64.83032      -5.32473403406        12               0.00995
677      64.84037     -  64.90037      -5.90583253713        10               0.06
678      64.91032     -  64.91032      -5.32473403406        12               0.0
679      64.92032     -  65.06032      -5.90583253713        10               0.14
680      65.07032     -  65.19032      -6.00321815341        6               0.12
681      65.20041     -  65.21037      -5.32473403406        12               0.00995999999999
682      65.22032     -  65.31032      -5.81623614057        0               0.09
683      65.32126     -  65.33032      -5.90583253713        10               0.00906000000001
684      65.34032     -  65.35042      -5.32473403406        12               0.0101
685      65.36032     -  65.37037      -5.90583253713        10               0.01005
686      65.38037     -  65.4006      -5.68002582752        14               0.02023
687      65.41037     -  65.41037      -5.52438724923        4               0.0
688      65.42032     -  65.45033      -5.68002582752        14               0.03001
689      65.46032     -  65.46032      -5.52438724923        4               0.0
690      65.47037     -  65.52037      -5.61436213712        8               0.05
691      65.53037     -  65.60047      -5.54198918446        11               0.0701
692      65.61032     -  65.70037      -5.52438724923        4               0.09005
693      65.71178     -  65.88036      -5.73995712352        9               0.16858
694      65.89032     -  65.89032      -5.52438724923        4               0.0
695      65.90036     -  65.9308      -5.54198918446        11               0.03044
696      65.94031     -  66.04055      -5.61436213712        8               0.10024
697      66.05035     -  66.09032      -5.52438724923        4               0.03997
698      66.10032     -  66.12036      -5.73995712352        9               0.02004
699      66.13033     -  66.27032      -5.68002582752        14               0.13999
700      66.28037     -  66.34032      -5.73995712352        9               0.05995
701      66.35048     -  66.37033      -5.52438724923        4               0.01985
702      66.38037     -  66.61031      -5.68002582752        14               0.22994
703      66.62054     -  66.67033      -5.73995712352        9               0.04979
704      66.68079     -  66.7118      -5.81623614057        0               0.03101
705      66.72032     -  66.77032      -5.90583253713        10               0.05
706      66.78032     -  66.85043      -5.68002582752        14               0.07011
707      66.86032     -  66.86032      -5.52438724923        4               0.0
708      66.87033     -  66.91032      -5.61436213712        8               0.03999
709      66.92032     -  66.95037      -5.68002582752        14               0.03005
710      66.9618     -  66.98032      -5.61436213712        8               0.01852
711      66.99052     -  67.11032      -5.54198918446        11               0.1198
712      67.12036     -  67.12036      -5.52438724923        4               0.0
713      67.13032     -  67.20033      -5.68002582752        14               0.07001
714      67.21032     -  67.21032      -5.73995712352        9               0.0
715      67.22032     -  67.24052      -5.81623614057        0               0.0202
716      67.25032     -  67.32037      -5.61436213712        8               0.07005
717      67.33032     -  67.49059      -5.81623614057        0               0.16027
718      67.50033     -  67.58037      -5.90583253713        10               0.08004
719      67.59037     -  67.69032      -5.68002582752        14               0.09995
720      67.70037     -  67.72037      -5.52438724923        4               0.02
721      67.73032     -  67.73032      -4.96715364399        3               0.0
722      67.74052     -  67.79037      -5.68002582752        14               0.04985
723      67.80037     -  67.89032      -5.61436213712        8               0.08995
724      67.90033     -  67.94037      -5.68002582752        14               0.04004
725      67.95037     -  67.95037      -5.52438724923        4               0.0
726      67.96179     -  68.01037      -5.73995712352        9               0.04858
727      68.02033     -  68.14033      -5.81623614057        0               0.12
728      68.15036     -  68.32037      -5.68002582752        14               0.17001
729      68.33037     -  68.34037      -5.73995712352        9               0.00999999999999
730      68.35032     -  68.4006      -5.81623614057        0               0.05028
731      68.41036     -  68.42037      -5.61436213712        8               0.01001
732      68.43077     -  68.47043      -5.81623614057        0               0.03966
733      68.48033     -  68.57131      -5.90583253713        10               0.09098
734      68.58037     -  68.62037      -5.81623614057        0               0.04
735      68.63032     -  68.64037      -5.90583253713        10               0.01005
736      68.65056     -  68.65056      -5.32473403406        12               0.0
737      68.66032     -  68.68081      -5.90583253713        10               0.02049
738      68.69032     -  68.75037      -5.81623614057        0               0.06005
739      68.76037     -  68.97036      -5.73995712352        9               0.20999
740      68.98055     -  69.00037      -5.81623614057        0               0.01982
741      69.01032     -  69.04033      -5.61436213712        8               0.03001
742      69.05032     -  69.09032      -5.81623614057        0               0.04
743      69.10043     -  69.19032      -5.90583253713        10               0.08989
744      69.20032     -  69.25032      -5.81623614057        0               0.05
745      69.26033     -  69.28037      -5.61436213712        8               0.02004
746      69.29037     -  69.32132      -5.52438724923        4               0.03095
747      69.33032     -  69.40037      -5.73995712352        9               0.07005
748      69.41036     -  69.5604      -5.81623614057        0               0.15004
749      69.57128     -  69.60043      -5.90583253713        10               0.02915
750      69.61036     -  69.61036      -5.32473403406        12               0.0
751      69.62037     -  69.74037      -5.73995712352        9               0.12
752      69.75037     -  69.78032      -5.81623614057        0               0.02995
753      69.79032     -  69.87037      -5.73995712352        9               0.08005
754      69.88037     -  69.92032      -5.52438724923        4               0.03995
755      69.93032     -  69.94032      -5.73995712352        9               0.01
756      69.95037     -  69.99051      -5.81623614057        0               0.04014
757      70.00037     -  70.05036      -5.61436213712        8               0.04999
758      70.06037     -  70.07136      -5.52438724923        4               0.01099
759      70.08037     -  70.12037      -5.73995712352        9               0.04
760      70.13032     -  70.17032      -5.61436213712        8               0.04
761      70.18081     -  70.19037      -5.52438724923        4               0.00956000000001
762      70.20037     -  70.23032      -5.61436213712        8               0.02995
763      70.24059     -  70.33035      -5.54198918446        11               0.08976
764      70.34032     -  70.36031      -5.52438724923        4               0.01999
765      70.37037     -  70.42037      -5.73995712352        9               0.05
766      70.43037     -  70.54032      -5.81623614057        0               0.10995
767      70.55037     -  70.64037      -5.73995712352        9               0.09
768      70.65037     -  70.67032      -5.61436213712        8               0.01995
769      70.6808     -  70.70037      -5.52438724923        4               0.01957
770      70.71177     -  70.74037      -5.61436213712        8               0.0286
771      70.75037     -  70.89037      -5.81623614057        0               0.14
772      70.9006     -  70.91037      -5.32473403406        12               0.00977
773      70.92032     -  70.98032      -5.90583253713        10               0.06
774      70.99051     -  71.04037      -6.00321815341        6               0.04986
775      71.05032     -  71.05032      -5.32473403406        12               0.0
776      71.06037     -  71.28037      -5.29283956078        7               0.22
777      71.29032     -  71.38037      -5.39908582899        13               0.09005
778      71.39032     -  71.45037      -5.68002582752        14               0.06005
779      71.46182     -  71.50031      -5.61436213712        8               0.03849
780      71.51032     -  71.51032      -5.52438724923        4               0.0
781      71.52031     -  71.52031      -4.96715364399        3               0.0
782      71.53036     -  71.63036      -5.68002582752        14               0.1
783      71.64033     -  71.95036      -6.00321815341        6               0.31003
784      71.96181     -  72.01032      -5.90583253713        10               0.04851
785      72.02037     -  72.02037      -5.32473403406        12               0.0
786      72.03036     -  72.12037      -5.90583253713        10               0.09001
787      72.13036     -  72.28037      -6.00321815341        6               0.15001
788      72.29032     -  72.39036      -5.90583253713        10               0.10004
789      72.40061     -  73.08037      -5.81623614057        0               0.67976
790      73.09032     -  73.09032      -5.32473403406        12               0.0
791      73.10037     -  73.32137      -5.81623614057        0               0.221
792      73.33032     -  73.34032      -5.32473403406        12               0.01
793      73.35047     -  73.40037      -5.90583253713        10               0.0499
794      73.41036     -  73.57137      -5.81623614057        0               0.16101
795      73.58037     -  73.62037      -6.14119774655        5               0.04
796      73.63036     -  73.70033      -5.90583253713        10               0.06997
797      73.71032     -  73.94032      -5.81623614057        0               0.23
798      73.95032     -  74.00032      -5.90583253713        10               0.05
799      74.01037     -  74.07037      -5.81623614057        0               0.06
800      74.08036     -  74.39037      -5.90583253713        10               0.31001
801      74.40032     -  74.40032      -5.32473403406        12               0.0
802      74.41037     -  74.49056      -5.29283956078        7               0.08019
803      74.50036     -  74.50036      -5.32473403406        12               0.0
804      74.51037     -  74.55036      -5.90583253713        10               0.03999
805      74.56037     -  74.78033      -5.81623614057        0               0.21996
806      74.79032     -  74.86037      -5.90583253713        10               0.07005
807      74.87037     -  74.87037      -5.32473403406        12               0.0
808      74.88037     -  74.90037      -5.90583253713        10               0.02
809      74.91037     -  76.06038      -6.00321815341        6               1.15001
810      76.07132     -  76.07132      -5.90583253713        10               0.0
811      76.08037     -  76.18082      -5.81623614057        0               0.10045
812      76.19037     -  76.21183      -5.32473403406        12               0.02146
813      76.22035     -  76.92038      -5.90583253713        10               0.70003
814      76.93033     -  76.93033      -5.32473403406        12               0.0
815      76.94037     -  76.98033      -5.90583253713        10               0.03996
816      76.99055     -  77.05037      -6.00321815341        6               0.05982
817      77.06037     -  77.18083      -5.90583253713        10               0.12046
818      77.19033     -  77.42033      -6.00321815341        6               0.23
819      77.43083     -  77.52035      -5.90583253713        10               0.08952
820      77.53036     -  77.53036      -5.32473403406        12               0.0
821      77.5406     -  77.5406      -5.90583253713        10               0.0
822      77.55032     -  77.55032      -5.32473403406        12               0.0
823      77.56032     -  77.83036      -5.81623614057        0               0.27004
824      77.84037     -  77.88032      -5.90583253713        10               0.03995
825      77.89032     -  77.89032      -5.32473403406        12               0.0
826      77.90033     -  78.12037      -5.90583253713        10               0.22004
827      78.13032     -  78.46115      -5.81623614057        0               0.33083
828      78.47036     -  78.48056      -5.32473403406        12               0.0102
829      78.49036     -  78.86037      -5.81623614057        0               0.37001
830      78.87033     -  78.97037      -5.73995712352        9               0.10004
831      78.98033     -  78.98033      -5.81623614057        0               0.0
832      78.99037     -  79.07141      -5.90583253713        10               0.08104
833      79.08032     -  79.08032      -5.32473403406        12               0.0
834      79.09037     -  79.11037      -5.81623614057        0               0.02
835      79.12033     -  79.14037      -5.61436213712        8               0.02004
836      79.15033     -  79.16037      -5.52438724923        4               0.01004
837      79.17033     -  79.19037      -5.73995712352        9               0.02004
838      79.20033     -  79.35041      -5.81623614057        0               0.15008
839      79.36031     -  79.46183      -5.73995712352        9               0.10152
840      79.47032     -  79.49033      -5.81623614057        0               0.02001
841      79.50037     -  79.54033      -5.90583253713        10               0.03996
842      79.55037     -  79.55037      -5.32473403406        12               0.0
843      79.56033     -  79.67033      -5.90583253713        10               0.11
844      79.68082     -  80.26033      -5.81623614057        0               0.57951
845      80.27032     -  80.27032      -5.32473403406        12               0.0
846      80.28037     -  80.46032      -5.81623614057        0               0.17995
847      80.47033     -  80.50037      -5.90583253713        10               0.03004
848      80.51037     -  80.67032      -5.81623614057        0               0.15995
849      80.68107     -  80.74052      -5.90583253713        10               0.05945
850      80.75032     -  80.75032      -5.32473403406        12               0.0
851      80.76036     -  80.80037      -5.90583253713        10               0.04001
852      80.81037     -  80.85032      -5.81623614057        0               0.03995
853      80.86032     -  81.02037      -5.73995712352        9               0.16005
854      81.03036     -  81.04037      -5.52438724923        4               0.01001
855      81.05032     -  81.05032      -5.73995712352        9               0.0
856      81.06032     -  81.18037      -5.81623614057        0               0.12005
857      81.19032     -  81.41036      -5.90583253713        10               0.22004
858      81.42033     -  81.42033      -5.32473403406        12               0.0
859      81.43084     -  81.55036      -5.90583253713        10               0.11952
860      81.56032     -  81.56032      -5.32473403406        12               0.0
861      81.57142     -  81.91036      -5.46577710619        1               0.33894
862      81.92037     -  81.98038      -5.39908582899        13               0.06001
863      81.9905     -  82.10043      -5.46577710619        1               0.10993
864      82.11031     -  82.15036      -5.54198918446        11               0.04005
865      82.16036     -  82.19031      -5.46577710619        1               0.02995
866      82.20032     -  82.38032      -5.39908582899        13               0.18
867      82.39037     -  82.51038      -5.46577710619        1               0.12001
868      82.52033     -  82.61033      -5.39908582899        13               0.09
869      82.62037     -  82.62037      -5.32473403406        12               0.0
870      82.63037     -  82.81032      -5.39908582899        13               0.17995
871      82.82137     -  82.82137      -5.32473403406        12               0.0
872      82.83037     -  83.03037      -5.90583253713        10               0.2
873      83.04037     -  83.10041      -6.00321815341        6               0.06004
874      83.11031     -  83.17033      -5.90583253713        10               0.06002
875      83.18087     -  83.53033      -5.81623614057        0               0.34946
876      83.54037     -  83.54037      -5.32473403406        12               0.0
877      83.55037     -  83.67033      -5.90583253713        10               0.11996
878      83.68033     -  83.78037      -5.81623614057        0               0.10004
879      83.79037     -  83.81033      -5.90583253713        10               0.01996
880      83.82146     -  84.08032      -5.81623614057        0               0.25886
881      84.09037     -  84.24032      -5.90583253713        10               0.14995
882      84.25032     -  84.25032      -5.32473403406        12               0.0
883      84.26048     -  84.60032      -4.36387284311        2               0.33984
884      84.61036     -  84.63032      -5.52438724923        4               0.01996
885      84.64071     -  84.67031      -5.61436213712        8               0.0296
886      84.68081     -  84.72032      -5.68002582752        14               0.03951
887      84.73037     -  84.74046      -5.52438724923        4               0.01009
888      84.75033     -  85.02035      -5.46577710619        1               0.27002
889      85.03068     -  85.08037      -5.39908582899        13               0.04969
890      85.09037     -  85.22032      -5.46577710619        1               0.12995
891      85.23037     -  85.34032      -5.81623614057        0               0.10995
892      85.35041     -  85.45032      -5.90583253713        10               0.09991
893      85.46036     -  85.46036      -5.81623614057        0               0.0
894      85.47032     -  85.51032      -5.73995712352        9               0.04
895      85.52036     -  85.53037      -5.52438724923        4               0.01001
896      85.54037     -  85.63036      -5.54198918446        11               0.08999
897      85.64036     -  85.64036      -5.52438724923        4               0.0
898      85.65037     -  85.84032      -5.54198918446        11               0.18995
899      85.85037     -  85.94032      -5.46577710619        1               0.08995
900      85.95032     -  85.95032      -5.32473403406        12               0.0
901      85.96032     -  85.99032      -5.46577710619        1               0.03
902      86.00032     -  86.27032      -4.96715364399        3               0.27
903      86.28032     -  86.39032      -5.54198918446        11               0.11
904      86.40033     -  86.43037      -5.46577710619        1               0.03004
905      86.44037     -  86.47037      -5.39908582899        13               0.03
906      86.48037     -  86.48037      -5.32473403406        12               0.0
907      86.49051     -  86.70033      -5.46577710619        1               0.20982
908      86.71115     -  86.71115      -5.54198918446        11               0.0
909      86.72032     -  86.82144      -5.61436213712        8               0.10112
910      86.83032     -  86.84036      -5.52438724923        4               0.01004
911      86.85041     -  86.89037      -5.73995712352        9               0.03996
912      86.90032     -  86.90032      -5.81623614057        0               0.0
913      86.91032     -  86.91032      -5.32473403406        12               0.0
914      86.92032     -  87.03032      -5.46577710619        1               0.11
915      87.04032     -  87.13037      -5.54198918446        11               0.09005
916      87.14032     -  87.14032      -5.32473403406        12               0.0
917      87.15061     -  87.20037      -5.90583253713        10               0.04976
918      87.2112     -  87.29037      -6.00321815341        6               0.07917
919      87.30037     -  87.36037      -5.90583253713        10               0.06
920      87.37032     -  87.45032      -6.00321815341        6               0.08
921      87.46037     -  87.51036      -5.90583253713        10               0.04999
922      87.52037     -  87.53033      -5.32473403406        12               0.00996000000001
923      87.54037     -  87.67033      -5.90583253713        10               0.12996
924      87.6809     -  87.70037      -4.36387284311        2               0.01947
925      87.71116     -  87.73037      -5.52438724923        4               0.01921
926      87.74033     -  87.78037      -4.96715364399        3               0.04004
927      87.79033     -  87.80033      -5.54198918446        11               0.01
928      87.81033     -  87.81033      -5.32473403406        12               0.0
929      87.82143     -  87.82143      -5.90583253713        10               0.0
930      87.83033     -  87.84033      -5.32473403406        12               0.00999999999999
931      87.85043     -  87.92037      -6.00321815341        6               0.06994
932      87.93084     -  87.94041      -5.90583253713        10               0.00957
933      87.95037     -  87.95037      -5.32473403406        12               0.0
934      87.96033     -  87.99032      -5.46577710619        1               0.02999
935      88.00037     -  88.00037      -5.32473403406        12               0.0
936      88.01045     -  88.08033      -5.90583253713        10               0.06988
937      88.09033     -  88.09033      -5.32473403406        12               0.0
938      88.10041     -  88.10041      -5.90583253713        10               0.0
939      88.11033     -  88.11033      -5.32473403406        12               0.0
940      88.12038     -  88.12038      -5.90583253713        10               0.0
941      88.13037     -  88.13037      -5.32473403406        12               0.0
942      88.14033     -  88.14033      -5.90583253713        10               0.0
943      88.15038     -  88.16036      -5.32473403406        12               0.00998
944      88.17037     -  88.19033      -5.90583253713        10               0.01996
945      88.20037     -  88.20037      -5.32473403406        12               0.0
946      88.21116     -  88.21116      -5.90583253713        10               0.0
947      88.22037     -  88.23036      -5.32473403406        12               0.00999
948      88.24048     -  88.30037      -6.00321815341        6               0.05989
949      88.31037     -  88.32144      -5.32473403406        12               0.01107
950      88.33037     -  88.40031      -6.00321815341        6               0.06994
951      88.41037     -  88.42036      -5.32473403406        12               0.00999
952      88.4309     -  88.51033      -5.90583253713        10               0.07943
953      88.52031     -  88.52031      -5.32473403406        12               0.0
954      88.53036     -  88.54037      -5.90583253713        10               0.01001
955      88.55031     -  88.56037      -5.32473403406        12               0.01006
956      88.57141     -  88.70036      -5.90583253713        10               0.12895
957      88.71116     -  88.83032      -6.00321815341        6               0.11916
958      88.84036     -  88.84036      -5.32473403406        12               0.0
959      88.85042     -  89.12033      -6.14119774655        5               0.26991
960      89.13036     -  89.57037      -6.00321815341        6               0.44001
961      89.58033     -  89.58033      -5.32473403406        12               0.0
962      89.59032     -  89.66037      -5.39908582899        13               0.07005
963      89.67037     -  89.70037      -5.81623614057        0               0.03
964      89.71119     -  89.71119      -5.32473403406        12               0.0
965      89.72037     -  89.80031      -5.46577710619        1               0.07994
966      89.81036     -  89.81036      -5.32473403406        12               0.0
967      89.82142     -  89.96117      -5.46577710619        1               0.13975
968      89.97037     -  89.97037      -5.32473403406        12               0.0
969      89.98036     -  90.00036      -5.73995712352        9               0.02
970      90.01057     -  90.01057      -5.52438724923        4               0.0
971      90.02032     -  90.05033      -5.68002582752        14               0.03001
972      90.06037     -  90.06037      -5.52438724923        4               0.0
973      90.07148     -  90.09037      -4.96715364399        3               0.01889
974      90.10041     -  90.14032      -4.36387284311        2               0.03991
975      90.15033     -  90.22033      -6.00321815341        6               0.07
976      90.23036     -  90.29032      -5.90583253713        10               0.05996
977      90.30033     -  90.30033      -5.32473403406        12               0.0
978      90.31036     -  90.32149      -5.90583253713        10               0.01113
979      90.33036     -  90.33036      -5.32473403406        12               0.0
980      90.34033     -  90.35045      -5.46577710619        1               0.01012
981      90.36031     -  90.40037      -5.32473403406        12               0.04006
982      90.41037     -  90.47036      -5.81623614057        0               0.05999
983      90.48033     -  90.49032      -5.32473403406        12               0.00999
984      90.50033     -  90.61037      -5.90583253713        10               0.11004
985      90.62033     -  90.74057      -6.00321815341        6               0.12024
986      90.75038     -  90.79033      -5.54198918446        11               0.03995
987      90.80033     -  90.81033      -5.52438724923        4               0.00999999999999
988      90.82143     -  90.87033      -5.54198918446        11               0.0489
989      90.88038     -  90.97037      -5.46577710619        1               0.08999
990      90.98037     -  90.98037      -5.32473403406        12               0.0
991      90.99048     -  91.00032      -5.90583253713        10               0.00984
992      91.01044     -  91.01044      -5.32473403406        12               0.0
993      91.02033     -  91.03038      -5.90583253713        10               0.01005
994      91.04038     -  91.09033      -6.00321815341        6               0.04995
995      91.1004     -  91.1004      -5.32473403406        12               0.0
996      91.11038     -  91.30037      -6.00321815341        6               0.18999
997      91.31033     -  91.31033      -5.32473403406        12               0.0
998      91.32143     -  91.38033      -5.90583253713        10               0.0589
999      91.39037     -  91.41037      -5.32473403406        12               0.02
1000      91.42033     -  91.52046      -5.46577710619        1               0.10013
1001      91.53037     -  91.62033      -5.39908582899        13               0.08996
1002      91.63037     -  91.63037      -5.32473403406        12               0.0
1003      91.64033     -  91.85046      -5.46577710619        1               0.21013
1004      91.86033     -  91.86033      -5.32473403406        12               0.0
1005      91.87033     -  92.24038      -5.46577710619        1               0.37005
1006      92.25032     -  92.27037      -5.32473403406        12               0.02005
1007      92.28033     -  92.29036      -5.29283956078        7               0.01003
1008      92.30038     -  92.31032      -5.39908582899        13               0.00994
1009      92.32148     -  92.44033      -5.81623614057        0               0.11885
1010      92.45036     -  92.45036      -5.32473403406        12               0.0
1011      92.46118     -  92.61033      -5.90583253713        10               0.14915
1012      92.62037     -  92.68093      -5.81623614057        0               0.06056
1013      92.69037     -  92.69037      -5.90583253713        10               0.0
1014      92.70037     -  92.74037      -6.00321815341        6               0.04
1015      92.75038     -  92.81036      -6.14119774655        5               0.05998
1016      92.82148     -  92.85042      -6.00321815341        6               0.02894
1017      92.86033     -  93.07148      -5.90583253713        10               0.21115
1018      93.08032     -  93.09032      -5.32473403406        12               0.01
1019      93.10043     -  93.12033      -5.90583253713        10               0.0199
1020      93.13032     -  93.13032      -5.32473403406        12               0.0
1021      93.14037     -  93.19036      -5.46577710619        1               0.04999
1022      93.20033     -  93.20033      -5.32473403406        12               0.0
1023      93.21121     -  93.32149      -6.14119774655        5               0.11028
1024      93.33032     -  93.53032      -6.00321815341        6               0.2
1025      93.54037     -  93.75037      -5.90583253713        10               0.21
1026      93.76045     -  93.78032      -4.36387284311        2               0.01987
1027      93.79032     -  93.79032      -5.32473403406        12               0.0
1028      93.80032     -  93.81032      -6.00321815341        6               0.01
1029      93.82146     -  93.85048      -5.54198918446        11               0.02902
1030      93.86031     -  93.90037      -5.46577710619        1               0.04006
1031      93.91036     -  93.94035      -5.32473403406        12               0.02999
1032      93.95037     -  94.16032      -5.81623614057        0               0.20995
1033      94.17037     -  94.18036      -5.32473403406        12               0.00998999999999
1034      94.19037     -  94.28032      -5.81623614057        0               0.08995
1035      94.29032     -  94.32032      -5.90583253713        10               0.03
1036      94.33037     -  94.36037      -5.39908582899        13               0.03
1037      94.37032     -  94.43032      -5.81623614057        0               0.06
1038      94.44037     -  94.44037      -5.32473403406        12               0.0
1039      94.45032     -  94.67032      -5.39908582899        13               0.22
1040      94.68093     -  94.77037      -5.81623614057        0               0.08944
1041      94.78032     -  94.86032      -5.73995712352        9               0.08
1042      94.87042     -  94.91037      -5.81623614057        0               0.03995
1043      94.92032     -  94.98036      -5.73995712352        9               0.06004
1044      94.99043     -  95.00036      -5.52438724923        4               0.00993
1045      95.01032     -  95.12037      -5.68002582752        14               0.11005
1046      95.13037     -  95.13037      -5.32473403406        12               0.0
1047      95.14032     -  95.32144      -5.29283956078        7               0.18112
1048      95.33032     -  95.40036      -5.39908582899        13               0.07004
1049      95.41032     -  95.45037      -5.81623614057        0               0.04005
1050      95.46032     -  95.48036      -5.61436213712        8               0.02004
1051      95.49048     -  95.53032      -5.52438724923        4               0.03984
1052      95.54032     -  95.58036      -5.61436213712        8               0.04004
1053      95.59032     -  95.63037      -5.52438724923        4               0.04005
1054      95.64037     -  95.66037      -5.54198918446        11               0.02
1055      95.67037     -  95.67037      -5.52438724923        4               0.0
1056      95.6809     -  95.75032      -5.61436213712        8               0.06942
1057      95.76036     -  95.78032      -5.81623614057        0               0.01996
1058      95.79046     -  95.81037      -5.32473403406        12               0.01991
1059      95.82147     -  95.87037      -5.39908582899        13               0.0489
1060      95.88037     -  95.93032      -5.81623614057        0               0.04995
1061      95.94032     -  95.94032      -5.32473403406        12               0.0
1062      95.95032     -  96.57032      -5.81623614057        0               0.62
1063      96.58032     -  96.75032      -5.73995712352        9               0.17
1064      96.76032     -  96.80032      -5.81623614057        0               0.04
1065      96.81032     -  97.24056      -5.90583253713        10               0.43024
1066      97.25032     -  97.31032      -5.39908582899        13               0.06
1067      97.32148     -  97.33036      -5.29283956078        7               0.00888
1068      97.34037     -  97.41033      -5.39908582899        13               0.06996
1069      97.42032     -  97.65033      -5.81623614057        0               0.23001
1070      97.66037     -  97.66037      -5.32473403406        12               0.0
1071      97.67037     -  97.71037      -5.81623614057        0               0.04
1072      97.72033     -  97.72033      -5.90583253713        10               0.0
1073      97.73037     -  97.74038      -5.32473403406        12               0.01001
1074      97.75037     -  97.78038      -5.90583253713        10               0.03001
1075      97.79033     -  97.79033      -5.32473403406        12               0.0
1076      97.80037     -  97.82144      -5.90583253713        10               0.02107
1077      97.83037     -  97.83037      -5.32473403406        12               0.0
1078      97.84033     -  97.84033      -5.90583253713        10               0.0
1079      97.85049     -  97.85049      -5.32473403406        12               0.0
1080      97.86033     -  98.06033      -5.90583253713        10               0.2
1081      98.07033     -  98.08033      -5.32473403406        12               0.01
1082      98.09037     -  98.09037      -5.29283956078        7               0.0
1083      98.10043     -  98.25033      -5.39908582899        13               0.1499
1084      98.26033     -  98.26033      -5.32473403406        12               0.0
1085      98.27037     -  98.34033      -5.90583253713        10               0.06996
1086      98.35049     -  98.43037      -5.81623614057        0               0.07988
1087      98.44037     -  98.44037      -5.32473403406        12               0.0
1088      98.45033     -  98.94037      -5.39908582899        13               0.49004
1089      98.95037     -  98.95037      -5.32473403406        12               0.0
1090      98.96037     -  99.07149      -5.46577710619        1               0.11112
1091      99.08037     -  99.08037      -5.32473403406        12               0.0
1092      99.09033     -  99.5104      -5.90583253713        10               0.42007
1093      99.52032     -  99.52032      -5.32473403406        12               0.0
1094      99.53037     -  99.60048      -5.90583253713        10               0.07011
1095      99.61032     -  99.62033      -6.00321815341        6               0.01001
1096      99.63031     -  99.84038      -6.14119774655        5               0.21007
1097      99.85048     -  99.99049      -6.00321815341        6               0.14001
 
Means and total domain of each hidden state
---------------------------------------
0th hidden state
total number with this hidden state =  72
mean =  [-5.81623614]
total time_domain =  8.90066

1th hidden state
total number with this hidden state =  74
mean =  [-5.46577711]
total time_domain =  8.51933

2th hidden state
total number with this hidden state =  13
mean =  [-4.36387284]
total time_domain =  0.87836

3th hidden state
total number with this hidden state =  50
mean =  [-4.96715364]
total time_domain =  4.29847

4th hidden state
total number with this hidden state =  156
mean =  [-5.52438725]
total time_domain =  1.56808

5th hidden state
total number with this hidden state =  9
mean =  [-6.14119775]
total time_domain =  1.53951

6th hidden state
total number with this hidden state =  41
mean =  [-6.00321815]
total time_domain =  7.37408

7th hidden state
total number with this hidden state =  29
mean =  [-5.29283956]
total time_domain =  2.43714

8th hidden state
total number with this hidden state =  90
mean =  [-5.61436214]
total time_domain =  8.30137

9th hidden state
total number with this hidden state =  76
mean =  [-5.73995712]
total time_domain =  7.58059

10th hidden state
total number with this hidden state =  113
mean =  [-5.90583254]
total time_domain =  8.80436

11th hidden state
total number with this hidden state =  91
mean =  [-5.54198918]
total time_domain =  7.81577

12th hidden state
total number with this hidden state =  156
mean =  [-5.32473403]
total time_domain =  0.72456

13th hidden state
total number with this hidden state =  45
mean =  [-5.39908583]
total time_domain =  4.5515

14th hidden state
total number with this hidden state =  83
mean =  [-5.68002583]
total time_domain =  15.62879

