Number of Rows
--------------
2926
 
Hidden States
-------------
[15 15  4 ... 10 10 10]
 
Record of all hidden state
**********************************
No.     TIME Start  -  TIME End      VALUE           Hidden State {}th       Time domain
0      142.00037     -  142.01033      -5.39579857332        15               0.00996000000001
1      142.02031     -  142.23048      -5.28464315877        4               0.21017
2      142.24038     -  142.30033      -5.39579857332        15               0.05995
3      142.31036     -  142.31036      -5.33775365395        0               0.0
4      142.32033     -  142.35031      -5.16621727737        7               0.02998
5      142.36037     -  142.36037      -5.28464315877        4               0.0
6      142.37031     -  142.39037      -5.39579857332        15               0.02006
7      142.40038     -  142.41036      -5.33775365395        0               0.00997999999998
8      142.42038     -  142.42038      -5.16621727737        7               0.0
9      142.43036     -  142.45032      -5.23439385862        11               0.01996
10      142.46033     -  142.75038      -5.46938446291        14               0.29005
11      142.76037     -  142.78032      -5.16621727737        7               0.01995
12      142.79033     -  142.79033      -5.24038574993        2               0.0
13      142.80032     -  142.82036      -5.16621727737        7               0.02004
14      142.83033     -  142.84036      -5.24038574993        2               0.01003
15      142.85038     -  142.86032      -5.33775365395        0               0.00994
16      142.87033     -  142.88036      -5.16621727737        7               0.01003
17      142.89033     -  142.92072      -5.24038574993        2               0.03039
18      142.93037     -  142.94032      -4.92285558418        9               0.00995
19      142.95038     -  142.95038      -5.24038574993        2               0.0
20      142.96032     -  142.97038      -5.33775365395        0               0.01006
21      142.98032     -  143.00032      -5.16621727737        7               0.02
22      143.01033     -  143.02037      -5.24038574993        2               0.01004
23      143.03033     -  143.04036      -5.16621727737        7               0.01003
24      143.05033     -  143.07033      -5.23439385862        11               0.02
25      143.08036     -  143.15038      -5.16621727737        7               0.07002
26      143.16037     -  143.17033      -5.24038574993        2               0.00996000000001
27      143.18037     -  143.21038      -5.33775365395        0               0.03001
28      143.22036     -  143.26032      -5.16621727737        7               0.03996
29      143.27033     -  143.27033      -5.23439385862        11               0.0
30      143.28037     -  143.29037      -5.16621727737        7               0.00999999999999
31      143.30036     -  143.35032      -5.28972621778        10               0.04996
32      143.36038     -  143.42033      -5.23439385862        11               0.05995
33      143.43032     -  143.46033      -5.28972621778        10               0.03001
34      143.47032     -  143.48055      -5.23439385862        11               0.01023
35      143.49036     -  143.50033      -5.16621727737        7               0.00996999999998
36      143.51032     -  143.51032      -5.23439385862        11               0.0
37      143.52032     -  143.66032      -5.28972621778        10               0.14
38      143.67076     -  143.75037      -5.33775365395        0               0.07961
39      143.76037     -  144.00055      -5.39579857332        15               0.24018
40      144.01038     -  144.01038      -5.33775365395        0               0.0
41      144.02037     -  144.08033      -5.07824699581        5               0.05996
42      144.0904     -  144.0904      -5.23439385862        11               0.0
43      144.10033     -  144.13036      -5.16621727737        7               0.03003
44      144.14033     -  144.14033      -5.28464315877        4               0.0
45      144.15032     -  144.17032      -5.39579857332        15               0.02
46      144.18038     -  144.28058      -5.33775365395        0               0.1002
47      144.29033     -  144.37037      -5.28972621778        10               0.08004
48      144.38032     -  144.62033      -5.33775365395        0               0.24001
49      144.63033     -  144.67033      -5.39579857332        15               0.04
50      144.68038     -  144.78033      -5.33775365395        0               0.09995
51      144.79033     -  144.81125      -5.28972621778        10               0.02092
52      144.82038     -  144.83038      -4.97792371336        12               0.00999999999999
53      144.84041     -  144.90069      -4.16877326115        3               0.06028
54      144.92628     -  144.95037      -4.82846882499        1               0.02409
55      144.98194     -  145.33065      -4.16877326115        3               0.34871
56      145.35583     -  145.37037      -5.07824699581        5               0.01454
57      145.38037     -  145.38037      -4.92285558418        9               0.0
58      145.39037     -  145.39037      -4.68851881533        8               0.0
59      145.40037     -  145.66579      -4.4047030246        6               0.26542
60      145.67365     -  145.94553      -4.16877326115        3               0.27188
61      145.96662     -  146.00033      -4.92285558418        9               0.03371
62      146.01037     -  146.01037      -5.24038574993        2               0.0
63      146.02037     -  146.03037      -5.33775365395        0               0.00999999999999
64      146.04033     -  146.04033      -5.16621727737        7               0.0
65      146.05032     -  146.05032      -5.24038574993        2               0.0
66      146.06129     -  146.24032      -4.97792371336        12               0.17903
67      146.25037     -  146.40036      -4.82846882499        1               0.14999
68      146.41037     -  146.42103      -4.97792371336        12               0.01066
69      146.43037     -  146.53033      -4.82846882499        1               0.09996
70      146.54037     -  146.60031      -4.68851881533        8               0.05994
71      146.61033     -  146.61033      -5.16621727737        7               0.0
72      146.62036     -  146.63033      -5.28972621778        10               0.00996999999998
73      146.64036     -  146.65033      -5.23439385862        11               0.00997000000001
74      146.66036     -  146.70175      -5.16621727737        7               0.04139
75      146.71037     -  146.75033      -4.68851881533        8               0.03996
76      146.76036     -  146.80036      -5.07824699581        5               0.04
77      146.81033     -  146.81033      -5.16621727737        7               0.0
78      146.82036     -  146.85032      -4.68851881533        8               0.02996
79      146.89324     -  146.89324      -4.92285558418        9               0.0
80      146.90037     -  146.93037      -5.07824699581        5               0.03
81      146.94037     -  146.95175      -4.92285558418        9               0.01138
82      146.96032     -  147.01037      -4.68851881533        8               0.05005
83      147.02037     -  147.05037      -4.92285558418        9               0.03
84      147.06131     -  147.08037      -4.68851881533        8               0.01906
85      147.09033     -  147.13037      -4.82846882499        1               0.04004
86      147.14032     -  147.15032      -4.68851881533        8               0.00999999999999
87      147.16032     -  147.16032      -4.92285558418        9               0.0
88      147.17032     -  147.18032      -5.24038574993        2               0.00999999999999
89      147.19033     -  147.21037      -5.33775365395        0               0.02004
90      147.22037     -  147.24032      -5.28972621778        10               0.01995
91      147.25037     -  147.25037      -5.23439385862        11               0.0
92      147.26036     -  147.29032      -5.07824699581        5               0.02996
93      147.30037     -  147.33037      -4.92285558418        9               0.03
94      147.3404     -  147.37032      -4.68851881533        8               0.02992
95      147.38036     -  147.44036      -4.82846882499        1               0.06
96      147.45037     -  147.47037      -4.68851881533        8               0.02
97      147.48049     -  147.61712      -4.4047030246        6               0.13663
98      147.63033     -  147.78036      -4.68851881533        8               0.15003
99      147.79038     -  147.80036      -4.82846882499        1               0.00998000000001
100      147.81038     -  147.83033      -4.68851881533        8               0.01995
101      147.87186     -  147.88037      -4.92285558418        9               0.00851
102      147.89033     -  148.23033      -4.56089704704        13               0.34
103      148.24033     -  148.30037      -4.92285558418        9               0.06004
104      148.33737     -  148.53037      -4.4047030246        6               0.193
105      148.56073     -  148.65065      -4.16877326115        3               0.08992
106      148.66069     -  148.74069      -4.4047030246        6               0.08
107      148.76656     -  148.8147      -4.68851881533        8               0.04814
108      148.82441     -  148.84157      -4.16877326115        3               0.01716
109      148.86631     -  149.00032      -4.68851881533        8               0.13401
110      149.01037     -  149.02032      -5.07824699581        5               0.00995
111      149.03032     -  149.04037      -4.92285558418        9               0.01005
112      149.05037     -  149.11032      -4.68851881533        8               0.05995
113      149.12037     -  149.15032      -4.82846882499        1               0.02995
114      149.16032     -  149.23037      -4.97792371336        12               0.07005
115      149.24032     -  149.30032      -4.82846882499        1               0.06
116      149.31125     -  149.33032      -4.97792371336        12               0.01907
117      149.3404     -  149.99036      -4.82846882499        1               0.64996
118      150.00064     -  150.75037      -4.97792371336        12               0.74973
119      150.76037     -  150.77037      -4.82846882499        1               0.01
120      150.78061     -  150.78061      -4.97792371336        12               0.0
121      150.79037     -  150.83032      -4.82846882499        1               0.03995
122      150.84039     -  150.87036      -4.97792371336        12               0.02997
123      150.88037     -  150.94037      -4.82846882499        1               0.06
124      150.95037     -  151.08032      -4.97792371336        12               0.12995
125      151.09039     -  151.11037      -5.07824699581        5               0.01998
126      151.12032     -  151.16032      -5.16621727737        7               0.04
127      151.17032     -  151.18032      -5.23439385862        11               0.00999999999999
128      151.19037     -  151.21032      -5.07824699581        5               0.01995
129      151.22032     -  151.44037      -4.97792371336        12               0.22005
130      151.45175     -  151.49036      -5.07824699581        5               0.03861
131      151.50037     -  151.50037      -4.92285558418        9               0.0
132      151.51032     -  151.58037      -4.68851881533        8               0.07005
133      151.59037     -  151.63037      -5.16621727737        7               0.04
134      151.64032     -  151.65037      -5.07824699581        5               0.01005
135      151.66037     -  151.66037      -5.16621727737        7               0.0
136      151.67032     -  151.67032      -5.24038574993        2               0.0
137      151.68032     -  151.68032      -4.92285558418        9               0.0
138      151.69037     -  151.69037      -5.24038574993        2               0.0
139      151.70174     -  151.71032      -5.39579857332        15               0.00857999999999
140      151.72032     -  151.72032      -5.28464315877        4               0.0
141      151.73037     -  151.81132      -5.39579857332        15               0.08095
142      151.82032     -  151.82032      -5.33775365395        0               0.0
143      151.83032     -  151.94037      -5.16621727737        7               0.11005
144      151.95037     -  152.07037      -5.28464315877        4               0.12
145      152.08032     -  152.12032      -5.23439385862        11               0.04
146      152.13031     -  152.14069      -5.07824699581        5               0.01038
147      152.15037     -  152.15037      -5.16621727737        7               0.0
148      152.16032     -  152.19037      -5.28972621778        10               0.03005
149      152.20032     -  152.36032      -5.23439385862        11               0.16
150      152.37032     -  152.42086      -5.16621727737        7               0.05054
151      152.43032     -  152.44037      -5.23439385862        11               0.01005
152      152.45037     -  152.47037      -5.07824699581        5               0.02
153      152.48037     -  152.50032      -5.23439385862        11               0.01995
154      152.51037     -  152.84032      -5.07824699581        5               0.32995
155      152.85032     -  152.88036      -5.23439385862        11               0.03004
156      152.89032     -  152.95175      -5.16621727737        7               0.06143
157      152.96032     -  152.99037      -5.23439385862        11               0.03005
158      153.00055     -  153.02037      -5.07824699581        5               0.01982
159      153.03037     -  153.10036      -5.16621727737        7               0.06999
160      153.11033     -  153.14052      -4.92285558418        9               0.03019
161      153.15033     -  153.18037      -5.16621727737        7               0.03004
162      153.19037     -  153.41033      -5.28464315877        4               0.21996
163      153.42032     -  153.44032      -5.23439385862        11               0.02
164      153.45177     -  153.48036      -5.16621727737        7               0.02859
165      153.49033     -  153.49033      -5.24038574993        2               0.0
166      153.50032     -  153.51033      -5.39579857332        15               0.01001
167      153.52036     -  153.55033      -5.28464315877        4               0.02997
168      153.56036     -  153.58036      -5.39579857332        15               0.02
169      153.59033     -  153.61033      -5.28972621778        10               0.02
170      153.62032     -  153.63033      -4.97792371336        12               0.01001
171      153.64032     -  153.66032      -4.82846882499        1               0.02
172      153.6708     -  153.68031      -4.68851881533        8               0.00950999999998
173      153.69037     -  153.72037      -5.28464315877        4               0.03
174      153.73045     -  153.90043      -5.39579857332        15               0.16998
175      153.91037     -  154.18032      -5.28464315877        4               0.26995
176      154.19037     -  154.40032      -5.39579857332        15               0.20995
177      154.41038     -  154.43036      -5.28464315877        4               0.01998
178      154.44037     -  154.45176      -5.39579857332        15               0.01139
179      154.46036     -  154.51032      -5.33775365395        0               0.04996
180      154.52037     -  154.56033      -5.39579857332        15               0.03996
181      154.57031     -  154.81037      -5.28464315877        4               0.24006
182      154.82033     -  154.85033      -5.39579857332        15               0.03
183      154.86037     -  154.98033      -5.28464315877        4               0.11996
184      154.99033     -  155.04037      -5.39579857332        15               0.05004
185      155.05037     -  155.0904      -5.28464315877        4               0.04003
186      155.10032     -  155.20033      -5.39579857332        15               0.10001
187      155.21032     -  155.24031      -5.28464315877        4               0.02999
188      155.25032     -  155.33037      -5.39579857332        15               0.08005
189      155.34037     -  155.35032      -5.46938446291        14               0.00995
190      155.36037     -  155.44032      -5.28464315877        4               0.07995
191      155.45173     -  155.47036      -5.39579857332        15               0.01863
192      155.48037     -  155.55032      -5.33775365395        0               0.06995
193      155.56032     -  155.89032      -5.28972621778        10               0.33
194      155.90032     -  155.92099      -5.23439385862        11               0.02067
195      155.93032     -  155.98052      -5.28972621778        10               0.0502
196      155.99032     -  156.00033      -5.23439385862        11               0.01001
197      156.01037     -  156.02037      -5.07824699581        5               0.01
198      156.03032     -  156.05036      -5.23439385862        11               0.02004
199      156.06037     -  156.07055      -5.16621727737        7               0.01018
200      156.08032     -  156.10033      -4.92285558418        9               0.02001
201      156.11037     -  156.15032      -5.24038574993        2               0.03995
202      156.16037     -  156.18037      -4.92285558418        9               0.02
203      156.19032     -  156.20032      -5.24038574993        2               0.00999999999999
204      156.21032     -  156.24032      -5.16621727737        7               0.03
205      156.25037     -  156.31036      -5.23439385862        11               0.05999
206      156.32037     -  156.33037      -5.07824699581        5               0.00999999999999
207      156.34043     -  156.34043      -5.16621727737        7               0.0
208      156.35036     -  156.35036      -5.23439385862        11               0.0
209      156.36037     -  156.36037      -5.16621727737        7               0.0
210      156.37032     -  156.40037      -5.07824699581        5               0.03005
211      156.41037     -  156.41037      -4.92285558418        9               0.0
212      156.42037     -  156.47037      -5.07824699581        5               0.05
213      156.48037     -  156.54037      -4.56089704704        13               0.06
214      156.55032     -  156.55032      -4.92285558418        9               0.0
215      156.56033     -  156.58033      -5.16621727737        7               0.02
216      156.59032     -  156.59032      -4.92285558418        9               0.0
217      156.60037     -  156.60037      -5.07824699581        5               0.0
218      156.61037     -  156.62037      -5.16621727737        7               0.01
219      156.63032     -  156.63032      -5.24038574993        2               0.0
220      156.64056     -  156.68037      -4.97792371336        12               0.03981
221      156.69032     -  156.73059      -5.16621727737        7               0.04027
222      156.74033     -  156.76037      -4.92285558418        9               0.02004
223      156.77036     -  156.82037      -5.07824699581        5               0.05001
224      156.83032     -  156.90033      -4.92285558418        9               0.07001
225      156.91032     -  156.95174      -5.07824699581        5               0.04142
226      156.96033     -  156.96033      -4.92285558418        9               0.0
227      156.97032     -  156.97032      -5.24038574993        2               0.0
228      156.98033     -  156.99037      -5.33775365395        0               0.01004
229      157.00037     -  157.03032      -5.07824699581        5               0.02995
230      157.04037     -  157.05032      -5.24038574993        2               0.00995
231      157.06131     -  157.09045      -5.33775365395        0               0.02914
232      157.10037     -  157.12032      -5.16621727737        7               0.01995
233      157.13037     -  157.16037      -5.07824699581        5               0.03
234      157.17032     -  157.18033      -5.16621727737        7               0.01001
235      157.19032     -  157.30032      -5.28972621778        10               0.11
236      157.31037     -  157.31037      -5.16621727737        7               0.0
237      157.32032     -  157.33032      -4.92285558418        9               0.00999999999999
238      157.34043     -  157.39032      -5.16621727737        7               0.04989
239      157.40032     -  157.41033      -5.23439385862        11               0.01001
240      157.42036     -  157.50036      -5.16621727737        7               0.08
241      157.51033     -  157.52032      -5.24038574993        2               0.00998999999999
242      157.53033     -  157.54032      -4.92285558418        9               0.00999000000002
243      157.55038     -  157.57033      -5.24038574993        2               0.01995
244      157.58032     -  157.61033      -4.92285558418        9               0.03001
245      157.62036     -  157.62036      -5.24038574993        2               0.0
246      157.63036     -  157.63036      -5.07824699581        5               0.0
247      157.64037     -  157.66037      -4.56089704704        13               0.02
248      157.67075     -  157.70178      -4.92285558418        9               0.03103
249      157.71032     -  157.74033      -5.24038574993        2               0.03001
250      157.75032     -  157.78033      -4.92285558418        9               0.03001
251      157.82102     -  158.27033      -4.4047030246        6               0.44931
252      158.28033     -  158.42078      -4.82846882499        1               0.14045
253      158.43033     -  158.53037      -4.68851881533        8               0.10004
254      158.54032     -  158.61033      -4.82846882499        1               0.07001
255      158.62033     -  158.62033      -4.4047030246        6               0.0
256      158.63033     -  158.63033      -4.68851881533        8               0.0
257      158.64033     -  158.70033      -4.82846882499        1               0.06
258      158.71033     -  158.75038      -4.68851881533        8               0.04005
259      158.76037     -  158.77036      -4.4047030246        6               0.00999000000002
260      158.78037     -  158.81133      -4.68851881533        8               0.03096
261      158.82031     -  158.86038      -4.82846882499        1               0.04007
262      158.87033     -  158.96033      -4.68851881533        8               0.09
263      158.97033     -  158.99037      -4.82846882499        1               0.02004
264      159.00038     -  159.04037      -4.68851881533        8               0.03999
265      159.05033     -  159.13033      -4.82846882499        1               0.08
266      159.14032     -  159.20033      -4.68851881533        8               0.06001
267      159.21032     -  159.23059      -4.92285558418        9               0.02027
268      159.24037     -  159.27032      -5.07824699581        5               0.02995
269      159.28056     -  159.28056      -5.24038574993        2               0.0
270      159.29032     -  159.35032      -4.97792371336        12               0.06
271      159.36037     -  159.50032      -4.82846882499        1               0.13995
272      159.51032     -  159.51032      -4.68851881533        8               0.0
273      159.52032     -  159.52032      -4.82846882499        1               0.0
274      159.53037     -  159.62037      -4.97792371336        12               0.09
275      159.63037     -  159.64037      -4.82846882499        1               0.00999999999999
276      159.65033     -  159.65033      -4.68851881533        8               0.0
277      159.66037     -  159.68032      -4.92285558418        9               0.01995
278      159.69037     -  159.71032      -4.56089704704        13               0.01995
279      159.72032     -  159.72032      -4.92285558418        9               0.0
280      159.73055     -  159.75033      -4.68851881533        8               0.01978
281      159.76784     -  159.85036      -5.16621727737        7               0.08252
282      159.86037     -  159.98033      -5.28464315877        4               0.11996
283      159.99032     -  160.00032      -5.23439385862        11               0.00999999999999
284      160.01037     -  160.01037      -5.16621727737        7               0.0
285      160.02033     -  160.05032      -4.92285558418        9               0.02999
286      160.06037     -  160.06037      -5.24038574993        2               0.0
287      160.07032     -  160.10032      -4.92285558418        9               0.03
288      160.11032     -  160.11032      -5.24038574993        2               0.0
289      160.12037     -  160.13036      -5.16621727737        7               0.00998999999999
290      160.14032     -  160.16059      -5.23439385862        11               0.02027
291      160.17099     -  160.18037      -5.46938446291        14               0.00938000000002
292      160.19037     -  160.20175      -5.16621727737        7               0.01138
293      160.21032     -  160.21032      -4.92285558418        9               0.0
294      160.22037     -  160.24037      -5.24038574993        2               0.02
295      160.2507     -  160.26037      -5.07824699581        5               0.00967
296      160.27032     -  160.30037      -5.16621727737        7               0.03005
297      160.31032     -  160.31032      -4.92285558418        9               0.0
298      160.32037     -  160.33032      -4.56089704704        13               0.00995
299      160.34039     -  160.36033      -4.92285558418        9               0.01994
300      160.37036     -  160.39032      -5.07824699581        5               0.01996
301      160.40037     -  160.40037      -5.16621727737        7               0.0
302      160.44465     -  160.44465      -4.92285558418        9               0.0
303      160.45438     -  160.45438      -4.4047030246        6               0.0
304      160.47591     -  160.67037      -4.97792371336        12               0.19446
305      160.68032     -  160.73033      -5.16621727737        7               0.05001
306      160.74033     -  160.78056      -5.23439385862        11               0.04023
307      160.79032     -  160.91037      -5.07824699581        5               0.12005
308      160.92037     -  161.02037      -5.16621727737        7               0.1
309      161.03061     -  161.03061      -5.33775365395        0               0.0
310      161.04037     -  161.09032      -5.28972621778        10               0.04995
311      161.10037     -  161.10037      -5.23439385862        11               0.0
312      161.11037     -  161.15036      -5.07824699581        5               0.03999
313      161.16032     -  161.17037      -5.16621727737        7               0.01005
314      161.18037     -  161.20176      -5.23439385862        11               0.02139
315      161.21032     -  161.23054      -5.16621727737        7               0.02022
316      161.24036     -  161.36032      -5.23439385862        11               0.11996
317      161.37033     -  161.39046      -5.16621727737        7               0.02013
318      161.40032     -  161.50037      -5.23439385862        11               0.10005
319      161.51032     -  161.56032      -5.16621727737        7               0.05
320      161.57041     -  161.78032      -5.07824699581        5               0.20991
321      161.79037     -  161.89032      -4.97792371336        12               0.09995
322      161.90041     -  161.93032      -5.23439385862        11               0.02991
323      161.94032     -  162.08032      -5.07824699581        5               0.14
324      162.09041     -  162.11037      -5.16621727737        7               0.01996
325      162.12036     -  162.13032      -5.23439385862        11               0.00996000000001
326      162.14032     -  162.15037      -5.07824699581        5               0.01005
327      162.16032     -  162.22032      -5.23439385862        11               0.06
328      162.23055     -  162.29036      -5.16621727737        7               0.05981
329      162.30037     -  162.33037      -5.07824699581        5               0.03
330      162.34041     -  162.35032      -4.92285558418        9               0.00991000000002
331      162.36032     -  162.39037      -5.07824699581        5               0.03005
332      162.40032     -  162.42037      -5.16621727737        7               0.02005
333      162.43032     -  162.43032      -5.33775365395        0               0.0
334      162.44032     -  162.47032      -5.16621727737        7               0.03
335      162.48032     -  162.53032      -5.07824699581        5               0.05
336      162.54036     -  162.59032      -5.16621727737        7               0.04996
337      162.60032     -  162.60032      -5.23439385862        11               0.0
338      162.61037     -  162.64037      -5.28972621778        10               0.03
339      162.65037     -  162.78056      -5.23439385862        11               0.13019
340      162.79032     -  162.79032      -5.16621727737        7               0.0
341      162.80037     -  163.10037      -5.28464315877        4               0.3
342      163.11037     -  163.12035      -5.39579857332        15               0.00998000000001
343      163.13032     -  163.47032      -5.33775365395        0               0.34
344      163.48054     -  163.48054      -5.16621727737        7               0.0
345      163.49032     -  163.50037      -4.92285558418        9               0.01005
346      163.51035     -  163.51035      -5.24038574993        2               0.0
347      163.52037     -  163.54037      -5.39579857332        15               0.02
348      163.55037     -  163.55037      -5.28464315877        4               0.0
349      163.56032     -  163.58037      -5.39579857332        15               0.02005
350      163.59032     -  163.62032      -5.28464315877        4               0.03
351      163.63032     -  163.67037      -5.39579857332        15               0.04005
352      163.68032     -  163.68032      -5.28464315877        4               0.0
353      163.69032     -  163.71032      -5.39579857332        15               0.02
354      163.72037     -  163.77032      -5.28464315877        4               0.04995
355      163.78037     -  163.78037      -5.39579857332        15               0.0
356      163.79032     -  163.79032      -5.46938446291        14               0.0
357      163.80037     -  163.90037      -5.16621727737        7               0.1
358      163.91037     -  163.96037      -5.23439385862        11               0.05
359      163.97037     -  164.02037      -5.28972621778        10               0.05
360      164.03037     -  164.15032      -5.23439385862        11               0.11995
361      164.16032     -  164.20037      -5.28972621778        10               0.04005
362      164.21032     -  164.22037      -5.23439385862        11               0.01005
363      164.23037     -  164.26032      -5.46938446291        14               0.02995
364      164.27037     -  164.40036      -5.28464315877        4               0.12999
365      164.41032     -  164.48032      -5.39579857332        15               0.07
366      164.49037     -  164.59037      -5.28464315877        4               0.1
367      164.60037     -  164.64032      -5.39579857332        15               0.03995
368      164.65032     -  164.75037      -5.28464315877        4               0.10005
369      164.76037     -  164.78032      -5.23439385862        11               0.01995
370      164.79037     -  164.97037      -5.28972621778        10               0.18
371      164.98037     -  165.00032      -5.23439385862        11               0.01995
372      165.01037     -  165.05037      -5.28972621778        10               0.04
373      165.06127     -  165.13032      -5.23439385862        11               0.06905
374      165.14032     -  165.16037      -5.16621727737        7               0.02005
375      165.17032     -  165.30036      -5.23439385862        11               0.13004
376      165.31037     -  165.32037      -5.28972621778        10               0.00999999999999
377      165.33037     -  165.35037      -5.23439385862        11               0.02
378      165.36036     -  165.39037      -5.16621727737        7               0.03001
379      165.40031     -  165.40031      -4.92285558418        9               0.0
380      165.41037     -  165.49036      -5.07824699581        5               0.07999
381      165.50032     -  165.52037      -5.16621727737        7               0.02005
382      165.53059     -  165.53059      -4.92285558418        9               0.0
383      165.54032     -  165.55032      -5.24038574993        2               0.00999999999999
384      165.56037     -  165.56037      -4.92285558418        9               0.0
385      165.57037     -  165.58032      -5.24038574993        2               0.00995
386      165.59047     -  165.61032      -5.16621727737        7               0.01985
387      165.62037     -  165.62037      -4.92285558418        9               0.0
388      165.63037     -  165.67037      -4.68851881533        8               0.04
389      165.68032     -  165.72037      -4.92285558418        9               0.04005
390      165.7305     -  165.7506      -4.68851881533        8               0.0201
391      165.76037     -  165.80037      -4.92285558418        9               0.04
392      165.81036     -  165.82032      -5.24038574993        2               0.00996000000001
393      165.83032     -  165.88032      -4.68851881533        8               0.05
394      165.89053     -  165.91032      -4.92285558418        9               0.01979
395      165.92074     -  165.96037      -5.24038574993        2               0.03963
396      165.97032     -  166.03036      -4.97792371336        12               0.06004
397      166.04037     -  166.06127      -4.82846882499        1               0.0209
398      166.07031     -  166.28037      -4.68851881533        8               0.21006
399      166.29037     -  166.36033      -4.82846882499        1               0.06996
400      166.37037     -  166.37037      -4.68851881533        8               0.0
401      166.38037     -  166.39037      -5.07824699581        5               0.00999999999999
402      166.40037     -  167.80032      -4.56089704704        13               1.39995
403      167.81037     -  167.83038      -4.92285558418        9               0.02001
404      167.84032     -  168.00033      -4.68851881533        8               0.16001
405      168.01032     -  168.02037      -4.82846882499        1               0.01005
406      168.03056     -  168.16037      -4.68851881533        8               0.12981
407      168.17037     -  168.17037      -4.92285558418        9               0.0
408      168.18037     -  168.23037      -5.07824699581        5               0.05
409      168.24032     -  168.25037      -5.16621727737        7               0.01005
410      168.26037     -  168.27032      -5.24038574993        2               0.00995
411      168.2806     -  168.29032      -5.07824699581        5               0.00972000000002
412      168.30032     -  168.38036      -5.16621727737        7               0.08004
413      168.39037     -  168.44037      -5.23439385862        11               0.05
414      168.45177     -  168.46036      -5.16621727737        7               0.00859
415      168.47037     -  168.47037      -4.92285558418        9               0.0
416      168.48037     -  168.48037      -5.24038574993        2               0.0
417      168.49032     -  168.49032      -5.07824699581        5               0.0
418      168.50037     -  168.51037      -5.16621727737        7               0.00999999999999
419      168.52037     -  168.54032      -5.23439385862        11               0.01995
420      168.55037     -  168.55037      -5.07824699581        5               0.0
421      168.56032     -  168.69037      -5.16621727737        7               0.13005
422      168.70037     -  168.72032      -5.07824699581        5               0.01995
423      168.73032     -  168.74032      -5.16621727737        7               0.00999999999999
424      168.75032     -  168.76036      -5.24038574993        2               0.01004
425      168.77037     -  168.77037      -4.92285558418        9               0.0
426      168.78032     -  168.78032      -5.24038574993        2               0.0
427      168.79032     -  168.80032      -5.07824699581        5               0.00999999999999
428      168.81037     -  168.82032      -5.23439385862        11               0.00995
429      168.83037     -  168.83037      -5.16621727737        7               0.0
430      168.84047     -  168.87032      -4.92285558418        9               0.02985
431      168.88037     -  168.91037      -4.56089704704        13               0.03
432      168.92036     -  168.95175      -4.92285558418        9               0.03139
433      168.96037     -  168.97032      -5.07824699581        5               0.00994999999998
434      168.98054     -  169.00036      -4.56089704704        13               0.01982
435      169.01037     -  169.01037      -4.92285558418        9               0.0
436      169.02037     -  169.03037      -5.24038574993        2               0.00999999999999
437      169.04036     -  169.04036      -5.07824699581        5               0.0
438      169.05032     -  169.26036      -5.16621727737        7               0.21004
439      169.27032     -  169.27032      -5.07824699581        5               0.0
440      169.28037     -  169.30032      -5.23439385862        11               0.01995
441      169.31037     -  169.33037      -5.16621727737        7               0.02
442      169.34043     -  169.38032      -5.23439385862        11               0.03989
443      169.3904     -  169.52032      -5.28972621778        10               0.12992
444      169.53032     -  169.59037      -5.23439385862        11               0.06005
445      169.60037     -  169.60037      -5.16621727737        7               0.0
446      169.61033     -  169.67081      -5.23439385862        11               0.06048
447      169.68031     -  169.68031      -5.16621727737        7               0.0
448      169.69037     -  169.70032      -5.23439385862        11               0.00995
449      169.71037     -  169.74033      -5.16621727737        7               0.02996
450      169.75036     -  169.76037      -5.33775365395        0               0.01001
451      169.77032     -  169.78037      -5.16621727737        7               0.01005
452      169.79037     -  169.88033      -5.33775365395        0               0.08996
453      169.89036     -  169.89036      -5.16621727737        7               0.0
454      169.90037     -  169.92082      -5.24038574993        2               0.02045
455      169.93036     -  169.94037      -5.33775365395        0               0.01001
456      169.95178     -  169.95178      -5.16621727737        7               0.0
457      169.96037     -  169.97036      -5.07824699581        5               0.00998999999999
458      169.98059     -  170.01033      -5.23439385862        11               0.02974
459      170.02032     -  170.03037      -5.16621727737        7               0.01005
460      170.04032     -  170.09043      -5.23439385862        11               0.05011
461      170.10037     -  170.10037      -5.28972621778        10               0.0
462      170.11037     -  170.26037      -4.97792371336        12               0.15
463      170.27032     -  170.33036      -5.23439385862        11               0.06004
464      170.34048     -  170.36037      -5.28972621778        10               0.01989
465      170.37033     -  170.38032      -5.23439385862        11               0.00999000000002
466      170.39037     -  170.42032      -5.16621727737        7               0.02995
467      170.43037     -  170.52032      -5.23439385862        11               0.08995
468      170.53037     -  170.57032      -5.07824699581        5               0.03995
469      170.58032     -  170.63032      -5.23439385862        11               0.05
470      170.64032     -  170.65037      -5.28972621778        10               0.01005
471      170.66038     -  170.77036      -5.23439385862        11               0.10998
472      170.78033     -  170.81037      -5.28972621778        10               0.03004
473      170.82033     -  170.89036      -5.23439385862        11               0.07003
474      170.90033     -  170.94037      -5.07824699581        5               0.04004
475      170.95032     -  170.96037      -5.16621727737        7               0.01005
476      170.97036     -  170.98054      -5.23439385862        11               0.01018
477      170.99036     -  171.00032      -5.16621727737        7               0.00995999999998
478      171.01036     -  171.03032      -5.23439385862        11               0.01996
479      171.04037     -  171.04037      -5.16621727737        7               0.0
480      171.05036     -  171.06037      -4.92285558418        9               0.01001
481      171.07036     -  171.07036      -5.24038574993        2               0.0
482      171.08037     -  171.10037      -5.33775365395        0               0.02
483      171.11037     -  171.11037      -4.92285558418        9               0.0
484      171.12033     -  171.50032      -5.33775365395        0               0.37999
485      171.51032     -  171.62037      -5.28972621778        10               0.11005
486      171.63032     -  171.67037      -5.33775365395        0               0.04005
 
Means and total domain of each hidden state
---------------------------------------
0th hidden state
total number with this hidden state =  26
mean =  [-5.33775365]
total time_domain =  1.65891

1th hidden state
total number with this hidden state =  25
mean =  [-4.82846882]
total time_domain =  1.91535

2th hidden state
total number with this hidden state =  37
mean =  [-5.24038575]
total time_domain =  0.33025

3th hidden state
total number with this hidden state =  5
mean =  [-4.16877326]
total time_domain =  0.78795

4th hidden state
total number with this hidden state =  24
mean =  [-5.28464316]
total time_domain =  2.23997

5th hidden state
total number with this hidden state =  49
mean =  [-5.078247]
total time_domain =  1.8738

6th hidden state
total number with this hidden state =  8
mean =  [-4.40470302]
total time_domain =  1.13435

7th hidden state
total number with this hidden state =  82
mean =  [-5.16621728]
total time_domain =  2.34522

8th hidden state
total number with this hidden state =  33
mean =  [-4.68851882]
total time_domain =  1.74134

9th hidden state
total number with this hidden state =  54
mean =  [-4.92285558]
total time_domain =  0.79614

10th hidden state
total number with this hidden state =  25
mean =  [-5.28972622]
total time_domain =  1.59105

11th hidden state
total number with this hidden state =  61
mean =  [-5.23439386]
total time_domain =  2.31207

12th hidden state
total number with this hidden state =  18
mean =  [-4.97792371]
total time_domain =  2.12278

13th hidden state
total number with this hidden state =  8
mean =  [-4.56089705]
total time_domain =  1.89967

14th hidden state
total number with this hidden state =  5
mean =  [-5.46938446]
total time_domain =  0.33933

15th hidden state
total number with this hidden state =  27
mean =  [-5.39579857]
total time_domain =  1.43973

